4320,130.323027877711,108.887945312339,93.0446234161942,510.574713719376,11.6825132336188,90.4363092477277,97.6889760732318,76.134859544861,42.8539474443561,7.45577835160955,7.38913132631718,3.29266216645108,7.88804993529317,5321.12588348679,69.8907952979334,789.915758754585,7.06997313195489,1.0000354,1,0,
4321,132.116380297951,111.288334208049,95.8936914459466,501.634870049422,11.6131717949217,93.7197842989879,98.0709025664097,76.0945108847422,42.9824154143699,7.45480084755471,7.38770335313239,3.18445918410405,7.9381253953695,5167.69271705802,67.9115044826998,791.958989781019,7.07046620150303,1.0000354,1,75,
4322,130.594785820566,109.613511821037,94.1056136474716,505.695261160642,11.7013134382236,90.8329037491915,97.7587834516267,75.7134175852179,42.997757444908,7.45443449698862,7.38742357008811,3.0131980224769,7.88383603316349,5179.63941557905,68.4111162958561,787.584344627618,7.06911288387058,1.0000354,1,75,
4323,129.22255764902,108.258824009188,92.7638904493126,509.708609213073,11.7853060829075,88.84253933138,97.536309484003,75.7089191123823,42.9921938550319,7.45516716601561,7.38735885495144,2.8155020912381,7.7609975396461,5175.00174514215,68.3539245549177,787.982401292482,7.0691171344227,1.0000354,1,75,
4324,128.912297266542,108.145323290781,92.795820786957,518.546442056692,11.9204423481636,86.1066618064029,97.2061177233617,76.179758215939,42.9109668906913,7.4569142987474,7.38806244660727,2.59193627408508,7.56439399695877,5158.31227851698,67.712373986476,785.992670071636,7.07013794606691,1.0000354,1,75,
4325,127.943118433322,107.646201806338,92.6441329950889,517.985492594987,11.9454772522079,85.3586436094988,97.1312711304542,76.7749161056913,42.8303317800195,7.45870714946049,7.3887644510453,2.3482909861868,7.3422700204772,5080.94203112722,66.179714532447,784.665828749806,7.07277914575497,1.0000354,1,75,
4326,127.851314820858,107.852527683284,93.0708154511647,522.882123485151,12.0275805399901,83.6503067437167,96.9213066776592,77.4512404601609,42.7427979784077,7.46103442726929,7.38954061783736,2.10167963042262,7.08510278617833,5050.41257204233,65.2076395682796,791.458709108291,7.07459526216574,1.0000354,1,75,
4327,127.147416626903,107.47568725793,92.935713376516,522.680688883198,12.054489344494,83.1153640762112,96.8632625583649,78.1709138370591,42.6076843306003,7.46152430043317,7.39080474643907,1.85354139183982,6.82349631514398,5013.97947394994,64.1412416439338,783.451078037609,7.07667606896785,1.0000354,1,75,
4328,125.97591548186,106.908125458702,92.8145415285423,517.17054117599,12.0243660697093,83.3703404243018,96.930075174809,78.8909791571603,42.5925902332989,7.46334435252082,7.3908496243704,1.61073293837066,6.54977532756551,4904.81384286604,62.1720492668124,784.200477521233,7.07854416364563,1.0000354,1,75,
4329,125.084007253621,106.256478025801,92.3404781617593,523.319336844263,12.1190049161703,81.8000641658945,96.7235555579583,79.4881587664448,42.5345151761871,7.46466832180291,7.3913339771296,1.40079945533221,6.3261928004179,4879.67153603694,61.3886597923922,779.092926138653,7.07938508614443,1.0000354,1,75,
4330,124.659001939874,106.104765487238,92.3907646309417,529.034492605873,12.2099425552835,80.3738785567057,96.5290108925988,80.3323966079759,42.4173965184526,7.46591365701412,7.39242350114518,1.17789156516358,6.08573900246885,4859.91453920892,60.497566914696,784.28609184029,7.08129821505511,1.0000354,1,75,
4331,123.655367259152,105.660877907843,92.3606031699194,522.905396685869,12.1722983619962,80.5639430074904,96.597095815821,81.2034370977158,42.3561865992378,7.46846081422935,7.39294379838484,0.947686601167233,5.83778156638981,4764.4059731136,58.6724668732972,785.530260302402,7.08346089603699,1.0000354,1,75,
4332,123.257125144665,105.618630348839,92.5814820214902,532.005080159623,12.3012295763796,78.7551105576271,96.3337803647649,82.0896116848838,42.2533253424111,7.46969182213187,7.39389271707545,0.717573224470757,5.57565070366951,4721.11461837156,57.5117182487649,782.438426215708,7.08508619167047,1.0000354,1,75,
4333,122.038019327997,105.071370167525,92.5308033967419,533.036974714066,12.3423251685378,77.97939913424,96.2454591694691,83.3534555794747,42.1710089408945,7.47235179111711,7.39463269892581,0.424633973446376,5.19464363410837,4611.20585184759,55.321112001781,782.069796151076,7.08778419833312,1.0000354,1,75,
4334,120.886050016612,104.29554351303,92.0329952277726,536.590512980936,12.4118530983829,76.9461264627494,96.103166769456,84.2072462872159,42.08919284402,7.47414913999093,7.39536909044546,0.253882742186189,4.95944618606401,4555.16310576015,54.0946688866098,783.29475952468,7.09011774721891,1.0000354,1,75,
4335,119.926468011076,103.688868186276,91.6871639679447,541.651747400106,12.4989471229611,75.6916359722261,95.9210104323092,85.3234741832651,41.9930514024357,7.47645372131098,7.39625606443546,0.0703529481534897,4.72911594199404,4517.36503851544,52.9439885301981,784.39609278035,7.09252721810007,1.0000354,1,75,
4336,118.019434694734,101.961358159391,90.0923450680494,552.050073538776,12.646886072208,73.9061326313252,95.630983183802,86.6143105195788,42.0382499112481,7.47891041357724,7.3956851019956,-0.118032764170252,4.49283269304893,4535.00737646126,52.3586385350968,777.194336474279,7.09525912115267,1.0000354,1,75,
4337,111.796464761797,96.422258298515,85.0587143908717,597.905565333503,13.2035522725225,67.3218330877566,94.2994710031846,89.4193037606439,42.0813920262411,7.487199596505,7.3951399461846,-0.394690288344635,3.88446657262971,4482.48468829761,50.1288256537565,772.864759471534,7.10002441238631,1.0000354,1,75,
4338,108.093170600917,93.059464270886,81.947594374776,619.174635220307,13.4813050377362,64.1158358531789,93.5246161546033,93.7298766769421,41.968291647893,7.49120037565623,7.39621660232624,-0.537429666655772,3.48271233121511,4594.50712929293,49.0185978279773,775.403988338699,7.10612193617516,1.0000354,1,75,
4339,102.386308501124,88.056641932243,77.4651492508966,638.120472106093,13.731444391742,61.4788458828454,92.8024135041731,98.7284244369444,42.1591550331887,7.49428008761994,7.39416505940231,-0.779530695659705,2.86451545580369,4612.89015621324,46.723020067634,765.88853812031,7.11000780597684,1.0000354,1,75,
4340,91.7764788334935,78.0693319577484,67.9379625278498,640.124211221868,13.7794911557908,61.1516543641678,92.7600006445467,98.3809696483764,42.683176837617,7.49667867377077,7.38873207935624,-0.945935607696245,2.1636300096373,4396.96477855654,44.693244987031,742.262236186887,7.1120933675379,1.0000354,1,75,
4341,69.840355154965,55.8589456959217,45.5248604435853,655.793250554295,13.9193274555481,58.3582505770378,91.9329278368056,82.9904502609793,43.6828845895106,7.50238620634273,7.37862213926586,-0.947302673293573,1.46464302378077,3783.32715138734,45.587500001385,668.697934327727,7.11001456944523,1.0000354,0.99039346130812,75,
4342,51.2789586375906,37.8499353030448,27.9241354470761,635.953852436074,12.496074595646,55.1356100332668,90.7826540689911,73.5194955658123,44.1720607558329,7.50565213574143,7.37372068690422,-0.930112711479736,0.775860683854414,3219.1541150213,43.786401011683,549.200444561209,7.09989439321289,1.0000354,0.833931588449211,75,
4343,49.382307297148,36.5286029440936,27.0280388570533,698.694356320657,13.0515214217641,52.6741893212278,89.6869573834339,75.4923168563646,46.2025587710833,7.50354020852388,7.3538555123747,-1.07499938014623,0.524033220857625,3163.92283023621,41.9105276137709,535.941214998823,7.09082082365039,1.0000354,0.799844856270209,75,
4344,48.8565416763299,36.4615337013642,27.300006067694,733.802387794046,13.5316159898214,52.1141443498767,89.3345629830647,78.5332614341168,49.2441116745642,7.49764619823531,7.32506000928308,-1.20588259113379,0.373895534041943,3173.91481147176,40.4149115102576,538.447631854552,7.08600960715012,1.0000354,0.798844318438245,75,
4345,54.1688335432741,42.5876371957618,34.0276225041222,1066.14163554661,18.7020946665191,52.2088459936102,90.2098383785185,95.3187439431234,53.0870504285935,7.53322545897148,7.29004964583445,-1.33471991769829,0.186064584082747,3599.37053578287,37.7614138299033,574.66997761128,7.0868297880974,1.0000354,0.88515003475165,75,
4346,71.3050470100073,61.139556744312,53.6259335044502,1555.21485673035,27.020021079612,63.0203148338594,95.315484544019,131.78238948576,54.6766633245121,7.63957450567601,7.27292844883723,-1.52538563409117,0.128194728077104,4367.9788664819,33.145391304002,571.88440433741,7.14298922570954,1.0000354,0.991664401044907,75,
4347,85.6074051527955,75.6357068255599,68.2653211054292,1753.67328783523,30.5346542101581,77.7860190045157,97.8671004634697,151.232486339141,52.384473809609,7.68970174402266,7.28531836368922,-1.53360489975809,0.407565844034462,4917.10005205811,32.5135172414706,558.99086012367,7.20974798685609,1.0000354,0.999946948619735,75,
4348,93.4051322218277,83.5123774626612,76.2003413363207,1831.19791808321,31.9843168620368,77.6636857502047,97.9386027915123,158.093334855042,49.3313724029901,7.70422743917931,7.30360700447915,-1.48715504923778,0.652393856287462,5099.47686019742,32.256115445178,578.450610101922,7.25767469941488,1.0000354,1,75,
4349,96.8309710332576,86.6772084527445,79.1722535019305,1817.64759992182,31.8102725505021,81.6912621819424,98.3098465265005,159.181200304063,47.1039861905139,7.70690909495377,7.31472713431308,-1.45716745210859,0.799603311495734,5270.03623406697,33.1071522516498,591.754534459735,7.28787335208638,1.0000354,1,75,
4350,98.2768633774901,88.0807945134144,80.5445697008366,1820.02708787763,31.9042325322324,78.4093719942371,98.0596487666349,158.933354759762,45.0935507939226,7.71110250469266,7.32401824358776,-1.46540399416514,0.865053192462915,5283.75451920945,33.2450952614458,599.51846531504,7.30497729865019,1.0000354,1,75,
4351,98.3634548816555,88.1740182149836,80.6426954613566,1808.68059501902,31.7490242874796,74.2407871664027,97.7032421982523,157.692761412106,42.8089347238088,7.71819345621918,7.33663183788588,-1.46071299316756,0.912161496927042,5239.10079945184,33.2234704531571,605.75687390949,7.31898474218738,1.0000354,1,75,
4352,98.6144748697428,88.3855387718739,80.8250207864926,1767.89892143458,31.0661997314924,74.3957984022413,97.712062442371,155.5464547891,41.0362284872263,7.71483662792455,7.3449024608791,-1.46487314474391,0.933177732751659,5187.82603506982,33.3522614970802,616.276454657576,7.3275203875668,1.0000354,1,75,
4353,98.250598273494,88.015220209677,80.4499407712036,1777.26591352382,31.2668321681045,70.0944523350382,97.2626736834416,155.766430558821,39.3609870959579,7.71905030754689,7.35288078920279,-1.4777537173201,0.934488327305517,5198.43452722548,33.3732660405442,622.482564057971,7.33452301475616,1.0000354,0.999703131584678,75,
4354,99.6488753516053,89.6079137628726,82.1863334581571,1812.13092665737,31.9311013198794,66.1768702200798,96.8130218608827,158.194952506028,38.1559637267146,7.72733626403493,7.35607688884578,-1.50540105407745,0.914041680331727,5179.20080842266,32.7393556265665,634.130340324205,7.34255025547503,1.0000354,0.999678482548441,75,
4355,101.307968496773,91.4078769077663,84.090417907196,1825.21453873702,32.2139508846188,66.1404507734159,96.886985462153,160.333472307313,37.2255269284469,7.73592653878773,7.35624665217313,-1.5411059353785,0.90692031526955,5175.57054086396,32.2800377636922,647.025324582043,7.35304742288643,1.0000354,0.999678021983944,75,
4356,102.743817329489,92.9393405019485,85.6925532815928,1796.79334365207,31.7511170657582,71.2474863152304,97.5473610293325,160.95374674008,36.0292793753336,7.73725749958896,7.35969915567341,-1.5310606942758,0.929132406749788,5145.41415512522,31.9682782124631,647.86154783369,7.36383988894537,1.0000354,0.999849310706144,75,
4357,106.959041391278,96.98064160311,89.6053026292463,1712.64701956515,30.2835297104764,80.4881684648446,98.3465102032212,158.426656859775,35.0215237794329,7.72348052156962,7.36119258351866,-1.44078913575133,1.19433693817348,5154.46956435976,32.5353678890166,649.599232232404,7.36635347859016,1.0000354,1,75,
4358,106.828006843108,96.6573469252155,89.1399026380774,1645.20325995341,29.1120574729419,79.8961254855338,98.2291324035284,153.183469291258,34.4669410975194,7.70455664358621,7.35738747529708,-1.42185662015162,1.27781979245145,5079.90810118196,33.1622473670653,649.876936520144,7.3593778249543,1.0000354,1,75,
4359,106.78257799092,96.5454386767375,88.9788574445159,1678.30755771975,29.6841215006162,72.7664985149089,97.5588652472408,152.728380289015,33.9776071217136,7.70495873139025,7.35321616179726,-1.42900430059588,1.30432574405951,5097.92194016931,33.3790087377491,651.732395568434,7.35080255076342,1.0000354,1,75,
4360,108.729521114404,98.7251781318019,91.3306637533572,1759.012427734,31.1176548149368,64.7513150359276,96.6110614484832,155.836249019989,33.4118488252096,7.71726373483597,7.35022926904779,-1.45773895591798,1.28403966411228,5083.37185776641,32.6199577424017,668.38017372318,7.35168433318195,1.0000354,1,75,
