4320,114.165686521854,91.2230814431818,74.2655037763375,494.390889821721,11.4892262425759,89.4976051616501,97.591888725082,71.627706951695,43.9964541352559,7.46083735476988,7.39938001372122,3.87261441627226,7.88061487784857,5358.1960429701,74.8061926173851,787.146880602936,7.10004631001187,1.0000354,1,0,
4321,113.507383636528,90.5124305867586,73.5161609412766,484.738782683116,11.4063208245168,91.4844234787152,97.8374159120453,71.0844020094121,44.0261154911832,7.45964813121886,7.39894623447821,3.79881749208638,7.86398754024818,5329.68649094461,74.9768773498147,786.539130608142,7.09998037940066,1.0000354,1,75,
4322,113.00589047844,89.9891886709167,72.97684385666,491.0102829971,11.5278781477119,89.3063466927506,97.5915187477832,70.9964984726722,44.0219749452712,7.45919635023255,7.39885243533594,3.60685075296898,7.78661100801027,5328.13037258208,75.0477909080681,788.131169595791,7.09947587902715,1.0000354,1,75,
4323,112.094641138214,89.268704675501,72.397360333496,491.297829716281,11.5694610765019,88.4812830921421,97.5091119327408,71.2952790582481,44.0218086091656,7.46002548419169,7.39872433557243,3.41275211502843,7.67281755436092,5306.20713176327,74.4257852953785,783.180680052292,7.10000238287358,1.0000354,1,75,
4324,112.151069071763,89.3999293063839,72.5838694797995,495.399950354806,11.6578339135327,87.031686380934,97.3432001136847,71.5849338674255,43.9761914916471,7.46074514675821,7.39904818109118,3.17136728230923,7.51760426099938,5310.30674222842,74.1819047016659,786.345944234947,7.10053171111204,1.0000354,1,75,
4325,110.936350408696,88.3515330287129,71.6584071391599,496.98721467452,11.7127010699857,85.9569937414466,97.2264828864512,71.9018912164534,43.9218338076998,7.46235025787627,7.39946181924641,2.92294713049984,7.30073347136457,5294.82631475557,73.6395973065025,784.393783211924,7.10170264340349,1.0000354,1,75,
4326,110.503169978552,88.2143549308743,71.7400133738951,504.005012274437,11.8317381090971,84.092080014805,96.9959489571371,72.3821296439908,43.8207737148782,7.46405947824322,7.40033999577032,2.72490429193599,7.10951499212549,5260.33204855332,72.6744581076309,780.065040682754,7.1033920134085,1.0000354,1,75,
4327,109.394868156303,87.4139580394027,71.1671983877807,505.681768935592,11.883902205743,83.12254258469,96.88306931429,72.5619540438734,43.7180219051523,7.46548090377939,7.40123828941129,2.42989939126221,6.83403045504446,5200.55221937444,71.6705095376844,778.82105840474,7.10548770021597,1.0000354,1,75,
4328,106.330339982944,84.9239236637591,69.1017898626228,520.174559687504,12.0742724424311,79.7520659452723,96.4175020820262,72.9021410069307,43.5106807517907,7.4703275481234,7.40317980455646,2.07696443877712,6.31929959524878,5088.37455424762,69.797326717248,781.943890367429,7.10819045361637,1.0000354,1,75,
4329,104.417204124465,83.6465001300332,68.2942406558878,512.786161798676,12.0254216998166,79.8532023562992,96.480702737717,73.6673893238181,43.2977798934935,7.4736105080431,7.40518488265467,1.8253230090479,5.91922208717134,4989.08976099939,67.7245360096713,768.135758420062,7.11227420512955,1.0000354,1,75,
4330,102.060681219814,81.7758641051393,66.782738411684,510.533202460231,12.0314337975534,79.429566270026,96.4502349003491,74.4639515069166,43.140501783948,7.4758275446695,7.40663772397233,1.54620816977175,5.47715025521767,4925.06534473696,66.1402631081094,765.201022749891,7.11439159862656,1.0000354,1,75,
4331,99.6602133572397,79.9196762032261,65.3288443937379,507.744107870876,12.0314844896805,79.2490627450101,96.4474084181348,75.1133234166136,42.9745660911324,7.47661405882424,7.40818107059026,1.26157844044525,4.98319443116334,4834.71374750816,64.3655949117386,754.013320247188,7.11627234513411,1.0000354,1,75,
4332,96.4775626449032,77.3399092388488,63.1946871561129,499.744727256796,11.9740586518188,79.7714841846541,96.5643250239484,75.67720820146,42.9190140023633,7.47835293352784,7.40861025921333,1.02358730329252,4.52347760638096,4722.24601606202,62.3998443955669,747.517765118563,7.11748707231757,1.0000354,1,75,
4333,94.4558492208212,75.657845145056,61.7636682194905,500.474966920301,12.0121382799597,79.3777767844174,96.5243360784316,77.6364145911499,42.9056727391689,7.47871973516933,7.40861211111295,0.878858039548053,4.27924902292527,4758.52145416657,61.2923906806615,742.2810984853,7.11819533840962,1.0000354,1,75,
4334,90.5849823147538,72.2276210545928,58.6591366449086,523.073316597457,12.2915550437748,76.0298234138373,95.9899116293736,78.9563592248495,43.0452693430734,7.47994038305362,7.40707152591955,0.63073608959441,3.89653570909804,4725.98338636609,59.8556396566815,741.369032762473,7.11866333453589,1.0000354,1,75,
4335,84.2265373461833,66.3311033195732,53.1040433868615,542.432800508004,12.5371557607832,73.1123693848637,95.490911938649,80.3086494564026,43.2283987820601,7.48322585760589,7.40510525823789,0.424382878693727,3.4078519143828,4685.96866540158,58.3494890914018,724.951074328842,7.11983460182624,1.0000354,1,75,
4336,77.2078116955928,59.7918497908954,46.9191822961191,553.660740791773,12.682144582764,71.4552147088887,95.191747734094,81.4778216834181,43.5302666486338,7.48517570453136,7.40197424575251,0.246913381387977,2.88563257558541,4626.81033874434,56.7861320191132,694.109341804466,7.12024725783723,1.0000354,0.998849154621483,75,
4337,71.275222214276,54.4156312087874,41.9541943786437,571.038066078965,12.8486074480343,69.0273079557696,94.6758572359859,83.0909001206786,43.9860405896121,7.48547214782639,7.39735822971716,0.0985664342096135,2.46341740372438,4567.67631447066,54.9720403538379,679.616115721251,7.11889471641312,1.0000354,0.99151665220676,75,
4338,58.9787012085109,42.7335553150475,30.726273567705,546.159533552384,12.3877411757836,70.9283954732737,95.1026059187952,75.3503522286544,44.7741843133429,7.48385985629002,7.38957047745033,-0.0485520586581876,1.88115796943779,3991.20214628009,52.9685930885709,597.7135009676,7.11526381339379,1.0000354,0.966665538158147,75,
4339,45.344276350959,29.3206777677904,17.4771483802311,432.782528826412,8.46805634795215,65.124708868723,93.2993935919084,59.8812399505162,46.3832353240769,7.45533751991042,7.37416746625981,0.07395392327573,1.6550578387785,3128.56846170431,52.2462204237864,437.397689031163,7.0905166860916,1.0000354,0.618279886866454,75,
4340,46.2575566233052,30.3378001088479,18.5710235546837,585.727117456297,8.8133764838492,47.6785829601269,84.92695469793,64.8640373502388,49.696923785135,7.43922233345261,7.34387719567918,-0.144299849250261,1.54002565971179,3366.93878068816,51.9076350814873,461.462942530334,7.05501664935544,0.989751637432924,0.437375661825338,75,
4341,45.0105310032648,29.648008668519,18.2931008558807,664.792608516695,9.82155691169955,46.9212216684812,84.223221966536,67.6803409846298,53.6058741853867,7.43220189464184,7.30991724492346,-0.384494328860857,1.29211084288907,3390.15759325953,50.0907286213205,454.604785501451,7.03709334390928,0.994386178597282,0.437244991573466,75,
4342,44.0327797494031,29.3414281107759,18.4826029865733,791.121450101963,11.7123525102365,49.3523839121444,85.9657626217534,71.6781632872439,58.4262818077904,7.43241347020139,7.27030754921929,-0.613673598197164,0.987126999518906,3433.55053467145,47.9023230675122,453.014879093583,7.02408023544442,1.0000354,0.472527287335073,75,
4343,50.2670669411863,36.7398380905158,26.7414515487159,1444.4719936104,23.6974859895694,51.1332933617845,90.3025381648838,95.9010305978927,62.0726572602584,7.56617983499548,7.24019682264275,-0.917334252354465,0.654393094361045,4229.86915618308,44.1066079249833,550.147623848101,7.05732882451036,1.0000354,0.838882491916727,75,
4344,57.0820777706423,44.8913614628851,35.880832018021,1833.54572626071,31.1809230190184,53.0940943435048,93.1158494317227,124.678663626293,56.1269951745222,7.67635770929302,7.27819567786225,-1.21020654843345,0.336695536430256,4955.82754467811,39.7488022452062,572.782794530192,7.16672868714409,1.0000354,0.960091006760434,75,
4345,60.4786601730986,49.2138004919096,40.8875998579872,1941.12828759333,33.2210509631074,53.9777372684347,94.0974200179555,138.298514564328,50.6494871682934,7.72252918716478,7.31518304105187,-1.384707197293,0.115184972839189,5079.70069401008,36.7299729141148,583.204436688544,7.25717934957725,1.0000354,0.961924090827869,75,
4346,35.3860997080009,23.108219753949,14.0332650053019,758.429791229153,11.4971168494284,66.7210690515601,93.4119957578773,71.6135593184167,62.046173192416,7.41481918079134,7.21934099976729,-1.16704410808498,0.00607206080013079,2866.90606862232,40.033006261777,363.462837007116,7.18108158215492,0.994460902997712,0.47611560237015,75,
4346.46217937403,34.2903155172287,22.1848919675979,13.2374049961316,983.578878072545,14.0297356678937,62.037263653672,92.3171620539222,NaN,75.1388953841495,7.43654190106467,7.13194823219239,-1.18370843641846,-0.0626953306647069,2807.34678121358,39.4706984086368,348.976769980361,7.14112905928658,0.994460902997711,0.446567340752186,75,
