4320,114.759274911122,92.4703937919095,75.9960033994483,498.182807230298,11.5431565761159,89.6779220586341,97.6109319259923,71.9952286015152,43.7664421734653,7.45903142437915,7.39494492750568,3.48281245905863,7.37036023820261,5232.22973499055,72.6746735391356,766.682468638119,7.09697135864293,1.0000354,1,0,
4321,113.608185672552,91.3388140798444,74.878843772191,489.718821790364,11.5196406083208,90.7490729564386,97.7614229940136,71.5142771327578,43.808014726354,7.4571945259286,7.39426731929582,3.27942305088983,7.32976616036294,5192.72755161956,72.6110611728603,769.158083593149,7.09637502982101,1.0000354,1,150,
4322,112.438238663326,90.3433003597151,74.0122590048721,497.750736023033,11.7018297105221,87.6513859440643,97.4142096924569,71.6523265506053,43.8197750483394,7.45731625331094,7.39389416908619,2.89558519216211,7.14055960508366,5161.99894457421,72.0423075296583,767.910083885564,7.09647374347474,1.0000354,1,150,
4323,110.286178821891,88.7043632273768,72.7525864836053,504.712743990412,11.8621515324918,84.7940635845977,97.0858312732069,71.9973293159571,43.7758292437617,7.46025350021742,7.39407917620998,2.41865866604981,6.79467468057212,5066.3966285808,70.3692300355634,762.109909127701,7.09825253763398,1.0000354,1,150,
4324,107.933838885787,86.854104232975,71.2734307939403,516.102599502641,12.0594976748456,81.3234605891528,96.6427725688975,72.6031848268324,43.6224070273981,7.46408012734569,7.39535620950531,1.92631619022269,6.32341891258245,4990.17336057648,68.7321551041964,761.916633810827,7.1013924731977,1.0000354,1,150,
4325,104.443638289694,83.866314453799,68.6569881403113,530.858971849259,12.2918920302796,77.4531082361459,96.1006384763232,73.5481981495882,43.4188074361822,7.47012504401199,7.39714047192531,1.38789965798795,5.68658897953561,4934.64314411713,67.0940045884014,758.11047188584,7.10612396654491,1.0000354,1,150,
4326,101.490684646383,82.0236038648938,67.6348919829234,527.158835861384,12.3247101339419,76.3669196049585,95.9980046857243,75.0410424065308,43.0494750811536,7.47449615975056,7.40060105701046,0.890515627340355,5.04041175383645,4763.15277031465,63.4739686118767,754.860399193543,7.11169660828163,1.0000354,1,150,
4327,94.4860002261579,76.1075978976551,62.5235613939792,544.073426796723,12.5920178129911,72.5317832577067,95.390309699603,76.7629392992059,42.8520801109107,7.48156072941778,7.40234535276141,0.364432053112474,4.13876054664076,4599.96123807511,59.9242457371965,737.802905141348,7.11727181181327,1.0000354,1,150,
4328,82.778584113926,65.4317933609849,52.6102523696805,565.156094811836,12.9135812683486,68.5628469470719,94.6546226130931,79.569068099871,42.8420999140542,7.48777315802383,7.40219943616084,-0.0515314303189989,3.13635224208919,4500.47375298373,56.5605939651696,704.965581778191,7.12248453253617,1.0000354,1,150,
4329,67.4670643249635,51.7646801236866,40.1585700618733,572.590977777581,12.9858463586658,66.2275509908684,94.1915726470161,82.6602804867649,43.212444452469,7.49131723279075,7.39823862417049,-0.444763248358815,1.96179591008384,4232.11339518497,51.1988753275837,654.608931432252,7.12431229929885,1.0000354,0.988458129684097,150,
4330,43.0637334063675,27.9972593486123,16.8611698276629,424.286783236524,8.36283898932252,60.0770159747948,92.1116323830279,61.0635220169132,44.4835983226825,7.47034424762522,7.38544814241674,-0.493534174149671,1.22003785435906,2999.77236359079,49.1254396161414,418.678810530851,7.1075544976094,0.997900254904504,0.602610693102417,150,
4331,42.2701354648299,29.1510108534205,19.4542665754222,550.445499488933,8.33471910199065,46.463896042723,84.503192567548,66.1220741205391,48.1220225174728,7.43902027274136,7.350780187892,-1.03597814712263,0.5601908718756,2828.4346371688,42.7759515228246,448.916288849906,7.06869253852838,0.989884747188146,0.402273470808939,150,
4332,33.6152436859119,22.1718721957334,13.7137280508188,575.223047708009,8.64718766584616,54.7055815285949,88.8526827628334,76.7342228789103,57.2757932618406,7.41049953500525,7.27326719099382,-1.3749769509076,-0.304576602234496,2863.10923447357,37.3120248965272,332.058134938963,7.03776470552903,0.928275447311813,0.391550286705172,150,
4333,46.8904298836573,36.4030384663001,28.6514882882535,1751.58847976176,27.9021872247244,49.9468412868776,90.4364329128918,120.813678496007,66.7421966998524,7.57952286118439,7.20227147994927,-1.61440463603138,-0.390217997610536,4131.22079650628,34.1949756677828,526.36317415493,7.03571067205483,1.0000354,0.754087783605004,150,
4333.3792731807,48.1279553301617,38.8597782269224,32.0093864549629,928.075895487495,17.8064829361353,50.3575336887414,92.838853748314,69.2440512726026,68.5050654281092,7.69909738255293,7.18808927050672,-1.70500303871615,-0.507229384240353,2092.5296238978,30.2196302128518,504.352328575221,7.09268306809588,1.0000354,0.947206368170285,150,
