4320,118.721132493738,97.2625290158913,81.4018220974831,506.528736624406,11.6298339411822,90.6202733725704,97.7051535342808,73.0486514384735,43.3638781457774,7.45516277658744,7.38725891262173,3.15541402964749,7.19070125101947,5111.0305777717,69.9674871079113,756.357257837386,7.07790678425691,1.0000354,1,0,
4321,118.263051354052,96.7014692856779,80.7646477568798,500.93505511478,11.6438352887147,90.8119419425829,97.7506144304964,72.7884121005665,43.3534121015494,7.453512751343,7.38711469227481,2.95019431823632,7.15517473800119,5117.2624433116,70.3032570107649,755.514200194905,7.07717210527464,1.0000354,1,150,
4322,117.264220584295,96.0199813933656,80.3177176435479,501.434677122641,11.728566949047,89.0734390161357,97.5762088032067,73.1037516449138,43.397900121617,7.45427807310312,7.38642882724426,2.62256486906915,7.00757372054654,5063.78979870339,69.2685352634116,755.637178907935,7.07762224758844,1.0000354,1,150,
4323,116.198902229533,95.4507658684851,80.1151868190149,512.823776819768,11.9360579855527,85.3450116342711,97.1355417922549,73.6816049891151,43.3765363388685,7.45619571759739,7.38640854888271,2.11864724927178,6.68156812921752,4984.63075498012,67.6509524421529,752.700280277844,7.07862959950638,1.0000354,1,150,
4324,113.609748659831,93.4824912182762,78.6058226745183,528.007325270725,12.1683550300221,81.0144127524556,96.5772990060049,74.8889506200093,43.2803827596994,7.46192238406764,7.38714131731393,1.55881528316729,6.08010205487565,4914.70175744941,65.626527234797,755.06878001026,7.08263488410501,1.0000354,1,150,
4325,114.739030441508,95.4238215320116,81.1473627728182,534.939781490563,12.3145293066437,78.6339052657858,96.258907690884,76.884767576293,42.9397175718329,7.46511106853954,7.39034363963723,1.17843631271852,5.68710563933422,4842.10872933686,62.978778267516,760.62663807887,7.0871205478495,1.0000354,1,150,
4326,113.446382716031,95.2078584611977,81.7272100989297,529.989203186354,12.331100055067,78.1564854798991,96.2520353261671,78.7785196540808,42.827775639306,7.46835556908017,7.39125078656255,0.715972247269627,5.19416655340577,4684.81377901598,59.4681621282954,754.535110559649,7.09236759710347,1.0000354,1,150,
4327,114.793216277181,97.2468201547737,84.2777447599507,536.856337531974,12.4800988223795,76.168135634124,95.9726715674327,80.4849378898625,42.6605446709769,7.47062803097144,7.39272573106549,0.354950317010338,4.88530596964719,4604.65784146537,57.2114231828879,765.732328736906,7.09568519687385,1.0000354,1,150,
4328,112.888220274974,96.4006552821055,84.2141942004203,546.001545129717,12.6579268498181,73.8348474383578,95.6367179227317,81.6644815322046,42.8070627730905,7.47570472846593,7.39101708472564,-0.0723092333844093,4.49588239577035,4390.20248662411,53.7590198854421,758.13680500979,7.10127130496995,1.0000354,1,150,
4329,103.984244148646,87.8273725292381,75.8853369844586,614.35484806059,13.5365874658655,63.9836404415045,93.4538162871112,83.8344275154527,43.0849078458095,7.48267238458906,7.38799439273825,-0.588651589356699,3.74919350070958,4416.46200804967,52.6807677816565,770.807929914805,7.10623339286915,1.0000354,1,150,
4330,89.246274572857,74.1843512308056,63.0516252823329,775.418552650232,15.6199957534711,53.5264099586736,90.2045172733191,89.5205404427556,43.3181292732794,7.50762158930892,7.38545645561851,-0.982735374297581,2.56633522767214,4396.40760071595,49.1106016448511,762.328306011937,7.11889999581628,1.0000354,1,150,
4331,49.2784687836817,35.6203074466643,25.5251447193037,852.461073528365,15.648568046274,47.9015656904296,88.7148230098593,69.1856734856935,43.2555226181885,7.56027273969945,7.38591339867763,-1.16630442187501,0.813603949323747,3081.08183218395,44.5335237333647,528.574003641471,7.14006054341808,1.0000354,0.855824590914074,150,
4332,46.0791713986907,33.8071931897591,24.7366006005488,750.070397744127,12.9534437707199,46.396176032573,87.4635501946619,73.8258127709066,44.0212782843737,7.53953086980069,7.37774556014092,-1.37847779085738,0.262855869737274,2954.04858667342,40.0137631513832,504.755010669812,7.14240635757556,1.0000354,0.663136106393629,150,
4333,45.9509479902682,34.4841315517581,26.0086585319897,738.036008109088,13.1300118727876,49.2398730731652,88.3392436179365,79.6249152811357,48.8999380937444,7.50345286100981,7.33013779679892,-1.42810701468533,-0.00599641939216911,2977.05367815811,37.3884690193625,510.130592772144,7.12807240164604,1.0000354,0.692400584642032,150,
4334,71.547079819649,62.0535067123767,55.0365178939581,1802.92641727479,32.2740572452399,53.5511490520412,93.8733272557103,142.291415470183,54.1784528105066,7.69739322864099,7.28069704337846,-1.72579254513992,-0.104901043986398,4404.56699803139,30.9545518503495,573.708284862984,7.16696247689602,1.0000354,0.97700929733033,150,
4335,51.2019488407386,39.2899567741321,30.4854408988143,994.453161267875,19.1109255744137,71.4323342430062,95.7906480132349,81.0071442843271,63.3760870391588,7.50068232475829,7.20459969795883,-1.22512623417994,0.233720861069091,3146.31745482323,38.8399996397844,455.660648149363,7.17374630444203,1.0000354,0.969853295961636,150,
4336,49.4429108922164,37.615364138423,28.8732643638801,1474.23350050115,27.0067906095785,55.5946706121971,93.5315523820045,80.0705357882903,78.7570093876114,7.61843168080104,7.09973379407689,-1.25611259829446,0.164415862779346,3087.89290591706,38.5646589662092,429.140591092628,7.16735051295359,1.0000354,0.96938558382732,150,
4337,51.7140689453708,40.2217623397023,31.7274487615995,0,26.8723771615601,78.0584760102053,93.3536642538211,80.1679621594709,85.1749024412319,7.15365702849075,7.05115427688315,-1.27122028723624,0.144762050486401,3004.02034708463,37.4715817412073,428.694884650576,7.13127331178545,1.0000354,0.983065400894479,150,
4338,60.052222199393,49.1339676549839,41.0639534265076,0,17.4742252597061,32.7486808801913,39.8910110798963,104.09174622838,127.638128150023,6.86820639427832,6.85704593209559,-1.45775570049833,0.120614972406972,3705.64943170155,35.5998392376979,739.765302760363,6.87994498422409,0.933487831364796,0.624308605894598,150,
4339,52.4801772948146,48.6985436369971,45.9034231073058,0,0,13.4731232002177,9.91811232250239,202,106.490375043727,6.99105345955207,6.91191505181065,0.11028248532299,5.2264932373988,2490.72423112797,12.3303179758811,732.659917869117,6.64462842625286,0.25087417532358,0,150,
4340,1.73094726590109E-06,1.73094726590109E-06,1.73094726590109E-06,0,0,1.10549948625765,5.7216561757041,0,0.609246668990527,9.16348899321381,9.14770679330482,-0.00113303221248318,4.40269131318914,0,0,2.79655417417304E-05,6.66334779995212,0,0,150,
4340.28615720045,1.19492717692386E-07,1.19492717692386E-07,1.19492717692386E-07,0,0,0.760954856142984,8.85066605759654,0,0.143568678988864,9.79110538578719,9.77554457484441,1.42800966994332,4.40135006012298,0,0,0,6.66317329784974,0,0,150,
