4320,119.327327001624,97.2639910958013,80.9563080349761,505.532802562549,11.6207911800564,90.5445545683838,97.6972995640187,73.7695718996321,43.2793690649142,7.45549825349188,7.39008968913534,3.36561719946119,7.21293838688644,5306.92881078878,71.939265392636,774.193060159684,7.0663168195089,1.0000354,1,0,
4321,120.46215569019,98.5473504297446,82.3494508894151,501.225270420158,11.5876877326647,91.7024316363216,97.8381643390956,74.1574235275309,43.2663466771143,7.45498386041285,7.39015254533019,3.32246975993286,7.21918980830176,5298.91642775508,71.454969383987,784.108226103696,7.06720750374713,1.0000354,1,37.5,
4322,120.024420997503,98.1379320281977,81.9609619204506,500.33410849891,11.595423467234,91.7930062522248,97.853659941328,74.0410584367759,43.3202075241763,7.45465613742876,7.38954761298115,3.2397402795968,7.2101911052226,5283.7655361313,71.3626418596262,782.316884920847,7.0673524699792,1.0000354,1,37.5,
4323,119.710389659369,97.9098366284971,81.7963843882876,499.420869277141,11.6015794813103,91.6585027029458,97.8449717137429,74.0715603460796,43.3323877975976,7.4547391847552,7.38936289597801,3.13835484600261,7.17172153324102,5265.18730936721,71.0824408823985,782.295299915996,7.06731150338649,1.0000354,1,37.5,
4324,119.362865436449,97.7075877460433,81.7015129313954,499.443270054581,11.6183924825618,91.3810951882844,97.8183424116346,74.1983690108267,43.3437438435983,7.45459752812859,7.38918834598406,3.03000159012112,7.10538310479951,5239.05475975143,70.608759054892,781.933904056245,7.06735015905855,1.0000354,1,37.5,
4325,119.11682670995,97.6081296494262,81.7103970394739,501.075797988276,11.6544002996074,90.478211424873,97.7196938874856,74.1884911687624,43.3526556037315,7.45481215077245,7.38903971289176,2.93903892012966,7.04228901534476,5202.89981127196,70.130821227197,781.95675697532,7.06756438415314,1.0000354,1,37.5,
4326,119.381697485767,97.8082703722449,81.8626938100765,505.412644533863,11.7225605800607,88.8746486137802,97.5349087983554,74.3374903227274,43.3102750545241,7.45559875929848,7.38940672676992,2.83420375635329,6.96155982218145,5229.03872897541,70.3418787246403,784.851999688034,7.06769889885999,1.0000354,1,37.5,
4327,119.091812947996,97.7179872679716,81.9199422001273,507.887024225385,11.766529883255,87.9013584233923,97.4234642838872,74.5435115081363,43.289700794814,7.45657731967597,7.38955671459666,2.72075592315587,6.86829480584926,5195.01650759055,69.691062340463,781.492156732483,7.06873466721966,1.0000354,1,37.5,
4328,118.731874437635,97.5607448206796,81.9125185820606,505.970733366374,11.7570308538448,87.9282895088979,97.4358998232129,74.8119287302534,43.2426020350386,7.45708246806383,7.38997349971118,2.60305885950261,6.76881007445328,5164.27908621428,69.0301556698922,778.514493712328,7.06948636183817,1.0000354,1,37.5,
4329,118.274255971838,97.3073039360189,81.809991561718,506.330137913685,11.7744826562698,87.6706055296225,97.4094812133163,75.1369124223667,43.2285808024945,7.4572202821181,7.39005879401186,2.48660897411235,6.67497992222591,5136.69131749365,68.3644183915729,776.260273732514,7.06988538343049,1.0000354,1,37.5,
4330,118.013906190786,97.2766216187523,81.9490634568142,505.977545745709,11.7829933209297,87.3792857713833,97.3827153022034,75.4867422428308,43.2004547927273,7.45806985574756,7.39028621412534,2.36271962124273,6.55966055517032,5104.0790527913,67.6155693190753,775.470634518904,7.07027117208275,1.0000354,1,37.5,
4331,118.362227520909,97.6419967300561,82.3270435368167,512.556614232672,11.872545262757,85.9062917588315,97.1951269596159,75.8436252943816,43.1268929802793,7.45841220046506,7.39097145274655,2.24100814777718,6.43739728995025,5123.99260257071,67.5599641061763,777.554961741164,7.07086176459488,1.0000354,1,37.5,
4332,118.266474365439,97.8235386052464,82.7135426085821,514.264857623682,11.903766539689,85.0741642901476,97.1011435678839,76.1515750008411,43.1156482513537,7.46062128999073,7.39103075949815,2.11715221664425,6.30838622490351,5075.94579442492,66.6558215554814,784.346573734093,7.07227757383135,1.0000354,1,37.5,
4333,117.806025171586,97.6404226268472,82.7354120503014,511.0818849574,11.8789376471339,85.3743999112582,97.150457299846,76.4626318649695,43.0563061213567,7.46090273226359,7.39157451897687,1.99730870041069,6.18011708668611,5027.53690629986,65.7515545002208,778.063232067603,7.07383218183708,1.0000354,1,37.5,
4334,117.307142217393,97.3956325637815,82.6784297763293,507.479898898269,11.8485617469499,85.6549338207266,97.200714161584,76.8108742712542,43.018912963695,7.46185963357352,7.39189714995861,1.8768935646217,6.05820454278219,4986.79733500665,64.9230643749217,774.825653986495,7.07444761316146,1.0000354,1,37.5,
4335,117.089187010795,97.1995037766247,82.4984335600641,506.634716753607,11.8499648174247,85.6453562086371,97.2061724917233,77.1719055125137,43.000104176803,7.4620357272114,7.39203215890945,1.75928907654919,5.93827225434125,5004.74451347346,64.8518975945452,773.100506984321,7.07477590816269,1.0000354,1,37.5,
4336,117.136145073354,97.6463500683693,83.2408494125111,513.771553234613,11.942485447762,84.1666415021954,97.0138765689322,77.6574439331092,42.9628551077071,7.46305458193602,7.39235388614499,1.61932507820882,5.77038843805462,4934.97758828845,63.5480301481366,784.537965466887,7.0755426390381,1.0000354,1,37.5,
4337,116.547222653379,97.3257654798386,83.1186014820044,511.786163062731,11.9309501923673,84.2934435525811,97.0401751833571,77.936077833267,42.9380420940493,7.4634246670125,7.39254943638534,1.5108764445906,5.64711832086169,4884.4950743213,62.6730932594654,777.102093147877,7.07715359532779,1.0000354,1,37.5,
4338,116.122951795438,97.0745082094616,82.9952238198269,509.405311009838,11.91469263357,84.4504692969444,97.0715339185658,78.1256175514427,42.9193237544705,7.46395367362179,7.39268269770352,1.43779175467526,5.56659133440983,4852.30153253589,62.1089686662744,775.367960727634,7.07750497787282,1.0000354,1,37.5,
4339,116.186475287305,97.3119487798191,83.3612117960253,517.502154862591,12.0137750632493,82.8103325432759,96.8503011013053,78.682317347738,42.8561363427261,7.46515846424112,7.39326599214278,1.28221280190056,5.39782981189508,4842.25916190762,61.5418981689008,777.001490928275,7.07785420099533,1.0000354,1,37.5,
4340,115.67130629372,97.0758383789025,83.3313620940374,512.047084763098,11.9650111557329,83.4235121582084,96.9516516393905,79.0081854443525,42.8290702082477,7.46600841829926,7.39348341622938,1.17652858565898,5.27491668082257,4790.42472521876,60.6320053837052,781.296036472899,7.07947514107537,1.0000354,1,37.5,
4341,115.202111000764,96.7823953203211,83.167822860863,510.104489741898,11.953689680265,83.5354825549881,96.9762514629976,79.2471794309586,42.8051174049716,7.46640371355313,7.39366869069341,1.10399967863198,5.19658599675268,4759.50248331419,60.0589512142921,777.087647593557,7.08044462175186,1.0000354,1,37.5,
4342,115.005147068592,96.5309454370077,82.8761007527935,507.83246819439,11.9383907157393,83.8215429330982,97.0200979267211,79.5387491744333,42.7751047979797,7.46605102793403,7.39391507975836,1.02300420146331,5.11678495849028,4791.14437537692,60.2366070010688,775.667807579303,7.08071805371326,1.0000354,1,37.5,
4343,115.107635648659,96.9593900449214,83.5454693812893,517.018426857037,12.0482006159079,81.9697401170333,96.7688939564922,79.9430238944528,42.7402621696949,7.46783031936946,7.39421103344373,0.89656395998314,4.98164712849986,4730.53261846823,59.1738013902734,778.793402361767,7.08123938319383,1.0000354,1,37.5,
4344,114.520300126929,96.6897854842456,83.5107094440015,513.794130821964,12.0232480548239,82.1837537432099,96.8144720016021,80.3250017860448,42.6950488372748,7.46886413757921,7.39461247729738,0.772283319362147,4.84932601567037,4669.92003470296,58.1378142653747,783.539668786832,7.08242525183561,1.0000354,1,37.5,
4345,113.928478771374,96.2963331091484,83.2638776196772,512.811683451584,12.0223276096246,82.1599743693401,96.8198906518341,80.6368454703079,42.6766069643999,7.4692777075618,7.39474162761825,0.696246295568459,4.76749082190354,4635.89420477887,57.4910163925733,776.668682426862,7.08391403200388,1.0000354,1,37.5,
4346,113.778342017539,96.3718648044775,83.506207733954,522.412067841583,12.1357914441987,80.3358756660559,96.5613670540717,81.1699381858776,42.613699121718,7.47115441237413,7.39532411680647,0.552404119302897,4.5990652484966,4606.81659732571,56.755206426007,777.062969583988,7.0842665983997,1.0000354,1,37.5,
4347,113.171633663293,95.9772953925543,83.2684366707038,522.160956664327,12.1429083351331,80.1413028030461,96.5458670107057,81.5522919258892,42.617960864584,7.47227592730054,7.39522279449821,0.490652889704652,4.51963275917182,4572.10777427347,56.0635104949396,780.20404176525,7.08645437643645,1.0000354,1,37.5,
4348,112.717643127693,95.5909792517781,82.9321407347975,523.521551876076,12.1674485396472,79.7254472638741,96.4920594128383,82.0860790345657,42.5574664160485,7.47303266237193,7.39578246731455,0.381785454007404,4.40681259950776,4583.92082322594,55.8428527362805,774.688999178135,7.08749504636469,1.0000354,1,37.5,
4349,111.921947796261,95.2933761922765,83.0026928328096,529.469668026313,12.2421072457259,78.4926477517781,96.3196943025919,82.642111650801,42.5550716102039,7.47576836257216,7.3957507759393,0.257450637480223,4.24264091553806,4480.7547331854,54.2187831806445,778.973077699472,7.08921107118283,1.0000354,1,37.5,
4350,110.461987838837,94.089647752937,81.9883529068371,536.433336489036,12.328017408106,77.3655464462853,96.1443958695088,83.3471931518485,42.5394779097433,7.47688859094372,7.39585518105035,0.15234982443479,4.0857708069245,4449.34987409855,53.3833198916774,775.574190836888,7.09086130228237,1.0000354,1,37.5,
4351,108.714602998873,92.3550996656768,80.2632928541841,549.814800141697,12.4848200564121,75.24888575827,95.8050405828528,84.5052920975898,42.5952833403404,7.480661457413,7.39523365526499,0.0564266481143352,3.8852927595823,4507.63605000104,53.3414646362675,779.160545720081,7.09297027642313,1.0000354,1,37.5,
4352,107.813798527391,91.7865294111037,79.9402870208044,564.213544381131,12.6534210310882,73.1747675573739,95.431275121938,85.8693787524954,42.5217305336831,7.48285945690434,7.39593485962622,-0.0120908495529433,3.76001227969287,4487.37818033265,52.2581884895987,779.403222217826,7.09527638644465,1.0000354,1,37.5,
4353,107.172585448403,91.2724407225198,79.5201598381716,569.811028500605,12.7238061003791,72.4372296262358,95.2915029967511,87.3334133084654,42.4823661944743,7.4833072364935,7.39629076739424,-0.0907088204108173,3.62987279899501,4527.68634346401,51.8436892815815,780.450633867664,7.09739636714721,1.0000354,1,37.5,
4354,106.371665465483,90.626901850895,78.989467874895,579.278484473748,12.8366161822453,71.3961235106522,95.072607520294,88.8228619782005,42.522269594025,7.48294490432826,7.39584001463513,-0.176833464471213,3.49803132088782,4559.90430898165,51.3370567827546,783.286035533926,7.09856584665178,1.0000354,1,37.5,
4355,105.142263686158,89.5234960413198,77.9791895212218,582.935817889769,12.8834209650769,70.9869156496898,95.0058158508262,90.4045378223297,42.7060227052999,7.48449476173488,7.39392799981178,-0.263779542840707,3.36180907655308,4603.96290818753,50.9262368802284,771.055785924171,7.09956425000219,1.0000354,1,37.5,
4356,101.352436210055,86.3860895759897,75.3240072812458,604.776634640396,13.1350345942911,68.2723590706904,94.4190914698441,92.5556946376509,42.8925781439708,7.48760667632777,7.39200077253577,-0.424366604053572,2.94672760464809,4516.62221146624,48.7989661700288,772.895640030959,7.10102164681361,1.0000354,1,37.5,
4357,98.4579735920594,84.1986181536742,73.6590945687808,606.186693879892,13.155720967369,68.1655011273625,94.4133274522712,95.4640873752696,42.9466795253941,7.48886747577433,7.39142528423036,-0.520467018034573,2.58211836990367,4438.48484647916,46.4937650221435,761.110244350521,7.10244001699876,1.0000354,1,37.5,
4358,97.6051831538036,83.7862272079452,73.5722162914412,601.602178906854,13.1072831609471,69.2071389091746,94.6467065408953,98.2528954790415,43.1613503540811,7.48726623495923,7.38923659117956,-0.604226499519716,2.3623454140144,4427.06003828035,45.0578073724524,759.454325046405,7.10166549434232,1.0000354,1,37.5,
4359,96.6400480359329,83.1307546565681,73.1456247674724,594.674425283027,13.0311729360262,70.7858715716822,94.9701470412572,100.5874607277,43.495953346878,7.48398657358551,7.38586306274267,-0.674352015793882,2.23954303694985,4430.68933437994,44.048127891152,759.45895287457,7.09964020405228,1.0000354,1,37.5,
4360,96.6668706453956,83.2967619202815,73.4145076451972,600.401289734527,13.0974175953774,70.7400749655879,94.9315796873405,102.051191225527,43.8342154283271,7.48133920515475,7.38248167374439,-0.725311077678973,2.17879214314697,4448.85077952774,43.5943052315387,756.350832400553,7.09757435673589,1.0000354,1,37.5,
