4320,107.094319458469,84.628421676146,68.023192880516,485.18871923969,11.3542961132783,90.3772703205182,97.7085194610724,68.9708109419486,44.4292107556028,7.46426405744611,7.40114072583291,3.35992935833911,6.67344900619382,5052.239530551,73.251850479232,749.668579765111,7.10417677378641,1.0000354,1,0,
4321,107.060162112677,84.5901547030819,67.9818883568593,484.935119574077,11.3721873770217,90.3489699913352,97.7098230061699,68.9650537768095,44.4643225232052,7.46365631642894,7.40073056368743,3.29810734918379,6.67127431387042,5052.74192322353,73.2652502465327,753.222036348771,7.10388094639379,1.0000354,1,37.5,
4322,106.578480418609,84.2324797302438,67.7158705257997,487.728264301634,11.4285471197868,89.3225655501858,97.5956773221039,68.9939907892528,44.4766826818846,7.46406213601592,7.40054577439603,3.18882760166669,6.61821219033289,5026.96539826634,72.8609164473696,751.107745059456,7.10406352185047,1.0000354,1,37.5,
4323,106.438318979899,84.1461248610158,67.6692857296675,492.75849603582,11.5122234127079,87.6666551671155,97.404631266225,69.0779126717306,44.4396566353477,7.46572425861841,7.40084566354681,3.06561996711521,6.51125790952864,5020.96095248488,72.6854758386418,749.723201631003,7.10472782816994,1.0000354,1,37.5,
4324,105.489885774266,83.2524222321607,66.8160361358217,486.369924594022,11.4468141329596,88.5285099927494,97.5205400970192,69.2233744433785,44.3911237001154,7.46560114601318,7.40126007106675,2.93807267635987,6.3915087758105,5019.18076347938,72.5070224304774,741.045524986019,7.10508400640633,1.0000354,1,37.5,
4325,104.682545849984,82.8084962984642,66.6407205429928,496.965225724985,11.599815973521,86.0426818411022,97.2181068198175,69.4392968628486,44.3382401013749,7.46779170000519,7.40171900865327,2.81117578899245,6.24354707570172,4952.55523503973,71.3220821463912,742.765596015483,7.10627367861338,1.0000354,1,37.5,
4326,104.191614532536,82.4664335673021,66.4086911147379,494.260279077634,11.5814493940208,86.1077456428514,97.2371993011855,69.7070733007893,44.2681631860228,7.46826018958957,7.40234799473224,2.6806275860455,6.09565599842154,4937.8179417111,70.8366842544685,747.544342409076,7.10705641715696,1.0000354,1,37.5,
4327,103.657166035619,82.0675142053779,66.1099454612868,497.50264764353,11.6377804998428,85.2454044866332,97.1309832535699,70.0269376316539,44.1697947871242,7.46888367500269,7.40325658601844,2.55652988797158,5.94375976541202,4929.53091814741,70.3947807067768,742.062479137823,7.10787590395688,1.0000354,1,37.5,
4328,102.408435205257,81.161723080096,65.4576315093245,491.019425853939,11.5704634181988,85.8341191760424,97.2240226729417,70.33949696643,44.1251782099959,7.46976799788144,7.40363793280331,2.42515242960356,5.79659013058502,4872.88108740405,69.2765984625916,739.701779810071,7.10919093784958,1.0000354,1,37.5,
4329,101.993527186055,80.9099264875761,65.3263955365268,490.583319119928,11.5794439228084,85.5473745683661,97.1970907787355,70.6604381423119,44.0633626671164,7.47054727554617,7.40418905640205,2.29868600672219,5.63979078744906,4857.53490781813,68.7447606542565,736.560568164715,7.10982571553976,1.0000354,1,37.5,
4330,101.372164477924,80.4332035683328,64.956580287331,489.466456247354,11.57928234797,85.5523708568471,97.2044717452073,70.9799753222754,44.0374416060273,7.47056150067683,7.40438648147327,2.17160896835077,5.49040343214363,4846.02657977849,68.2731510933293,741.563538989748,7.11015897035477,1.0000354,1,37.5,
4331,100.634830796431,79.8339032028231,64.4593045466785,483.902328105965,11.5210012807757,86.5127009161535,97.3297550039985,71.2864092843212,44.0285790141245,7.46919847733128,7.40441504891444,2.05068876520579,5.3426394174457,4834.86401544657,67.8230824639102,737.626343548115,7.10997182364905,1.0000354,1,37.5,
4332,99.5274796244051,79.0813641141371,63.9690178674172,488.98487713286,11.6004732394115,85.2859588922936,97.1854959518584,71.5733211044045,44.0468544051999,7.47121518125426,7.40417506935736,1.92905122322613,5.19347956192851,4771.52057959233,66.6661893840595,730.843697831872,7.11020651436545,1.0000354,1,37.5,
4333,98.9796865081715,78.6788806404609,63.6739371730225,492.47946161045,11.6582687153306,84.3771345116316,97.0761794423789,71.8624775280943,43.982317578447,7.47260212214329,7.40475047560696,1.80959349087676,5.04321920031931,4756.74954937344,66.1923957118485,734.18673068172,7.11131151823863,1.0000354,1,37.5,
4334,98.3918932852988,78.2350935802724,63.3365894504703,488.268327851794,11.617658034112,84.975739669583,97.1583535526196,72.1213225632864,43.9269780443494,7.47159888292487,7.40523422625114,1.69454775022752,4.89754432397694,4740.0190189439,65.7228521396642,731.486242882102,7.11127522393209,1.0000354,1,37.5,
4335,97.4834178724887,77.4717943092376,62.680594284226,487.114755433521,11.6156575865208,85.0341931646829,97.1733633917713,72.3861169802048,43.9405664109345,7.47174129033511,7.40503535350228,1.57998869496846,4.75571634949177,4723.15748802191,65.2494937573946,734.593216405388,7.11143543240898,1.0000354,1,37.5,
4336,96.3225794038284,76.673859025384,62.1508917891424,481.42269390709,11.5544543433387,85.68632274119,97.2697571708456,72.6718867273989,43.9459682171869,7.47222180600541,7.4049157934332,1.46971427982271,4.61005561891997,4655.81300994944,64.066218996267,726.805088477631,7.11180937381873,1.0000354,1,37.5,
4337,95.7063832762905,76.2205195793173,61.8179246728589,487.04563807143,11.6397720712674,84.750374505471,97.1516770877607,72.9675318667748,43.9579341528232,7.4724923250399,7.40472981792678,1.35983070876957,4.46533787308397,4636.00759204364,63.5352118050002,724.578465868927,7.11162344854636,1.0000354,1,37.5,
4338,94.9978636183348,75.6701024952295,61.3843660129343,489.550749023542,11.6839613477461,83.8370212827937,97.0487973647099,73.3127534153217,43.9049433813825,7.47506225568583,7.405184224019,1.25938730528915,4.33577016815097,4620.1481487275,63.0197057605251,727.025982961036,7.11283568731445,1.0000354,1,37.5,
4339,94.3692371929163,75.201305904401,61.0337045172375,487.748691298517,11.6731096747363,84.142052457789,97.088492323768,73.6598765737311,43.8409122969586,7.47376368415821,7.40574722484078,1.1657537643383,4.21264546634829,4603.63679348183,62.4985678447852,723.848173896263,7.11288376356619,1.0000354,1,37.5,
4340,93.3156190743254,74.3365176267225,60.3084861219724,489.959078504698,11.7129089097077,83.6781886335249,97.0337638538594,74.0176369196279,43.856291758939,7.47434794388704,7.40552298320485,1.07072979078167,4.08779602064119,4580.42403242505,61.8828730968365,723.992635357839,7.11353805272065,1.0000354,1,37.5,
4341,92.0739105156293,73.2721393734305,59.375178094414,488.076810742088,11.7008996738099,83.5226531718866,97.03249424001,74.418694767129,43.8515278038591,7.47647264231391,7.40549726953572,0.976571032280903,3.96135883441834,4562.21378507253,61.3046735010417,721.415795025649,7.11461268952758,1.0000354,1,37.5,
4342,90.7996215017238,72.2047327738766,58.4606845837286,498.512478965009,11.8407693589468,81.8050628096513,96.8015477889543,74.8651840621375,43.8357163188853,7.47800793783516,7.40558049236953,0.886790501782424,3.82308215569619,4539.08486130922,60.6301168984213,719.144232478359,7.11565567304741,1.0000354,1,37.5,
4343,89.4595610775737,71.1356828327794,57.591946738801,504.903123655791,11.9258723600668,80.6757667240252,96.645018768697,75.4161621966784,43.7791855123105,7.47911179336695,7.40606797090607,0.791982927709227,3.6755354110309,4505.84914158526,59.7464656161424,717.334629921802,7.11680783707929,1.0000354,1,37.5,
4344,86.8985366000076,68.8887316358222,55.5771366622938,509.996991906506,11.991970269226,79.6999163298134,96.5128206163348,76.1049558733014,43.8019543998522,7.48098495254771,7.40577098096899,0.683072141132505,3.46133220627697,4469.06601465407,58.7224046498905,711.10770079716,7.11792051809008,1.0000354,1,37.5,
4345,84.242385250698,66.5739637540976,53.514695691393,514.399953452828,12.0480714420165,78.9767054954565,96.4099148032113,76.9602363892811,43.855065532258,7.48193688351775,7.40517686220077,0.597675846900502,3.24151092456343,4433.62508779651,57.6092966421036,703.471783250852,7.11861190217862,1.0000354,1,37.5,
4346,82.3623212116075,64.8726409228031,51.9454859267302,517.806716520767,12.0928604114785,78.5338396792548,96.345387858307,77.898405660149,43.9584720698697,7.48225688352532,7.4040902495333,0.508188824053626,3.06195619880063,4442.27317226972,57.0264966865975,694.483860139594,7.11848994831846,1.0000354,1,37.5,
4347,79.8112143921129,62.5428012195177,49.7791914832516,522.595635249332,12.152040779252,78.0590778092222,96.2680550522402,78.8750395077177,44.1280920142875,7.48187757844983,7.40235861210507,0.411293722892895,2.83178726721505,4441.06206652153,56.3050376169635,689.468173668991,7.11776809557538,1.0000354,1,37.5,
4348,77.4547585745234,60.4631485638898,47.9041324690736,528.802011442519,12.2245228221565,77.4543091702083,96.1661217463849,79.8580604974899,44.3600168053797,7.48145751745756,7.40002817885955,0.327887954462716,2.63724869699782,4424.33610434576,55.4024988433675,686.919728774228,7.11663538746454,1.0000354,0.999791817843117,37.5,
4349,75.1743881251697,58.3816885086346,45.9696931398913,533.430394221952,12.2741126000022,77.021634364654,96.096126976283,80.8027411921995,44.6486976990541,7.48155034552715,7.3971621060707,0.24500911089236,2.4738442799139,4424.26809143849,54.7539356482327,673.874330418109,7.11538679557182,1.0000354,0.998938415465441,37.5,
4350,72.7581048781222,56.4532865847555,44.401899150528,537.285729637976,12.3104727977651,76.8188721441313,96.053044297085,81.6801996003231,44.927591867526,7.48028514064486,7.39441418685832,0.149257811247804,2.23441691204677,4342.37749608426,53.1631597049511,662.741143384477,7.11374097604972,1.0000354,0.997557899831413,37.5,
4350.01779043012,71.8791918475945,55.8406866212547,43.986139280047,529.344809604486,12.2232735480053,77.8846840938148,96.2372547068712,NaN,44.939576479104,7.48022046370653,7.39429764929571,0.135646969525288,2.15802990962642,4272.19052955154,52.2948247220569,662.814244214776,7.11368805213725,1.0000354,0.997518856966336,37.5,
