4320,130.654018805144,109.609640509662,94.0551000303938,512.106145242952,11.7105678085338,90.2284543070022,97.6673183129928,76.4941005541939,42.6954876874233,7.45529897837282,7.38739688234208,3.08567111729802,7.64590073735808,5248.78597401582,68.6168728828598,783.507556657387,7.07360605150859,1.0000354,1,0,
4321,133.466112930269,112.811468486906,97.5449921592031,505.047494725772,11.6445227844314,93.3420265860983,98.0263893556351,77.3397623263164,42.7631829258951,7.45434224066496,7.38664692550931,2.99758120702279,7.68496443629331,5208.53249616832,67.3461145922866,788.431376534895,7.07459559297242,1.0000354,1,37.5,
4322,131.668062122054,110.781984623693,95.3444490814254,503.041348067794,11.6383044733887,94.2843976051471,98.1313970343165,76.101270342875,42.9145547841578,7.45397538616611,7.3850520871113,2.9269574510317,7.66904637840073,5182.55134250775,68.1007205156723,777.642077064677,7.07387472616112,1.0000354,1,37.5,
4323,131.442284486009,110.844114859404,95.6193807875655,512.707457292168,11.7730419727222,89.2677426158796,97.5734157718998,76.2145875849501,42.8396836616944,7.45550956804726,7.38575132738495,2.82334875413474,7.55887417322247,5118.72214603853,67.1619739506313,788.603809501263,7.0737066679564,1.0000354,1,37.5,
4324,129.885893611188,109.28866440558,94.0646254275209,511.951589170047,11.7803412875836,89.0889055652008,97.5559639194261,75.9809712772859,42.8023435810265,7.45513941444791,7.38607162058903,2.72594389264087,7.46919590654963,5102.79903187781,67.1589076330123,777.677373114899,7.07383178003632,1.0000354,1,37.5,
4325,128.879115265477,108.311592655017,93.1095107255473,516.734865695488,11.8516806544332,87.371625243413,97.352713171569,76.1256264212426,42.7513245817149,7.456646350784,7.38653247417137,2.62753700819147,7.36022249783599,5105.14033023713,67.0620469116108,778.576471479304,7.07422874527633,1.0000354,1,37.5,
4326,128.503239726303,107.917428521052,92.7018289345622,515.534257084549,11.8525850599556,87.1486050926221,97.3347140444625,76.6506340639384,42.6652362472956,7.45736448146065,7.38735171996039,2.51245279909444,7.23836658484457,5144.91920363837,67.1216783327157,782.202681329484,7.07515207213831,1.0000354,1,37.5,
4327,129.082114109619,109.040196124667,94.2266045705711,515.01188718866,11.8606320479701,86.6018339440813,97.2821826884489,77.4826855299772,42.5815934374535,7.45947494075265,7.38814965626095,2.36171278972661,7.07243305912113,5063.35954221312,65.3482711341253,783.460940185025,7.07750370522618,1.0000354,1,37.5,
4328,128.867875614108,109.132725298183,94.5458750646722,511.827524706506,11.8372021258164,87.2097495567944,97.3630573397198,77.9116984071057,42.5592930207594,7.45859181621291,7.38832372861801,2.22827184954263,6.9216859809403,5013.46436073774,64.3480306967677,782.822950911012,7.07815375980862,1.0000354,1,37.5,
4329,128.441645427251,108.727886489296,94.1568472742848,509.470070183974,11.8226983919062,87.531232823593,97.4114019185123,78.2652448465911,42.587891948532,7.45872029047518,7.38797919573829,2.0987687508653,6.78831808190816,5030.75551065068,64.2782824037866,780.407719492691,7.07823493111276,1.0000354,1,37.5,
4330,128.203410239285,108.845343982401,94.5372080534005,511.666436426662,11.8610725093653,86.8380684434947,97.3311888925006,78.661585281363,42.5799844925709,7.45934992404872,7.38800814212733,1.97787262984969,6.63132072950643,4965.00269159033,63.1185180648357,780.407277419012,7.07884596836225,1.0000354,1,37.5,
4331,127.329202886743,108.258160577626,94.1621727839304,508.35490698997,11.8349043815611,87.347040445035,97.4028198031014,79.0141084868335,42.5878558084984,7.45931360861288,7.38787595878953,1.85445125858017,6.4962507973507,4913.30693789909,62.1826536044233,776.400879828386,7.07899002812032,1.0000354,1,37.5,
4332,127.498996053621,108.511376160195,94.4770484128804,513.617138608591,11.9077086430782,86.1001544785836,97.2486978445928,79.3935088770496,42.574190249396,7.45990160197752,7.38796353980421,1.73436290973768,6.35487574038528,4915.30359494561,61.9106481684484,780.180523822161,7.07877924094272,1.0000354,1,37.5,
4333,126.921526184724,108.25075371496,94.4506175416569,508.457167268694,11.8603569675026,86.7050955565652,97.3391843831517,79.2631393781076,42.593489368406,7.46066455343065,7.38771551262728,1.63309174205149,6.23432753119943,4825.3450876368,60.8775418876427,776.701085822339,7.07967462523521,1.0000354,1,37.5,
4334,125.833337712356,107.095297175315,93.2454411261978,512.162832591597,11.9146271062321,85.9918667435128,97.245104157536,79.4059334934384,42.5613339610117,7.45978083953364,7.38799144233218,1.54114682637742,6.13452605448687,4851.45437567175,61.0968747829486,771.219878476283,7.07911536987617,1.0000354,1,37.5,
4335,125.035792860449,106.535415397485,92.8612233596416,511.015972581281,11.9132571621543,85.8103082467636,97.2352456964785,79.9164499875017,42.5536204350594,7.46113475322987,7.38801783520816,1.43680118976075,6.02322454910492,4820.71653073474,60.3219553857643,774.090107743095,7.07990894277074,1.0000354,1,37.5,
4336,125.337393711325,106.842116416824,93.1716940687155,515.873679789854,11.9784086247881,84.6930219607393,97.0904019464651,80.5254205208161,42.4605425525765,7.46141266762636,7.38891615560267,1.32524973917856,5.90394505847374,4856.11172612797,60.3053258799517,776.065666981091,7.08039224885269,1.0000354,1,37.5,
4337,125.497174733812,107.322012850292,93.8881975450809,518.791956859066,12.0203657969882,83.7592702319688,96.9776484737999,80.9923853141667,42.4520307694173,7.46329899084183,7.38895204729258,1.20824220108743,5.76752662340809,4799.73543115411,59.2615640660057,776.756304016605,7.081724492459,1.0000354,1,37.5,
4338,124.896971570128,107.015220064911,93.7982733001852,515.708822330563,11.9980981789068,84.0629593842488,97.0296427486157,81.3956643721305,42.4202043534763,7.46370235838234,7.38922593736372,1.08872704332798,5.63969615676898,4745.76412953085,58.3048761397638,772.347137428277,7.0827494127504,1.0000354,1,37.5,
4339,124.075074435085,106.47295390672,93.4626909074928,511.817233373352,11.9665259489687,84.5689158978062,97.1079830252743,81.8382698163946,42.4182105796072,7.46396922686974,7.38919376360177,0.973971182769529,5.51488994995625,4696.95339876757,57.3931170503147,776.62192633831,7.0831804014552,1.0000354,1,37.5,
4340,124.202953083681,106.673624223744,93.7171637620522,517.865964989918,12.0421855347837,83.2642745054577,96.9342695766107,82.3575045121797,42.346722634483,7.46463492316946,7.38987333069693,0.86302767521095,5.38070168354699,4707.20691618648,57.1557740131664,777.62741263075,7.08371900307913,1.0000354,1,37.5,
4341,123.739076305897,106.526890840037,93.8048407130976,515.18352741511,12.0238439339504,83.4067989787725,96.9694697421001,82.7835171219647,42.3497851031259,7.46586769369061,7.3897895775737,0.748031530609398,5.24688655156662,4645.95193615022,56.1217026972332,773.61237512786,7.08505731945128,1.0000354,1,37.5,
4342,122.892618410777,105.973962462847,93.4688689361164,511.649800258966,11.9961998525156,83.8125003222582,97.0357133368579,83.2307431993722,42.3390925259529,7.46627625821757,7.38984626124179,0.636799221010777,5.12005340429741,4591.39284582583,55.1646263067427,769.189258283534,7.08549803853491,1.0000354,1,37.5,
4343,122.809579174551,106.005440958496,93.5849909727155,518.595260779933,12.0813149334437,82.4606386316397,96.8512675490646,83.7756456654843,42.2935473755635,7.46682706089322,7.39026064031309,0.531330565800887,4.98709053047827,4590.1708471361,54.7912321137414,778.644949550855,7.08593026121829,1.0000354,1,37.5,
4344,122.060763600463,105.553682318056,93.3527961527989,516.47934170421,12.0688312940604,82.5188368321211,96.874643853854,84.2891922325657,42.2917254207824,7.46802827549686,7.39022654101301,0.429545621145771,4.87116038850181,4536.66805502332,53.8226543031284,771.69786803549,7.08750483903784,1.0000354,1,37.5,
4345,121.975358920059,105.534489577987,93.3825426729781,515.647939039327,12.070117833936,82.4692941305257,96.8764447668038,84.8336581175468,42.2638891114391,7.46843637901187,7.39045955249717,0.332881454338913,4.75463682671781,4547.65797428032,53.6067649939015,771.414478300845,7.08797731601189,1.0000354,1,37.5,
4346,121.511973424742,105.451758416261,93.5811647143397,518.57618714794,12.1120525827169,81.7158465641663,96.7809961334093,85.2763138067157,42.2482063987242,7.46976967636113,7.39056877628099,0.238510022083,4.6281996528632,4465.54629313454,52.3656111972193,770.172121656461,7.08865456577027,1.0000354,1,37.5,
4347,120.625285423963,104.807180051084,93.1155369493907,518.069347651046,12.1167022421308,81.6673924817591,96.7818122820443,85.5812022259959,42.2696025665641,7.47002468214011,7.39029694962751,0.168446300170039,4.54192918454422,4413.95264012916,51.576193431744,772.127521906147,7.08986812604437,1.0000354,1,37.5,
4348,120.562766609434,104.848101083455,93.2329135207746,535.464733225803,12.3171394632492,78.8020264257552,96.3546540888169,86.3179570256551,42.2251905998926,7.47214633850086,7.39070234860892,0.0653758818947985,4.4140241262134,4422.838857115,51.2389195657221,782.407398347361,7.09025811892328,1.0000354,1,37.5,
4349,119.521569784037,104.069241521609,92.647955414597,534.890684921372,12.3212034697242,78.615777990035,96.3442497703965,86.9113779348715,42.2408504691392,7.4737704724774,7.39049103014227,-0.0132579135191984,4.31863868659199,4378.90358253365,50.3835480069716,769.985991406475,7.0928847118491,1.0000354,1,37.5,
4350,118.446701678688,103.176195603232,91.8892998083293,539.707352323928,12.3841074638008,77.8148838807788,96.2238535907884,87.8654433122203,42.2284483123257,7.47465499649647,7.39056953349028,-0.119542233493672,4.17569966276911,4374.88212806838,49.7907022732784,771.930689336214,7.09384546408576,1.0000354,1,37.5,
4351,117.025796541076,101.957002356362,90.8191979589641,557.87916392745,12.5947788559202,75.2210489510918,95.7904448252147,89.0664326464684,42.2813552445893,7.47720775387194,7.38997868218036,-0.215120387703931,4.01838350687017,4376.10144270054,49.1330045750301,771.489870813007,7.09528397306207,1.0000354,1,37.5,
4352,115.862639608132,100.951866572617,89.9308604159326,575.306748793158,12.7981992545179,72.7927471980497,95.3501935460592,90.659211537876,42.2914593374402,7.48008814994382,7.38983016422976,-0.305695271147417,3.85314018460541,4407.64815298498,48.6177640221758,770.57780924906,7.09774631623969,1.0000354,1,37.5,
4353,114.228888366227,99.4203038503881,88.4748283386812,584.269566925807,12.9067703107751,71.468628291674,95.1101173895981,92.657683984779,42.3074503160349,7.48301265918354,7.38962393788704,-0.412891444107748,3.63682474888616,4473.93644770247,48.2845702083101,772.485610389036,7.10078929361761,1.0000354,1,37.5,
4354,113.52213288971,99.0395423414106,88.3350188926677,596.360509682496,13.0502108167914,69.8745544622972,94.7838580549526,94.7713168799261,42.2803479913347,7.48488364823255,7.38986307153514,-0.477412352552552,3.50165518222767,4475.25709257727,47.2216408921209,775.541637050342,7.10333330984016,1.0000354,1,37.5,
4355,112.81785361941,98.6202419740481,88.1263551057375,610.738261266849,13.2192165782775,68.1858840602033,94.3973566304634,96.9250014498314,42.3003927030471,7.48556390323286,7.38962122183927,-0.582703077468999,3.31613584443579,4486.89524672963,46.2924444633829,779.704561995359,7.10501194432235,1.0000354,1,37.5,
4356,110.552312626567,96.888357460529,86.7889123378056,615.000776600521,13.2722463532046,67.7812307820462,94.3177007308596,99.1779586101754,42.4702950159447,7.48682369836202,7.38784777451952,-0.71359685532932,3.04451156173732,4418.61756834534,44.5524149747119,771.28598028224,7.10671745102186,1.0000354,1,37.5,
4357,107.903476748596,94.6796834285952,84.905575322508,628.41437698072,13.4294823462672,66.2147361125086,93.9474656770719,102.150035806673,42.6286178449304,7.48896539668403,7.3862035141404,-0.8125966291085,2.70943168911656,4404.4268121282,43.1172321903431,764.061161789026,7.10768754136582,1.0000354,1,37.5,
4358,106.712524862579,93.7412366057699,84.1537626768237,628.327308913888,13.4311931434136,66.5525611736101,94.0274386203553,104.387549245489,42.7650162831492,7.48806639944111,7.38479121180102,-0.884223470295622,2.52703134390503,4414.95858419306,42.2939193045941,766.789155465862,7.10817132572657,1.0000354,1,37.5,
4359,99.3427729558484,86.3675654896447,76.777194753755,620.791107864496,13.3468896340511,67.8220361304981,94.3404271979975,100.727613032978,43.3325843050026,7.48708462421782,7.3790421392672,-0.955756060145637,2.19201688604289,4261.45272491451,42.3066981992249,732.471341182563,7.10655132048168,1.0000354,1,37.5,
4360,91.0290400474696,78.0910620040206,68.5282086675583,640.319978026416,13.5757052922336,65.332996609881,93.7256142975869,97.5393784071321,43.7677977742571,7.48938078267706,7.37468308722683,-0.961152522476902,1.87353484525792,4114.72878839104,42.1853086987703,720.438702450756,7.1043751668338,1.0000354,1,37.5,
