4320,133.960206721763,114.478252282504,100.078546827399,531.121322558356,11.9280720165862,91.6870525386755,97.8026079144697,78.0252471450588,40.9923835502131,7.44307492869349,7.36510608834799,2.48113878281294,7.16605466590377,4956.35605886943,63.5224653586158,743.786840068356,7.10879806721349,1.0000354,1,0,
4321,135.458976327655,116.270240322129,102.087261535437,527.047212460644,11.9023034055245,94.1601515883746,98.0838722434355,78.2648516999935,41.0599069031997,7.44251055980896,7.3643306252682,2.42636027434637,7.18083677634285,4896.75027434162,62.5664032829443,750.474511492666,7.10974090245324,1.0000354,1,37.5,
4322,134.405038433826,114.993716059641,100.646216913504,525.664696772878,11.9044756758421,94.1938861076298,98.0927697468775,77.5317471627365,41.1382548502284,7.4423547540724,7.36344347675376,2.35619483503881,7.1747793074326,4907.15204735383,63.2921638803506,744.788178983487,7.10916438620212,1.0000354,1,37.5,
4323,133.998667495128,114.727401804204,100.48342281526,531.151841040978,11.9797414922636,90.579022597114,97.688898140179,78.063949155377,41.0795066452521,7.4424009599606,7.36400632809017,2.2382421423139,7.09733640660801,4905.1871132683,62.8354979006393,745.421599978696,7.10853757848188,1.0000354,1,37.5,
4324,133.640591560244,114.608221182451,100.54081699017,530.900566192594,11.9917776647546,90.0493418951974,97.6358339515705,78.2987218569416,41.1061141938529,7.44326594920313,7.36366920514047,2.11496668165672,6.9918056664482,4858.94938484855,62.0565606897934,749.830186015481,7.10927239822173,1.0000354,1,37.5,
4325,133.370852462735,114.327650796688,100.252240869609,532.753644039174,12.0248190778925,89.1534084378643,97.5283748407307,78.258637641089,41.0519687548239,7.44275114305911,7.36418633072777,2.01093430698582,6.88730063498868,4859.22570013385,62.0918769685119,747.590633765107,7.10993320923438,1.0000354,1,37.5,
4326,132.728521979401,113.986320537999,100.133389037833,533.039060542543,12.0410715053201,88.3692886347047,97.4450955714398,78.5156863717198,41.0677107943654,7.44446222895657,7.36396629423309,1.89764009540348,6.7590734664345,4798.12827795297,61.1104417432843,745.130502214037,7.1104838386675,1.0000354,1,37.5,
4327,132.11252987831,113.352703991304,99.4867457269958,530.689160605794,12.0293652021725,88.6378414105777,97.4866563840707,78.921244334074,41.0515711502782,7.44467024953603,7.36408349781421,1.77552725472943,6.63921282870169,4827.44738528825,61.1679076530223,747.664675996122,7.11080559331442,1.0000354,1,37.5,
4328,132.228194342086,113.812599350125,100.201072616937,535.361085987947,12.0905856301742,86.9320493048634,97.2804403653473,79.3128395848655,41.0209647363932,7.44627610383339,7.36435553719086,1.65235134088091,6.48974782263418,4762.38032920653,60.0455153810341,749.413652087646,7.11190120309877,1.0000354,1,37.5,
4329,131.09220122491,112.979615574112,99.5920522670013,530.687824322985,12.0536413033349,87.7907146949991,97.3988537441724,79.7217865908144,41.0199315376367,7.44618578203519,7.3643148653637,1.53309331112283,6.35348051385362,4708.17174514352,59.0575292712519,742.667673520131,7.11274209017419,1.0000354,1,37.5,
4330,131.082729070318,113.046067958103,99.7146227882046,534.216225090396,12.1024397748648,86.810674429107,97.2749756213758,80.2644391927489,40.9675979412564,7.44605910269021,7.36481785942118,1.41268171685856,6.21200294487094,4720.34936222579,58.8099712612485,744.488048004224,7.11257018039493,1.0000354,1,37.5,
4331,130.363258232622,112.658329941002,99.5720785950214,533.719576745863,12.1087158874174,86.5708636661004,97.2564355294194,80.6626420598414,41.0197597415601,7.44728122739064,7.36421513146891,1.29093283606592,6.06839371314434,4656.51961605228,57.7283299572278,741.073404602219,7.11336239711524,1.0000354,1,37.5,
4332,129.933203179868,112.224262145025,99.1350448584023,529.041324535616,12.0706338113191,87.3302875580705,97.3629893207058,80.8089193612487,41.01861999861,7.44734319232826,7.36417677214421,1.19095234062399,5.9545330444867,4666.02125369896,57.7414138263618,738.664612629185,7.11360645484313,1.0000354,1,37.5,
4333,129.530417492063,112.12607590097,99.261997333641,535.629912741589,12.1514785096392,85.6849909235276,97.1522666190925,81.2636275690591,41.000966278086,7.44798807562279,7.36431432835006,1.08308606370146,5.82026190978938,4611.56808925462,56.7482430603487,745.056993971718,7.11388456765608,1.0000354,1,37.5,
4334,128.835336532748,111.685455088405,99.0094557599764,534.436010426123,12.1499318843055,85.6380691712183,97.155249491426,81.7860117717208,40.9756033078844,7.44853201819145,7.36453360961077,0.965620175489991,5.69861533827265,4573.35563583042,55.9185554688186,740.920934404171,7.11483037183828,1.0000354,1,37.5,
4335,129.41379034425,112.385869666402,99.8000152523399,543.44682784189,12.2570291271548,83.6628490623648,96.8877961819797,82.5307802556186,40.8875980236029,7.44960902048578,7.36541835173044,0.829205042695216,5.52758840552432,4582.18259239082,55.5208926681493,745.707733161417,7.11525867162674,1.0000354,1,37.5,
4336,128.688277308868,111.984323114649,99.6379221884874,538.89561585121,12.2193829214593,84.081541811966,96.9646983183547,82.6935381619342,40.9237757815695,7.45099540601344,7.36498637749909,0.723868080505693,5.39516419354229,4503.86833886758,54.4645741248597,740.345186524095,7.11716331621264,1.0000354,1,37.5,
4337,127.566486510658,111.074812255334,98.8853138927037,532.008067321303,12.1565419731979,85.2388860122856,97.1294345688219,82.9326809353299,40.9110157933426,7.45034732596185,7.36507323317079,0.640300059158717,5.30327845266679,4459.49082353193,53.772418463228,742.033238075115,7.11744888465566,1.0000354,1,37.5,
4338,127.683126245907,111.236475350497,99.0802551234542,537.140896769478,12.2222370647873,83.9505174000347,96.9609762654195,83.5939929252432,40.8371436381666,7.45144137143597,7.36580986661328,0.523802914214716,5.16031626375007,4482.77938202145,53.6256162094127,743.983708092171,7.11752056426493,1.0000354,1,37.5,
4339,127.051473128197,110.856217663817,98.8858114510136,537.068933451091,12.2321644316874,83.6850706426041,96.9360929655215,83.9983603301448,40.8563272598332,7.45250636560808,7.3655582595239,0.429276453640242,5.05444844387986,4435.61081061549,52.805921367773,740.61323020303,7.1185236480939,1.0000354,1,37.5,
4340,126.266200764463,110.302898591394,98.503936115648,535.663477871764,12.2276768882385,83.8067895085325,96.9591157827341,84.5185694366701,40.8446332545613,7.45243483496723,7.36563467273304,0.330928560826663,4.95670790167622,4399.15935217646,52.0496191724206,736.918609394474,7.11910759820447,1.0000354,1,37.5,
4341,126.604787067195,110.77021739366,99.0664050262646,545.05887303997,12.3398679877073,81.8975508430586,96.6924572484023,85.2215030505364,40.7593292629691,7.4539607107783,7.36649507305887,0.200054163483834,4.80074709673511,4399.97568585922,51.6298765964036,747.997239473762,7.11925886060198,1.0000354,1,37.5,
4342,125.83150191277,110.287479276749,98.7984190675162,542.932158562672,12.3275437086142,81.9181896333564,96.7130241930756,85.5912760565583,40.7856103773875,7.45542070067278,7.36616794038316,0.115036509126031,4.69112391562732,4337.98197320127,50.6825248210431,741.527362140687,7.12137513608966,1.0000354,1,37.5,
4343,125.185225448765,109.814383231524,98.4533259405202,536.538912113934,12.2687999919696,82.8123342170434,96.8509003573082,85.9937026021966,40.7566878600988,7.45507754784318,7.36642838694475,0.0568669151877392,4.62171719164393,4309.82002640019,50.1178562613735,738.001436604707,7.12226606989552,1.0000354,1,37.5,
4344,125.178730416112,109.967052429058,98.7236382647146,551.141061668276,12.4383803201922,80.0951252108206,96.4580549795243,86.7065326022507,40.6836860280312,7.45782313780366,7.36715978967822,-0.0706592404118389,4.47085406663706,4300.54765159122,49.5988886018443,747.401737817056,7.12247860018492,1.0000354,1,37.5,
4345,124.226439346852,109.313480776174,98.2908592239334,547.638071230229,12.4108305824794,80.2234684145228,96.5005759745742,87.3040231807301,40.6603680187018,7.45970157580077,7.36736140161213,-0.158313332967075,4.3628174650987,4245.14853540043,48.6248901337851,739.156428422801,7.12490771823657,1.0000354,1,37.5,
4346,123.706277981954,109.024677718815,98.1730601330167,555.882571273705,12.5119021004633,78.6748060200912,96.2691212434941,88.052785284734,40.5758520686171,7.46171691474594,7.36821756692612,-0.269137002561079,4.20973368903119,4215.13331732674,47.8705279304496,742.045209920669,7.12670277484962,1.0000354,1,37.5,
4347,123.013391333839,108.399166557107,97.5973482438698,556.032934767516,12.5242912754184,78.3732626282881,96.2337102250088,88.8199999350571,40.4888180293641,7.46273942499563,7.36910255805364,-0.351458985414452,4.10173746226401,4232.34803084334,47.6508447865111,735.560056817871,7.12842228760679,1.0000354,1,37.5,
4348,122.827934238647,108.568814389598,98.0294649359535,562.975503958316,12.611623404636,76.9819840115451,96.0223253813898,89.6257842737426,40.389449834246,7.46544870293849,7.37012256914533,-0.436177562469238,3.97821366105784,4166.97130720258,46.4929968643339,743.443092150734,7.13004143810035,1.0000354,1,37.5,
4349,121.901378537732,107.965834835531,97.665650359991,560.712851274933,12.5971609399262,76.9694597715416,96.0430496323599,90.4125536294659,40.3527641769978,7.46718990046735,7.3704701683817,-0.525922372627178,3.86466146116113,4108.1611856903,45.4379510452343,736.178213622465,7.13226633665764,1.0000354,1,37.5,
4350,121.304383425031,107.624523675747,97.5133229914942,576.018534138984,12.7779022901322,74.6980331144687,95.650051308922,91.2761638975238,40.2883952008938,7.46930398258035,7.37111689800111,-0.638950652190398,3.69883280038121,4071.30694530446,44.6042731361425,741.934057712142,7.13376368299385,1.0000354,1,37.5,
4351,119.413805569098,105.882977324886,95.8819303617728,581.402521599185,12.8487982738941,73.6985318321031,95.4913410918691,92.4259954711726,40.3123350334655,7.4722355886554,7.3708127098356,-0.750872989770132,3.49230280138102,4077.68186593146,44.1183440345339,733.065671517342,7.13669041836287,1.0000354,1,37.5,
4352,117.014944883748,103.784975377247,94.0063022637464,595.098720421405,13.0131571540532,71.5891463647703,95.102757872217,94.2339344297857,40.24005984601,7.47603024593017,7.37154686127243,-0.855633796229236,3.23505283923136,4065.0041091268,43.1373701387334,734.32007203531,7.1394266374875,1.0000354,1,37.5,
4353,113.34702356246,100.52941841255,91.0555363452252,600.663242448983,13.0861762877174,70.4331400851363,94.913288099878,96.2358190336695,40.2437333548281,7.48097973202984,7.37146367379104,-0.944127976282459,2.88021997863119,4021.96657850803,41.7928232844455,726.351347110887,7.14289340020752,1.0000354,1,37.5,
4354,109.900780841483,97.3915470822728,88.1455916950306,600.27788798007,13.0911613356117,70.394023580858,94.9146291498041,96.2608934953354,40.2578572019654,7.4812000843445,7.37126974404351,-1.0217191505393,2.63097761668873,3926.22711862942,40.7873537847399,722.091532552279,7.14504462416647,1.0000354,1,37.5,
4355,100.096210009313,87.3257065123463,77.8866387102408,608.62881430954,13.1954920286808,69.1993424282056,94.6658567492904,93.0226930436377,40.5036263670649,7.48258980171296,7.36858759209889,-1.05348602673777,2.23258448796929,3873.39466811505,41.6392445905432,694.714815900408,7.14479002129702,1.0000354,1,37.5,
4356,90.2467929690386,77.4774994767134,68.0393260258644,629.483464098396,13.4453701588953,66.1547470417096,93.9661368064576,89.5850226238734,40.6824257344413,7.48632432678823,7.36664138224202,-1.05789140431295,1.84732210669306,3729.89922740955,41.6352992739612,680.135011692892,7.1447042088278,1.0000354,1,37.5,
4357,82.5247570344169,69.514957782626,59.8990192052153,640.398373016487,13.5801429960688,64.5095830507745,93.5734078513119,87.8733168107192,41.0355142792825,7.48959404521204,7.36286109327134,-1.07445585704395,1.57701869985052,3727.54106170263,42.419487473448,658.48569367242,7.14539020238531,1.0000354,0.999566903516654,37.5,
4358,60.5326601345499,47.3295800280318,37.5707816884315,622.46548883545,13.1892249672815,64.1127198841125,93.5223930695967,74.5835553988671,41.3629937533498,7.49292616466376,7.35938752481202,-1.01556562945267,0.939766847101243,3210.79931989721,43.049695106731,580.023033800053,7.14281010641014,1.0000354,0.974356927657034,37.5,
4359,56.3084001149459,43.611504752141,34.2268429622417,619.838110613339,12.8500918922198,61.8434139696868,92.8534380790747,75.4201308470605,41.675022628612,7.49254822071808,7.35609977662886,-1.05493330564412,0.657295429423386,3122.33605265215,41.3992394017949,572.292451519476,7.13695965852016,1.0000354,0.932887842668963,37.5,
4360,54.459068639495,41.8664613146302,32.5588819875562,627.398312158743,12.8326403149185,60.4858271576207,92.3845794090289,76.1853342101307,42.4928309416962,7.48994091192011,7.34764101638642,-1.11342787296265,0.546759939127155,3128.10886992674,41.0591999412766,558.586960828598,7.13159399181059,1.0000354,0.917414257920712,37.5,
