4320,114.876223937127,93.0486606360561,76.9152442830903,504.402029383348,11.5968174897496,90.7679601243113,97.7192960332927,72.2509664881982,43.3312022158887,7.45500284598508,7.38797141700125,3.2001705480138,6.90270172337599,5142.13813450249,71.1705100213771,743.572187710505,7.08633936064943,1.0000354,1,0,
4321,114.783647362348,92.8112944424228,76.570859675522,500.050046253762,11.5842053374819,91.3440541523255,97.7972263308291,71.9653252491567,43.3122288753683,7.45396549903217,7.38803795946003,3.12145134008937,6.89121210296253,5155.78359468307,71.6426081148502,747.593047728713,7.08611170118978,1.0000354,1,75,
4322,114.307704146816,92.4667828287047,76.3234931587964,500.140929133645,11.6241687015235,90.4652793871475,97.7093522166587,72.0150905031753,43.3481171560956,7.45418244631285,7.38755959780705,2.97170496021751,6.83618078692033,5128.4873289233,71.2140649007054,747.511424680023,7.08647823750531,1.0000354,1,75,
4323,113.733633795311,92.0480072390252,76.0195006539443,499.611944896151,11.6541803864113,89.9228197481911,97.6582260967034,72.1779926469933,43.3494457619395,7.45413844826671,7.38743136845984,2.80868233596149,6.76361627195929,5103.54085765586,70.7077139512061,746.627416240623,7.08677115584603,1.0000354,1,75,
4324,113.479903755073,91.8108789708483,75.7946432607692,502.015504961261,11.7187625101462,88.7376311337636,97.5262810031214,72.4042219417838,43.305674131759,7.45404044954595,7.38775852255807,2.60701471649746,6.65518969478295,5115.61767193745,70.6535825500706,746.797968157852,7.08710696425195,1.0000354,1,75,
4325,112.775718186555,91.432437506721,75.6569691781478,502.412934606307,11.7571172724803,87.7679280784071,97.4278279759648,72.7310232998987,43.3103186514705,7.45572983259861,7.38760340723191,2.38416972807764,6.50703299470288,5061.4586756798,69.5914679325961,743.872033912695,7.08784132761947,1.0000354,1,75,
4326,110.751909911,89.8741322927573,74.4427314444913,515.92526184155,11.9460753686812,84.4604896815841,97.010384754848,72.8663733640841,43.2919085919786,7.45790510720499,7.38768110670223,1.98961038618698,6.14333135285055,4960.28058700625,68.0736580949585,744.504340348979,7.08916098261476,1.0000354,1,75,
4327,108.148480508096,87.7543993552245,72.680513285711,529.531344149665,12.1214621345787,80.99395802383,96.5421641234945,73.5400002897197,43.09751720919,7.46280071377331,7.38952758828501,1.6715542376111,5.67638574070797,4890.15463059034,66.496527214101,737.992076553344,7.092526797457,1.0000354,1,75,
4328,103.840861322962,84.2035078061915,69.6889421633613,517.119490142813,12.0193384233586,81.7096242376463,96.7017188139367,74.1104522173552,42.8715658695141,7.46653449312564,7.39170039561352,1.35684530808682,5.03831449743109,4745.22973869553,64.0291564377244,726.694881414283,7.09599210212135,1.0000354,1,75,
4329,101.78219389105,82.8811779035804,68.9108617389287,508.181856164112,11.9525698661244,82.5108677849586,96.8444332659548,75.3502468950182,42.697600538195,7.46710644266557,7.39335449164541,1.10702064476365,4.56125613680774,4643.7053021833,61.6282692298693,719.737178270694,7.09779312101877,1.0000354,1,75,
4330,99.7797368482677,81.4609911681652,67.9210487089589,495.943519121328,11.8420030913907,84.2434649991374,97.1022197841377,76.5206509558117,42.7144268769299,7.46620309937516,7.39307105866544,0.866766097139596,4.18515694743768,4570.5578577331,59.7297304798473,709.452663222334,7.09762908463713,1.0000354,1,75,
4331,98.2726171146717,80.608914175292,67.5531337418374,501.931929586941,11.9435410901343,82.9487491603461,96.9439722050366,78.143180448235,42.757197942937,7.4672774345077,7.39252328029022,0.663447429754351,3.87697546231604,4500.57141204449,57.5939114101688,705.846839072417,7.09706599175729,1.0000354,1,75,
4332,101.4408831257,84.5860704106437,72.1281653603848,506.824227923726,12.0272151392316,81.7241734280379,96.7986077037559,81.8352057297007,42.6393682641194,7.46954791403262,7.39361027938923,0.472003025834322,3.70997267157863,4497.37323949167,54.9564603570053,734.113091080129,7.09974908321504,1.0000354,1,75,
4333,105.281054662819,89.1422233108345,77.2135218767586,494.522486100139,11.917244708571,83.9683662302691,97.1238347199384,84.200917746852,42.7532160290152,7.46807038118466,7.39234682925969,0.241091123139244,3.60050237937448,4430.81615118125,52.621946051733,742.179620755857,7.10259124361673,1.0000354,1,75,
4334,108.105910961742,92.6565277866194,81.2374184832682,491.682723945897,11.9113359427569,84.521509491819,97.2130965336426,85.4713346607893,42.9351547606181,7.46816705744526,7.39040260057987,0.0630284527709248,3.52856161060537,4305.52833820761,50.3739453150579,740.78581829461,7.10434936493553,1.0000354,1,75,
4335,107.476942302448,92.4672926334104,81.3732037475999,492.685094102523,11.9481991653328,84.7528367606714,97.247853609771,85.4189253380695,43.2913714736284,7.46681480556468,7.38671949719112,-0.0999088153713639,3.4566322931031,4180.4158019404,48.9401591672481,741.145371984895,7.10457848926431,1.0000354,1,75,
4336,106.136141653347,90.9578761671431,79.7391581990795,513.736405004847,12.2053742379287,81.3236867005974,96.7844212273469,85.5040818353309,43.7200953533614,7.4675030242094,7.38235022258767,-0.219370483741345,3.37494849115319,4231.5922628019,49.4899444795088,734.27789471101,7.10359194058919,1.0000354,1,75,
4337,101.337415080337,86.2961714429018,75.1787304934931,575.39802659955,12.9256296335785,72.4847872400844,95.2901954575877,86.1764464541391,44.1080981114432,7.47279264002143,7.37843062943796,-0.438944088954046,3.1058015687772,4226.36644260302,49.0431738195678,744.609536308848,7.10446927173104,1.0000354,1,75,
4338,93.8613519713576,79.438742412896,68.7785527392504,624.018602992467,13.512746429494,65.0487225613488,93.6828170190311,89.6308232067003,44.1637906043639,7.48563905862249,7.37781085379377,-0.635884301358013,2.48577460313977,4214.9851954093,47.0260680936624,739.287936694029,7.11299438184362,1.0000354,1,75,
4339,90.7120308435076,77.0920374647026,67.0250858368902,636.809154426014,13.6856072625033,63.047145133285,93.1848448713755,93.4386565487803,44.258749911952,7.48962662756073,7.37681717486877,-0.796911355160641,2.09053509917813,4149.52421904441,44.4090740632398,733.741145631637,7.11999596680872,1.0000354,1,75,
4340,77.680574676413,64.0409706755795,53.9595242401809,648.224704273986,13.8406378943875,61.189550383119,92.6750918677119,87.194625548873,45.0310176907471,7.49266923880674,7.36925376829626,-0.906553677496255,1.56474615532793,3877.80798233966,44.4730160595291,690.715783477905,7.12213663822149,1.0000354,0.999657677735608,75,
4341,54.6132149999968,41.2463406098608,31.3664769301951,667.707210689349,13.4895143394901,55.8331620770132,91.0851645102498,71.0960488472101,45.4901659042396,7.5103741268662,7.36478507686612,-0.915762908929346,0.86217038575401,3098.63308899167,43.5837594245332,582.899883824162,7.11965996373379,1.0000354,0.920530534384327,75,
4342,53.5033210511186,40.6051056209821,31.0716420421855,715.519621393134,13.888966823558,53.7360271062547,90.3494560463053,72.9142706037375,46.7616176616336,7.51568552074724,7.35238483942532,-1.0651214479837,0.63484110396874,3066.45773928564,42.0556595285815,582.938577277207,7.12413859956475,1.0000354,0.891084636069066,75,
4343,52.4353821204962,40.1154368791748,31.009390396459,749.017711615899,14.3464001153454,53.0908599030142,90.1156839469416,74.8435555535245,49.3040104997836,7.51607261568828,7.32806180193338,-1.1901684101629,0.417239609912269,3006.4778623051,40.170163483949,576.551807300676,7.12937112144313,1.0000354,0.890457553339942,75,
4344,56.9689395204908,45.2790723948246,36.63873582368,968.450040295528,17.59726078021,55.9463734270943,91.555897526122,86.1392712579882,53.0424254080545,7.52606741688543,7.29358389993492,-1.23656392206339,0.301789464239121,3283.26237407977,38.1157435642375,578.886830996851,7.12591125711954,1.0000354,0.933655687601647,75,
4345,78.3431380274377,67.979673381117,60.3197212512278,1591.81597734721,27.4513886390837,65.6699742283034,95.9970460619162,123.378386762896,54.7153501930144,7.66009785025696,7.27519956722578,-1.43858853337915,0.379448780603457,4169.0670442017,33.7909025525975,576.987178775172,7.17520345995736,1.0000354,0.998544920153783,75,
4346,94.7479976958716,84.908718117821,77.6362071253489,1799.48438084942,31.0679723577489,85.0102756137598,98.5664305497334,142.920133943781,51.6018547169911,7.71748291997376,7.29362109952713,-1.47697571623017,0.707391632902599,4585.12877243605,32.0817553546351,575.525624498204,7.25112244873314,1.0000354,1,75,
4347,62.0577097287689,48.9451621051921,39.2532790790701,602.552602589962,13.4707664788702,108.903188714605,99.4456797305292,74.9418206105025,51.5032931185857,7.45756126280912,7.28632800405581,-0.890985889844667,0.871073498947535,3204.10057363098,42.7545067297438,491.365602383713,7.25875492728822,1.0000354,0.995000149812142,75,
4347.57858925113,57.8651991195728,45.3153156154971,36.0393147646585,942.213832794471,17.7348954946285,71.1987148333809,95.4798018423796,NaN,59.3568089265829,7.49385682460621,7.22012467116649,-1.01179476208939,0.624032094804015,3051.25261020753,40.9198955180719,495.443874054851,7.20074096930883,1.0000354,0.978383498817548,75,
