4320,132.663657787104,112.137192105261,96.9654566012901,522.781386808587,11.818133868079,91.1743319067838,97.7497709264559,77.5058338339836,41.5352454774809,7.44797287373825,7.37625219281542,3.00475778042839,7.7597486750224,5187.32420592474,66.9281775232031,779.095349359235,7.09546786838773,1.0000354,1,0,
4321,133.687797664366,113.661284779746,98.8590796041566,516.504369883833,11.7646151920611,94.9936570491509,98.1774876502243,77.637928753096,41.6230867357784,7.44721624959131,7.37527131675271,2.94024134783554,7.8043463024704,5069.60469963683,65.2980415765492,775.374255699344,7.09571881919066,1.0000354,1,37.5,
4322,132.054379166284,111.51245669235,96.3292966029201,519.794354420309,11.8211535704805,92.0574288245109,97.8576149713141,76.8054558940289,41.6332769862596,7.44614291588122,7.37510263738096,2.88456511381157,7.78482300375561,5144.32003607846,66.9785756258807,774.326392926143,7.09419084847194,1.0000354,1,37.5,
4323,131.116733490439,110.479575637444,95.2260241808822,523.187341954923,11.8765591511342,89.8602765414354,97.6116580450157,77.0359513357137,41.6188046482892,7.44771563300491,7.37519248148522,2.79650842061769,7.71425453954986,5183.67969208936,67.2890981705346,768.317327411403,7.09409533340902,1.0000354,1,37.5,
4324,131.575514995117,111.210579044625,96.1582350812176,530.675605506193,11.9735162440496,87.2486633717109,97.294918290653,77.4576213043939,41.5381763840911,7.44954316071555,7.37597591874327,2.68274306348026,7.59515433262626,5143.30200546227,66.4014969585764,779.793125210995,7.09524521838216,1.0000354,1,37.5,
4325,131.191929563842,111.084662820608,96.2227700103912,529.556630064391,11.9756359902903,87.0471209296531,97.2786093818878,77.8612922606052,41.4760878731635,7.45012212210768,7.37656828133318,2.55387244576339,7.47189062559545,5104.69111952693,65.561345969462,775.136749623191,7.09686291899153,1.0000354,1,37.5,
4326,130.739323789291,110.888780352038,96.2166395505898,526.180922138814,11.9529071721746,87.398231035612,97.3349972731063,78.2631923066067,41.4490743774825,7.45061943752857,7.37679503441393,2.42450753576285,7.3442843493746,5065.52870734235,64.7242791668586,772.670785810834,7.09754398947397,1.0000354,1,37.5,
4327,130.244228072299,110.648667628815,96.1649925184142,525.048615445633,11.9535045953167,87.3472487157248,97.3368001912093,78.6739971396291,41.4333032171861,7.45098244864543,7.37690502829182,2.2987815437302,7.21515909340991,5026.70879263319,63.8928867909416,770.402733578902,7.09804872753105,1.0000354,1,37.5,
4328,130.38381999287,110.8211304889,96.3617512903134,528.915402796037,12.0065628240182,86.359421814772,97.2093447153242,79.0941999793394,41.3769411606379,7.45076138306328,7.37744170822821,2.17635998461506,7.08072677815836,5045.07958174852,63.7857084725095,771.742505495569,7.09839718616513,1.0000354,1,37.5,
4329,130.193661284438,110.952877798043,96.7314291341865,529.996779001687,12.0294252186899,85.6538707880388,97.1305101096368,79.4228545733758,41.3933643162263,7.45258466184089,7.37721681065032,2.0493414099541,6.93511345937664,4982.68080148565,62.736108243029,779.19103103227,7.09943167842718,1.0000354,1,37.5,
4330,129.221525710161,110.264401809795,96.2526145790895,521.852817762794,11.9546528331682,87.2006670794654,97.3415704074185,79.7808821646408,41.3838877619784,7.45203094252474,7.37726328281521,1.92645513661068,6.79984716646174,4931.35314486451,61.8112135522376,772.576001270635,7.10027090297058,1.0000354,1,37.5,
4331,129.388969877106,110.475246190079,96.4955373779278,527.410826262354,12.0246415697867,85.8414114153589,97.1662366504237,80.2153984698878,41.3386930549425,7.45225029802999,7.37768510290065,1.80834297830622,6.65787994887538,4946.85985559161,61.6697036972099,775.396304832977,7.1002025003534,1.0000354,1,37.5,
4332,128.825151421463,110.249621617068,96.5198821964287,525.58749578026,12.0162546076701,85.8931179931923,97.1857379570404,80.5695912244972,41.3715971643728,7.45327037609091,7.37728823742582,1.68968459968615,6.50917435280134,4879.85807601171,60.5669955854013,772.193461032448,7.10117190779677,1.0000354,1,37.5,
4333,127.898475909609,109.593577034343,96.0638691700164,520.81447982195,11.9763517223249,86.7326801463182,97.3031121997841,80.9802889131997,41.3759288567124,7.45311616604791,7.3771908347558,1.56777576027037,6.37921098860214,4833.27468341073,59.6845818689455,768.049223752245,7.10126182512476,1.0000354,1,37.5,
4334,128.162302480242,109.948630355533,96.4863509590087,524.414372410163,12.0248387659599,85.6933049185277,97.1749769251599,81.4020120883518,41.3702697698474,7.45408116931337,7.3771990176112,1.44828222791211,6.23382788560657,4834.23185600468,59.3871297770591,771.839467484655,7.10127340764242,1.0000354,1,37.5,
4335,127.269677875908,109.36157612524,96.1251530921376,518.229361229364,11.9693554491401,86.8469338299277,97.3331129392893,81.7954687790239,41.3837542693073,7.45382553736803,7.37700639073395,1.3303213722048,6.09657998218839,4776.10230343587,58.3907932154388,767.095289774065,7.10180912810619,1.0000354,1,37.5,
4336,127.275931705897,109.443378131008,96.2627950539153,525.411199231343,12.0557761630742,85.2746954337005,97.1267917300795,82.26178592536,41.345363885507,7.45382391172424,7.37735818200816,1.2173603575611,5.95485353688254,4783.0673159264,58.1444623663568,769.629137071265,7.10149424920619,1.0000354,1,37.5,
4337,126.584629173625,109.076942994434,96.13647929677,523.901903142897,12.049819208112,85.2850474509794,97.1411296256056,82.6626182548858,41.3934578830276,7.4549482117957,7.37680283885052,1.09890264242907,5.81424355899587,4718.812618648,57.0852063274574,766.011724168589,7.10230192478028,1.0000354,1,37.5,
4338,125.667688040798,108.094487750161,95.1056005788199,519.316339999984,12.01106634966,86.1395459446792,97.2592359027468,82.8527054412639,41.430502098758,7.45448313256961,7.37636328789264,1.00447419064429,5.71088838616523,4747.36228127346,57.2988203099652,768.793727390256,7.10237746415757,1.0000354,1,37.5,
4339,125.977336071623,108.77219923472,96.0553589639656,528.563895885462,12.1194701755351,83.8827780913998,96.9674828352636,83.5959450021285,41.3594898681062,7.45677640453758,7.37705766386647,0.880840855066226,5.54998548670286,4689.62551855377,56.0987200806734,772.604450079673,7.10325292132554,1.0000354,1,37.5,
4340,124.760514799586,107.841154856233,95.3355409850589,521.230524568582,12.0511025880575,85.0542813370384,97.1372499933368,83.9670571835469,41.3635493282275,7.45671559003073,7.37696452586529,0.782289297455824,5.43090821885908,4632.20407237743,55.1669217399357,763.760932260974,7.10448883745568,1.0000354,1,37.5,
4341,124.728229803709,107.807751440617,95.3013109113747,525.858766746249,12.1104317859306,84.16065330608,97.0140876295942,84.5647636481411,41.3011137685082,7.45615312354512,7.37756930751207,0.677037131961268,5.31138191560972,4665.48608017852,55.1705684366455,765.025545183654,7.1043696380435,1.0000354,1,37.5,
4342,124.615783812094,108.021480846348,95.7561264803608,527.640358987093,12.1393914220878,83.3524425280542,96.9210045998363,85.0588776113695,41.2961201780981,7.45862646558436,7.37757176240733,0.564426237273898,5.17902266412412,4602.28473581776,54.107047554112,765.933355110057,7.10519008258785,1.0000354,1,37.5,
4343,123.6981365847,107.405451912896,95.3630328076491,522.944183657417,12.0987014873457,84.039481442182,97.0243741158275,85.516403649458,41.2912919225216,7.45854653668129,7.37757217358574,0.45527080201453,5.0516330042964,4542.93896989392,53.1235970646752,768.227929826386,7.10637672111287,1.0000354,1,37.5,
4344,123.325480228084,106.977032391468,94.8933970339696,522.330559313543,12.1018048549179,84.0105943110933,97.0255752463679,85.8000000079007,41.2817378432645,7.45851977142963,7.37762195525773,0.37681800785308,4.96235473578157,4573.60480548455,53.3054173084312,765.360874908368,7.10681610262016,1.0000354,1,37.5,
4345,123.27750803985,107.271455391181,95.4408947378169,532.363835249593,12.2198066571311,82.0750796908942,96.7579656753537,86.5730172981624,41.2328936519344,7.45981409246888,7.37808602972484,0.263529410216508,4.83030252851326,4518.16010928936,52.1890105057625,768.456400092937,7.10700608921451,1.0000354,1,37.5,
4346,122.548362928115,106.873470749562,95.2876808784588,528.378619702526,12.1864148187828,82.4157014344671,96.8242665019005,87.1232285929536,41.2359820257457,7.46110714230541,7.37800368084842,0.160938465522831,4.70830694514384,4452.80159862517,51.1092353960962,763.616101293918,7.10825210118466,1.0000354,1,37.5,
4347,122.2965135167,106.755048211493,95.2678782032958,536.109406651124,12.2800789618982,81.0801892735093,96.6291002507385,87.7010394430503,41.18281361155,7.46134398662798,7.37851419507933,0.0680514948482704,4.5818471563339,4444.17882372601,50.6741864400807,770.723672656229,7.10915844649543,1.0000354,1,37.5,
4348,121.382945611825,106.184860919892,94.9514939736801,536.940191882808,12.2989666569142,80.6032325200666,96.5774730987337,88.2683701927715,41.2054617683669,7.46350770066581,7.37822608057102,-0.0195659694867389,4.46248801292811,4374.10082758896,49.5545665795828,763.596375357876,7.11085687481934,1.0000354,1,37.5,
4349,121.120421102402,106.062319227227,94.9324178412282,541.489804718631,12.3584582100889,79.6718733948595,96.4441795558808,89.0407919693519,41.1306474726029,7.46467154639087,7.37896630314144,-0.116879524196196,4.33420134146553,4371.73739870787,49.0981414474912,771.087970303844,7.11176992674867,1.0000354,1,37.5,
4350,120.314938261055,105.523277844259,94.5903114492364,543.008733871633,12.3847967920351,79.2195881766308,96.3888155528859,89.6720959172462,41.1515991706955,7.46615998444889,7.3786967977911,-0.192467051390744,4.2399056297596,4324.83029191263,48.2293878343581,764.386194087373,7.11343079752868,1.0000354,1,37.5,
4351,119.714677822537,105.115719604627,94.3251852696504,549.961722273125,12.4707365956024,78.0811565814263,96.2137618117193,90.5254853006961,41.134128692314,7.46727514321917,7.37883372894762,-0.290629185992317,4.09687983686485,4309.10968689346,47.6010669545709,770.070850078947,7.11426027341525,1.0000354,1,37.5,
4352,117.87752472146,103.536454569068,92.9365331520818,563.798631829646,12.6327858787521,76.0107073177448,95.8772557385476,91.6831352897758,41.19662182141,7.46997569072062,7.37812819965334,-0.400326755845754,3.91250422943995,4287.12195920935,46.7602023606564,765.181168450915,7.11613502196022,1.0000354,1,37.5,
4353,116.123084033955,101.743217899602,91.1146211916015,580.375301858736,12.826120077239,73.5173595352572,95.4486801145212,93.441801263612,41.2434158613668,7.47449095712752,7.37759045252634,-0.487593126214112,3.72172864724281,4381.17768015841,46.8866997522716,768.706888663824,7.11910553261902,1.0000354,1,37.5,
4354,115.158501593714,101.224797567183,90.925972851921,595.878168170048,13.0080959498296,71.3514910555861,95.0257526785067,95.5318117133694,41.1136540504817,7.47677410529116,7.37891631072447,-0.565915434458883,3.55150168905002,4340.19674499998,45.4319526360723,769.624139676539,7.12206075252743,1.0000354,1,37.5,
4355,113.859913388582,100.268277582941,90.2222859005113,599.047747511263,13.0508533571336,70.8581213207339,94.9440433326963,97.7046732439853,41.1351912597435,7.47863277749981,7.37864878507584,-0.675237161898556,3.34299786647467,4329.94008844345,44.3166119355504,766.050945935872,7.12483523822834,1.0000354,1,37.5,
4356,112.266104764542,98.8650723325147,88.9599614044949,615.113655445761,13.2386589268416,68.9376905253223,94.5241442979145,100.207053149159,41.1999225533069,7.48012870865638,7.37792871801299,-0.780489006224353,3.09560567060654,4378.56065947537,43.6951344428606,763.445613273767,7.12689130013773,1.0000354,1,37.5,
4357,109.416085615886,96.5667999341218,87.0695018215136,615.995150366721,13.2538628771923,68.941820537539,94.5346917528163,102.733094662496,41.2548938200202,7.48051916128405,7.37731554514105,-0.890142088305862,2.75506846918542,4304.11808083524,41.8961201838156,752.205727418407,7.1281665478932,1.0000354,1,37.5,
4358,104.344643884355,91.5234863301117,82.0469785726272,618.99122448035,13.2926456686962,68.8078527533817,94.511232787962,102.232724700419,41.636764978478,7.48086581141614,7.37328245688061,-0.950152828503806,2.46890775983991,4273.77834846258,41.8044061819381,746.884766517634,7.12771564460714,1.0000354,1,37.5,
4359,97.3522829976969,84.6258940426535,75.2194326410997,629.383734874677,13.4163614478661,67.5857273085815,94.2226283274513,99.9486268554415,41.9321511358592,7.481481688436,7.37018333774054,-0.987288972694196,2.14891176390883,4147.40881155176,41.4954056102268,732.230442976206,7.12663494377327,1.0000354,1,37.5,
4360,85.6465617701686,72.6833183784996,63.1017906542224,630.726287588635,13.4387431800914,67.0864310443365,94.1406314249563,94.3504081961796,42.3438914532125,7.48445194008172,7.36591551912474,-0.984421564627348,1.71860478375799,3987.97365221348,42.2676883805465,698.928914164526,7.12458945182912,1.0000354,1,37.5,
