4320,125.899681545372,105.043021446007,89.6272291986493,507.220341620819,11.650122956196,92.2074145028672,97.8901877841427,75.297716984031,43.0495457109994,7.45372772008249,7.38496713487187,2.89687588448867,7.11986516341591,5120.60639037538,68.0048027413812,767.466179540541,7.07368113525406,1.0000354,1,0,
4321,127.157059173175,106.532313544813,91.2879363412404,503.135956275,11.6824729449978,92.1649795280891,97.9098331207723,75.8202712951504,43.0941247021594,7.45280182043061,7.38426625994093,2.72388302623799,7.11550339766469,5098.80915267252,67.2486271227395,778.660969035829,7.07402840899524,1.0000354,1,150,
4322,126.588891103315,106.176534648413,91.089140746964,501.201825279154,11.7363684428748,91.0437844332128,97.808020584043,75.5703589153103,43.1806618321199,7.45234599386382,7.38315326472278,2.46025085782158,7.03902517297672,5029.66952070818,66.5561152930978,775.523831782619,7.07406768727216,1.0000354,1,150,
4323,125.759683018635,105.427850821277,90.3999748493165,503.949083120406,11.8434681648384,89.0814603927503,97.5982541984947,75.8905463428209,43.1633839981818,7.45118655197183,7.38309173457882,2.10000804377884,6.86735661844762,5031.05445195276,66.2935595327768,776.184517065348,7.07407488397181,1.0000354,1,150,
4324,124.540160074143,104.838638881132,90.2766449558621,509.904739268872,11.9811865920744,86.1707774963643,97.2738687964791,76.5803901621159,43.2235669368958,7.45358445045588,7.38225776753904,1.68679114584545,6.59272656473845,4919.40022376394,64.2383802609242,773.490940122036,7.0751384602886,1.0000354,1,150,
4325,123.73087227115,104.531349792181,90.3403983946825,519.374669357372,12.1509141421269,83.0771009559543,96.8920970850763,77.5707653824287,43.1630022165614,7.45554651220126,7.38264161795468,1.24748889587291,6.23803140668646,4856.05196583829,62.6015734393962,776.396458059191,7.0772745492661,1.0000354,1,150,
4326,121.812880450334,103.531586895643,90.0193264421761,533.429186954996,12.3757061717402,79.483207946389,96.408535864131,78.9054065177006,43.0873386853021,7.45960271392548,7.38318143775702,0.705395133111983,5.72599911977887,4703.36308047144,59.6076148396288,780.620625099063,7.08054196562269,1.0000354,1,150,
4327,118.312745203075,100.927538946501,88.0776038872933,564.160473623877,12.7975497480638,73.4599288041141,95.4544512720522,80.7541494021733,42.9582306844794,7.46917590815497,7.38426269379271,0.121752125241114,4.98396507314607,4577.6176626248,56.6858507768717,779.197538589537,7.087054432818,1.0000354,1,150,
4328,113.691722168785,97.6429521039843,85.7808177082621,591.376110333436,13.1945861374101,67.9383284992761,94.4133304116134,83.2428362622741,42.57175459502,7.47979148091556,7.38796476420859,-0.320742697820915,4.20541456653807,4355.95561316115,52.3282940460702,780.407297147738,7.0973097587622,1.0000354,1,150,
4329,103.923016791628,88.8368683261256,77.6862368516239,618.695154643121,13.6041703656006,62.6453780214475,93.1720435701885,86.9996973062514,42.3996255056616,7.48867786061531,7.38950759927608,-0.750681555788892,3.29899537792587,4279.47940502277,49.189589590851,768.361938499773,7.10730332649439,1.0000354,1,150,
4330,81.7641225987791,67.2847581800583,56.5826192618734,665.045528575176,14.2550777830387,57.2219929402535,91.6118826048155,83.3359322587587,42.9271064690832,7.49987684010018,7.38394036514916,-1.09638324910023,2.04159765474469,3934.38285147453,47.2111218394755,715.530064391885,7.11546196492401,1.0000354,0.999906617566645,150,
4331,46.152847886792,33.1781787827359,23.5882059666944,662.187990911021,12.3654793251456,51.3633318209597,89.6318878749289,70.0414797070799,43.0853861705164,7.52062425234845,7.38216370749528,-1.23564489114655,0.497581169775823,2963.10079449355,42.3049428265296,485.603285585557,7.11119287090266,1.0000354,0.747614880207008,150,
4332,42.3611163821376,30.606451243328,21.9182204885557,611.901239380456,10.4029262122003,48.8789487945322,87.7152049004059,73.4591657275154,45.1542811896313,7.49018344011617,7.36138867703463,-1.43908368464223,0.0138759891289784,2815.47110877309,38.3270226511503,448.431329381473,7.09473435986276,1.0000354,0.561942303133294,150,
4333,41.4896499434676,30.212321591394,21.8769049833397,626.990764225699,10.3664609480968,49.6489412334702,87.1792011998578,77.6138856833637,50.8719307281842,7.44701470109958,7.30807651671187,-1.45987407316818,-0.178439916534193,2853.91131882808,36.770628009413,437.954990221078,7.06601418235852,1.0000354,0.518709131983333,150,
4334,60.3924170251484,50.5247088813014,43.2311854706319,1744.650093058,30.9541625949403,50.5740344546824,92.2438651402512,135.882115637102,57.6892491207802,7.65437612694271,7.24945525941562,-1.71914303353903,-0.32443211157039,4371.9321940693,32.1744489594594,557.857130469355,7.09468359152756,1.0000354,0.945705378600392,150,
4335,48.1167442503139,36.1359836489093,27.2806388565667,943.632099148739,18.3510311937337,76.0138179218966,96.5302849482446,84.5897614388197,62.2803152081703,7.49395179473409,7.20922825788019,-1.2124903778612,0.102277116158861,3304.4334675402,39.0642249290437,439.79880894271,7.15201142808467,1.0000354,0.96061827230978,150,
4336,46.0596519285299,34.3005212109378,25.6089898109784,1497.70074381445,27.3437250426886,57.0555866712452,93.8757657274534,85.3808310698118,80.1328239158107,7.6109340277913,7.09052663516206,-1.26786211338444,0.0191551527899714,3273.63622335378,38.3415830267228,410.618963927545,7.14211512790755,1.0000354,0.951682381282438,150,
4337,46.6874305480779,35.0406311463801,26.4321272407774,1564.76669919388,28.8511898865362,55.5024770732002,93.7740365953541,87.6187832805351,81.1841597495499,7.6286176311101,7.07214204627384,-1.30804969647192,-0.0130811130589805,3327.35114184379,37.9753178173038,407.291793409424,7.16544168269134,1.0000354,0.953348602420593,150,
4338,49.2397066000888,37.9195201295573,29.5524257817731,95.6186687858957,34.0584351343751,69.6240711749992,94.2145273233179,88.8700584864448,83.4769850697551,7.37322598403604,7.04316846338143,-1.32844001496235,-0.0471992758690023,3280.22676917226,36.9103703208723,406.654511775416,7.16551830577886,1.0000354,0.968405883237594,150,
4339,6.56688521955875,6.56688521955875,6.56688521955875,0,13.1763204101291,24.4974925555352,57.4035529701375,0,31.4411880819434,7.46088778383045,7.44842390511342,3.7375597413893,-0.0785282359530166,0,0,15.4677314049377,6.96101520756388,0.0398626196810238,0.474440797048842,150,
4340,3.37202173650659E-08,3.37202173650659E-08,3.37202173650659E-08,0,0,0.504416519918413,4.76799258462264,0,0.107199848832866,9.92214476351316,9.91579217077945,-6.57274575344147E-06,-0.0793950326637853,0,0,5.4535768658727E-07,6.96322861007969,0,0,150,
4341,1.59281148616884E-13,1.59281148616884E-13,1.59281148616884E-13,0,0,0.0897273178190854,8.59980286786379,0,0.000719753506600846,12.0952295214997,12.0888978436301,-2.51689448704795E-06,-0.079724216786218,0,0,2.59017352683634E-12,6.96290359010005,0,0,150,
4342,1.59281148616884E-13,1.59281148616884E-13,1.59281148616884E-13,0,0,0.00796909338175742,3.44780453778527,0,4.84755929442529E-06,14.2670685880024,14.2607370505583,-8.67966906792361E-07,-0.0798453168572317,0,0,2.60425591227868E-12,6.96200238196237,0,0,150,
4343,1.59281148616884E-13,1.59281148616884E-13,1.59281148616884E-13,0,0,0.000316176836479471,0.211975627696305,0,3.26510948163621E-08,16.4388468765103,16.4325153400119,-1.92842978918861E-07,-0.0798898670836752,0,0,2.61827497785676E-12,6.9609153808071,0,0,150,
4344,1.59281148616884E-13,1.59281148616884E-13,1.59281148616884E-13,0,0,0.000426462621049342,29.6093060436972,0,2.19966396519721E-10,18.6104572820083,18.6041257455164,-3.55591132983335E-07,-0.0799062561960899,0,0,2.6323014041556E-12,6.95983924570708,0,0,150,
4345,1.59281148616884E-13,1.59281148616884E-13,1.59281148616884E-13,0,0,9.67701762301149E-05,58.0321196032392,0,1.4811107167019E-12,20.7825225043849,20.776190967893,0.475545513726212,-0.0799122854136058,0,0,0,6.95865341336538,0,0,150,
4346,1.59281148616884E-13,1.59281148616884E-13,1.59281148616884E-13,0,0,1.62359663811044E-06,1.12529645366376,0,9.97196269353381E-15,22.9546638532936,22.9483323168017,-9.94825333222593E-09,-0.079914503438776,0,0,2.65987447061738E-12,6.95747264890771,0,0,150,
4347,1.59281148616884E-13,1.59281148616884E-13,1.59281148616884E-13,0,0,1.82216892463988E-06,59.6420750469699,0,6.71763460825184E-17,25.1263199787127,25.1199884422208,0.482747014221892,-0.0799153194046363,0,0,0,6.95644472461077,0,0,150,
4348,1.59281148616884E-13,1.59281148616884E-13,1.59281148616884E-13,0,0,4.87205688521334E-08,3.43017959818411,0,4.52423634044115E-19,27.2981897565224,27.2918582200304,-1.94460403335484E-09,-0.0799156195817012,0,0,2.68660334460711E-12,6.95538850962651,0,0,150,
4349,1.59281148616884E-13,1.59281148616884E-13,1.59281148616884E-13,0,0,9.85629127696997E-09,8.2307956050865,0,3.04729444143619E-21,29.4699790758833,29.4636475393914,6.66373881181848E-05,-0.0799157300106716,0,0,2.69954923170007E-12,6.95438408472215,0,0,150,
4350,1.59281148616884E-13,1.59281148616884E-13,1.59281148616884E-13,0,0,2.10922833969828E-09,20.4962046675936,0,2.05233986154954E-23,31.6418369447388,31.6355054082469,6.61446368788177E-08,-0.0799157706352198,0,0,2.71222993299742E-12,6.95339162223142,0,0,150,
4351,1.59281148616884E-13,1.59281148616884E-13,1.59281148616884E-13,0,0,5.51312792843688E-10,53.9944338764233,0,1.38249647386217E-25,33.8135350312209,33.807203494729,4.28116631034925E-08,-0.0799157855801558,0,0,2.7246518042865E-12,6.95246446368227,0,0,150,
4352,1.59281148616884E-13,1.59281148616884E-13,1.59281148616884E-13,0,0,3.09089642670925E-11,13.4067072651941,0,9.31603550858501E-28,35.9849284157994,35.9785968793075,5.12543972153168E-06,-0.0799157910780908,0,0,2.73681004510084E-12,6.95162872645068,0,0,150,
4353,1.59281148616884E-13,1.59281148616884E-13,1.59281148616884E-13,0,0,1.03255506180591E-11,55.331305523021,0,6.27809248491879E-30,38.156262858307,38.1499313218151,7.94909380585906E-06,-0.079915793100668,0,0,2.74875034695818E-12,6.9508400515084,0,0,150,
4354,1.59281148616884E-13,1.59281148616884E-13,1.59281148616884E-13,0,0,7.72577293985338E-13,24.0900079657107,0,4.23125018947234E-32,40.3275084562358,40.3211769197439,0.000886477959751719,-0.0799157938447324,0,0,2.76044761136354E-12,6.9500887359619,0,0,150,
4355,1.59281148616884E-13,1.59281148616884E-13,1.59281148616884E-13,0,0,2.11493838485735E-13,61.6390655519089,0,2.85116527074549E-34,42.498928672961,42.4925971364691,0.129687319529952,-0.0799157941184583,0,0,0,6.94932090429098,0,0,150,
4356,1.59281148616884E-13,1.59281148616884E-13,1.59281148616884E-13,0,0,1.93253468632708E-14,39.4758479927918,0,1.92126855226612E-36,44.6703248998141,44.6639933633221,7.99752115909769E-05,-0.0799157942191568,0,0,2.78319994349121E-12,6.94858110186717,0,0,150,
4357,1.59281148616884E-13,1.59281148616884E-13,1.59281148616884E-13,0,0,3.24087612083575E-15,51.6979090490707,0,1.29447132931165E-38,46.8418437669651,46.8355122304731,-1.10444986489711E-12,-0.0799157942562014,0,0,2.79426886181014E-12,6.94783550742175,0,0,150,
4358,1.59281148616884E-13,1.59281148616884E-13,1.59281148616884E-13,0,0,2.81484119545783E-16,27.8825554937817,0,8.72323606437494E-41,49.0132009785464,49.0068694420544,0.000722125610049584,-0.0799157942698296,0,0,2.80512054490304E-12,6.94713793870098,0,0,150,
4359,1.59281148616884E-13,1.59281148616884E-13,1.59281148616884E-13,0,0,2.70773417383623E-17,15.0177170746336,0,5.8773494205104E-43,51.1847207975925,51.1783892611006,-7.061018436616E-14,-0.079915794274843,0,0,2.81579223087416E-12,6.94642742746133,0,0,150,
4360,1.59281148616884E-13,1.59281148616884E-13,1.59281148616884E-13,0,0,8.83823216729979E-18,57.2943687630986,0,3.96017242604417E-45,53.3561832194137,53.3498516829217,1.79008301559591E-06,-0.0799157942766873,0,0,2.82627013236677E-12,6.94574594528043,0,0,150,
