4320,124.889298240475,103.590702389318,87.8482619775922,521.204697040822,11.7978892622919,91.3407838726265,97.7645073106346,76.07600501814,41.5943354050009,7.44736591576028,7.37700692979244,3.30977160792857,7.72805876301199,5283.1567079711,69.4457694868619,762.854530689086,7.09039683797121,1.0000354,1,0,
4321,127.86459016906,107.050189974744,91.6656333093798,516.559916396949,11.762951665256,94.6007173396627,98.1328076109451,77.0074919340801,41.673710851194,7.44677841891321,7.37611333949701,3.22373646853933,7.76868395084473,5226.26829850888,67.8670109524236,778.203216443488,7.09205232227695,1.0000354,1,37.5,
4322,126.475863492858,105.488096262422,89.9753987442726,517.303527466005,11.7895432260972,93.0322446451024,97.9653284337285,76.027559830793,41.7160226964527,7.44603635330205,7.37560858140848,3.15126686260575,7.75681639464573,5202.73986973119,68.4322879928071,770.128376987662,7.09142782879497,1.0000354,1,37.5,
4323,125.98782890948,104.897492192144,89.3089824445488,522.992742652544,11.8714175084916,89.9386156693662,97.6143725111836,75.9360040966285,41.6873886346216,7.44688124318581,7.37584422737676,3.05301913250262,7.68466253537619,5221.87023390772,68.7667239806679,769.059670236146,7.09081352140326,1.0000354,1,37.5,
4324,125.062596663524,104.212973732081,88.8023828697098,520.189596158501,11.8549740412776,90.0661694731793,97.6416878644912,76.1134229692688,41.6827642724339,7.44784850348204,7.37583168889255,2.93562134886156,7.57925350589976,5174.33187371056,67.981857494436,770.806694690875,7.09162572902347,1.0000354,1,37.5,
4325,125.34867366729,104.507800052458,89.1036760762778,526.119387965811,11.9354034321491,88.2294138738916,97.4173083423718,76.4382726914722,41.6069509915753,7.44781227189129,7.37656276269284,2.81368380206272,7.45237592539607,5194.23514209668,67.9533296502156,772.792222775844,7.09208607546154,1.0000354,1,37.5,
4326,124.87604118522,104.361619720941,89.1987864647343,525.439846684919,11.9413015632252,87.8773240733063,97.3855194232085,76.7129509489573,41.6156228084473,7.44908016353835,7.37641466715762,2.68564615495262,7.30634955291682,5131.24539506277,66.8889063917898,768.898214701394,7.09328595686039,1.0000354,1,37.5,
4327,124.147855478349,103.910947337092,88.9532326239887,519.465231675076,11.8879833146399,89.0753412992393,97.542990671437,77.0406161969039,41.5986000631987,7.44888713516338,7.37653529226028,2.55992480163311,7.17064642956454,5083.45203152356,65.9840520814507,765.155342522299,7.09361800772723,1.0000354,1,37.5,
4328,124.208364300473,103.991926069537,89.0493412901504,522.467777805086,11.9337809910973,88.2422584312171,97.441036248238,77.4152244652766,41.5693040390886,7.44850507659591,7.37678489192756,2.43898968025456,7.03473661485259,5103.00321874765,65.9173083071861,766.77992751117,7.09363212963543,1.0000354,1,37.5,
4329,123.961818722,104.076316942371,89.3783373661229,523.104967315172,11.9524907740711,87.6060431562044,97.3733433494476,77.7114572926167,41.5901849891409,7.44999929937535,7.376512054029,2.31118489781097,6.88581797134722,5038.67595490989,64.8382636287097,766.030148043889,7.09448067024009,1.0000354,1,37.5,
4330,122.898785552696,103.284553489693,88.7870776170392,516.020722896647,11.8853264229192,89.0734235744026,97.5650338384121,78.0622650778351,41.5991271161041,7.45000824003486,7.37636383760657,2.19014725810089,6.75680046268539,4992.37591967269,63.9537670947011,769.26041131388,7.09464046132631,1.0000354,1,37.5,
4331,122.80848547707,103.19497024145,88.6980241977311,521.066592000332,11.9528228142042,87.7816258830339,97.4039035856268,78.0921742205012,41.5822345564268,7.44948449723268,7.37648512528974,2.08774062969306,6.64222255174491,4994.10619930043,63.9514298218802,768.521638819604,7.09507992053825,1.0000354,1,37.5,
4332,121.660982058148,102.297923926351,87.9860983506749,516.180018041671,11.9098428770872,88.4774007969195,97.503479548249,78.1723391334097,41.6150201496865,7.45046195641563,7.37608873372021,1.9926634789044,6.53921433146629,4935.3945644968,63.1347944708935,761.919633721602,7.09541633098642,1.0000354,1,37.5,
4333,121.790012340964,102.428385505626,88.1176178447233,524.869381503886,12.0147287192859,86.1807864205377,97.215184882764,78.6065069716859,41.5584873519281,7.45145832951118,7.37662467649431,1.88555878577604,6.42091557507451,4962.43881646852,63.1301276147023,765.134985796751,7.09515058584606,1.0000354,1,37.5,
4334,121.348088808253,102.247591118918,88.1298319572354,523.31365769401,12.0087032416235,86.1927899998868,97.2266177363476,79.0920753337009,41.5306994916779,7.45213121954305,7.37686124513682,1.7702298721201,6.29810210250151,4925.7512539865,62.2786952195153,769.231156913021,7.09662392524199,1.0000354,1,37.5,
4335,120.985507395552,102.128676332247,88.1910185898046,521.271557644442,11.9973244040474,86.3594066375043,97.2567425535626,79.5935003634771,41.4950526874108,7.45250132137236,7.37718003949545,1.64960187843152,6.17851762930741,4893.7427557494,61.4842007626414,766.709071130439,7.0974895742718,1.0000354,1,37.5,
4336,120.623835645423,102.017631578015,88.2652198760173,520.163451222387,11.9955804964617,86.3524106585779,97.2644266365669,80.0694308375851,41.4901959187474,7.45303425046527,7.37717683158942,1.53106622265724,6.05735085986848,4857.57307862044,60.667011465008,765.672076955654,7.09790196423158,1.0000354,1,37.5,
4337,121.024817696674,102.48393699946,88.7798077884764,527.691399544698,12.0852099288693,84.7081315315787,97.0459979984814,80.516491315715,41.4404705203812,7.45333772130723,7.37764376258017,1.4155244311465,5.92432747482191,4867.54552878932,60.4540194095528,769.593501567207,7.09824509052012,1.0000354,1,37.5,
4338,120.59671221811,102.363874854705,88.8874298469706,526.00103737021,12.0770964306297,84.7204004918262,97.0602804258227,80.8679786199293,41.4463669604641,7.45437871892261,7.37752869285529,1.29657962676797,5.79067941158017,4807.57056398506,59.449619565491,765.891557606853,7.0995857955847,1.0000354,1,37.5,
4339,119.799086737178,101.850935300314,88.5849103252412,519.941710849659,12.0223668634766,85.6220428854101,97.193246701589,81.2506825053101,41.4366297809919,7.45484872105281,7.37757686015769,1.18187911512118,5.66346481416095,4754.90193693525,58.5213784096458,761.82125991667,7.09995855400066,1.0000354,1,37.5,
4340,119.807582229796,101.935054933332,88.7249260620318,527.06095130184,12.1078618563402,84.1715084764301,96.9973811814247,81.6894031124967,41.3960156690888,7.45495144297817,7.37794870086741,1.07118422802707,5.52920390523293,4760.43361803275,58.2747998718638,771.726527519239,7.10029560976959,1.0000354,1,37.5,
4341,119.230909042887,101.666052386074,88.6833322484299,526.105225454504,12.1073218779897,84.0381501521355,96.9921235837015,82.1015288269014,41.4002011871685,7.45614970754152,7.37785108083013,0.95713579879572,5.39654403483843,4702.08716850691,57.2716152268072,766.762536808609,7.10166821028713,1.0000354,1,37.5,
4342,118.612181309545,101.024609989316,88.0251007526252,520.671048163447,12.0587636090386,84.791714899782,97.1062259384369,82.3299844324735,41.4030880114877,7.45655500587394,7.37776677636163,0.869191268154663,5.30218544945583,4721.26879326693,57.3456781974651,761.888745719875,7.10211443210968,1.0000354,1,37.5,
4343,118.831706191658,101.593555934855,88.8523144406972,530.370922630168,12.172396129221,82.7015907775944,96.8248339303197,82.8742585218097,41.3352495552294,7.45842927390919,7.37842524529332,0.752100631953442,5.15544953586633,4658.06065516076,56.2063629677593,766.086159369203,7.10265230295494,1.0000354,1,37.5,
4344,117.766537629092,100.856554892226,88.3578719997602,522.082947902968,12.0928365790339,83.9561974254221,97.0123699867587,83.413355953327,41.3169101405394,7.45841679683615,7.37856415854822,0.6361738470361,5.02131987504402,4599.10770580652,55.1363466107262,765.689521820954,7.10427619846009,1.0000354,1,37.5,
4345,117.605117922686,100.691337549771,88.1898477089206,522.50822268981,12.1068522673088,83.7299319221702,96.9872193984346,83.9018679346268,41.2952241395602,7.4586544199377,7.3787383618645,0.542645689114192,4.92203608763213,4627.08138619516,55.1487291057739,765.173590577599,7.10445310601714,1.0000354,1,37.5,
4346,117.45673445386,100.904990684402,88.6710931156721,528.898342897326,12.185251560046,82.3723553942587,96.8051185874514,84.3420999686787,41.2834840908094,7.46010274984446,7.37880871309082,0.425779260280332,4.78023936435415,4551.79805865008,53.968279902213,766.401515786709,7.10510060103237,1.0000354,1,37.5,
4347,116.574412963424,100.272065775363,88.2225048102738,526.140719545008,12.1648464278703,82.6887600522188,96.8585243442586,84.6380953704871,41.2898836042685,7.46023490671376,7.37868833109254,0.342478720274551,4.68510156599107,4498.94663221031,53.1551024691309,760.392947444407,7.10599795036416,1.0000354,1,37.5,
4348,116.561676593792,100.307382501731,88.2933390423812,535.231588505973,12.2730062479784,81.0573742217862,96.623276809611,85.1143386056589,41.2437211673448,7.46103168717833,7.37912153540107,0.26122483307194,4.5836200246904,4510.92559475938,52.9984215193029,772.26865296813,7.10619947125516,1.0000354,1,37.5,
4349,115.881305275267,99.8958016867852,88.0804294692118,535.185227023924,12.2820391050174,80.8077373768991,96.6007713528822,85.6411360187914,41.2522171539115,7.46238826113838,7.37898005075668,0.171491485731229,4.48370017988804,4463.78803297124,52.1220086570523,765.528740146701,7.1079477773356,1.0000354,1,37.5,
4350,115.382288557458,99.5761822554412,87.8934080322117,534.090312328605,12.2795668082981,80.7683973020944,96.606564980891,86.1191422700423,41.24308048618,7.46316456162334,7.37902487549175,0.113087705319811,4.41587100874005,4438.3282208605,51.5370695047486,762.577751814763,7.10871800858026,1.0000354,1,37.5,
4351,115.226827806301,99.6061792711661,88.0604825278054,549.731609865288,12.4604767891283,78.1318291942487,96.2085368907626,86.9044309473014,41.2421269762408,7.46644650378718,7.37898484793547,-0.0142533706079551,4.26731835733727,4426.24860322672,50.9323696729662,772.244496550467,7.10993190649577,1.0000354,1,37.5,
4352,113.951464754149,98.486087787592,87.0551569862235,559.835598689582,12.5813501110211,76.7188978413007,95.9673634938245,87.7806193190778,41.1882136179249,7.46653711774383,7.3795039322058,-0.118456034694183,4.11579192420494,4426.43379161311,50.4260943468998,767.416394067786,7.11283696423697,1.0000354,1,37.5,
4353,112.565398761087,97.2964277433437,86.0106665563158,570.505007072304,12.708652120451,75.0095509821025,95.6847762606032,88.9854201881664,41.1874727086455,7.46958292835173,7.379464665885,-0.212345204619764,3.95205769330452,4430.20117538123,49.7856970952459,765.803886629606,7.11484576901129,1.0000354,1,37.5,
4354,111.248782689487,96.1569411315814,85.0021017192167,587.567767436466,12.9075550045683,72.6219346255934,95.2393440195592,90.5898434077577,41.1416564040923,7.47218482760654,7.37990316686665,-0.302926028002563,3.77994457760533,4457.7588178033,49.2081523724277,776.824787051166,7.11733895583347,1.0000354,1,37.5,
4355,109.973628593385,95.1272822715506,84.1538958597599,603.174036005367,13.090731287629,70.4900576276409,94.812051388148,92.5126289884474,41.1320576765619,7.47502640051422,7.37996215116736,-0.396415665998866,3.60201665277381,4478.32318200348,48.4076955867584,772.225111386135,7.12048355773905,1.0000354,1,37.5,
4356,108.559893183724,94.1295129510315,83.4635797355635,606.518993530667,13.135250169494,69.9555282684284,94.7183494158379,94.6668466337986,41.1307197683861,7.47698716862167,7.37993664458757,-0.505669927521696,3.37113992278854,4454.20814069819,47.0514049963921,768.633017485657,7.12323470932257,1.0000354,1,37.5,
4357,107.309145176508,93.1484336675526,82.6818208131073,618.579997605923,13.277640895859,68.4974560911027,94.3977336904481,96.8946970404237,41.2239925112838,7.47874357932225,7.37891624191934,-0.585449852571023,3.19091152545181,4473.83441505521,46.1721286273155,768.828365922886,7.12458002120087,1.0000354,1,37.5,
4358,105.465923932133,91.6491770403443,81.4367989029352,620.292037078582,13.3017740908693,68.3386590497142,94.3813777373546,99.2729847890761,41.3326931870616,7.4801876005358,7.3777390694416,-0.706022545435779,2.92618721605239,4472.30798276972,45.0506045755748,762.987801231127,7.12623111769832,1.0000354,1,37.5,
4359,101.349279743082,88.2620469012421,78.588874800752,618.545074008818,13.2859728563468,68.8063812764879,94.5047166693307,101.941128461681,41.5480077784269,7.4806408838013,7.37545302026911,-0.820711081107282,2.48679052750986,4350.02835406291,42.6719658660445,756.915082981659,7.12634896532731,1.0000354,1,37.5,
4360,98.2829877519623,85.3755838146485,75.835328730547,616.569321361566,13.2672205607847,69.6740744603614,94.6706283457693,102.427184010714,41.8451984516982,7.47708955737576,7.3723316128534,-0.869243039303409,2.26759282003373,4310.71148132613,42.0856193886499,736.714456652864,7.12432927126677,1.0000354,1,37.5,
