4320,128.909731618083,108.57909485644,93.552102467399,529.313863779198,11.8988796262246,91.6284821897303,97.7919541035707,77.8007999430007,40.9958681129257,7.44357997872827,7.36874237002923,2.87350566784671,7.51228232186273,5157.38870971557,66.2896617193401,749.248219817121,7.1068285323287,1.0000354,1,0,
4321,130.455955290532,110.640180424982,95.9937381330539,523.040972325007,11.8670315117905,95.4772020379878,98.2250748430112,78.0797706215661,41.1435949680219,7.44298173829431,7.36706314094776,2.74406678259197,7.56480083400583,5044.80530318538,64.6109134674119,749.962256268688,7.10759520097541,1.0000354,1,75,
4322,129.922169495119,109.989645109229,95.2569096935716,523.430553381814,11.9066851846961,92.8967507821219,97.9578447414681,77.6146320432118,41.1728781245476,7.44224805888096,7.36663994843117,2.56139386964667,7.49414442402781,5044.29792343908,64.991584584601,749.78988565139,7.10705186880937,1.0000354,1,75,
4323,128.439196081133,108.701903803749,94.1134703813346,528.579800116203,11.9947301136541,89.6034745148286,97.5876056612386,77.8008922810088,41.1581159695801,7.44277977646614,7.3666845652484,2.34800887509488,7.31919979080059,5006.87756897234,64.355014732839,752.106612282768,7.1067312212032,1.0000354,1,75,
4324,127.823969598808,108.301486377205,93.8718248655855,531.370034309455,12.0542950290408,87.8797843459005,97.3873606583458,77.6964311636555,41.1364817586273,7.44347124495282,7.36680440297013,2.14246951196203,7.11481210833054,4945.73623265177,63.6546126840027,757.391828993646,7.10768947165363,1.0000354,1,75,
4325,126.415429043477,107.194169926426,92.9871523181704,537.0875876898,12.1445410711395,85.5931310631218,97.1108908627324,78.4963575320932,41.0805025695064,7.44607080711973,7.36728948060844,1.90697177637421,6.86395416684837,4919.55884484029,62.6724474804952,756.41958673032,7.10880056725561,1.0000354,1,75,
4326,125.804968668958,106.955941057464,93.0240510837515,540.028612185046,12.2056403286573,84.3270265585312,96.9555161731511,79.3067800411725,40.9944379669139,7.44732733864025,7.36809582518755,1.65976196839313,6.59062896568721,4874.09612189247,61.4587569859986,750.829279557749,7.11087974784133,1.0000354,1,75,
4327,124.841913256425,106.303741843228,92.6016151465181,536.311809311621,12.1955393535729,84.2682072441973,96.97377335337,79.6622199234466,41.0000051440419,7.44884916858084,7.36793453352826,1.45189979138533,6.3512625737159,4815.19766643434,60.4451855730562,753.033194175292,7.11253972418134,1.0000354,1,75,
4328,123.502362426257,105.097058398757,91.4931380306044,538.598423455282,12.2494077464102,83.2576899623579,96.8502309638572,80.279709691285,40.9534493214848,7.44995129774776,7.3683269221193,1.25526005926009,6.14927521880393,4817.74279673799,60.0119608711165,743.498879698337,7.1137357960568,1.0000354,1,75,
4329,123.28800939424,105.542054908976,92.4254798546511,548.794194885556,12.3893694777398,80.7787077544822,96.5106246289585,81.4095353964123,40.8346148963127,7.45328874971689,7.36948956964572,1.00701707496354,5.85702601420418,4710.5266073815,57.8620991318063,752.500558567857,7.11601433700682,1.0000354,1,75,
4330,122.459575697625,104.982011795997,92.0638123904451,543.907787810225,12.3660128850224,81.0444460224179,96.5693948665451,82.2533564825459,40.6909310243659,7.4531117344749,7.37092191184781,0.798806734761452,5.62867507031854,4687.37122311191,56.9869902404113,745.340736761821,7.11811592996153,1.0000354,1,75,
4331,121.291592449289,104.371354288204,91.8650912995761,544.908500444453,12.4066795097298,80.2072269984755,96.4756875118255,83.2181941885044,40.6874314427805,7.4558955575707,7.37086227796177,0.579691921984692,5.38746040156086,4591.12990134494,55.1697852388528,747.763104993145,7.11993771420872,1.0000354,1,75,
4332,120.946221385373,104.349366025006,92.0821251064748,554.614930596197,12.5439011010569,78.2168497522866,96.1804000392619,84.2567375235728,40.5902920045199,7.45804569524365,7.37180427542265,0.35739807895237,5.13092295240283,4559.58451261853,54.1153698402205,755.892012937691,7.12122014521084,1.0000354,1,75,
4333,119.594115797237,103.664227707177,91.8899625971323,558.443704995178,12.6172520839792,77.0824132143225,96.023844066367,85.6596700947507,40.5098963684635,7.46058000889951,7.37257004951871,0.0770252757676615,4.76096459782605,4449.2206473917,51.9406698913303,754.236750254519,7.12406880106194,1.0000354,1,75,
4334,117.988899678279,102.544051891609,91.1282948318965,559.230206626259,12.6572584013081,76.3215938344579,95.9344402563316,86.8446249381787,40.467017295455,7.46352593398554,7.37293525385572,-0.102633859824296,4.47999521845698,4373.42212961412,50.3591573194931,750.538187746908,7.12688851068628,1.0000354,1,75,
4335,117.100260956492,102.015756654971,90.8663404321081,564.277581479246,12.7455197951378,75.1087148593441,95.7476974629282,88.132057804398,40.3434726766028,7.46531762457971,7.3741694466733,-0.272954614134657,4.260691111185,4334.70728360392,49.1842286631325,743.591126843793,7.12921610534011,1.0000354,1,75,
4336,116.22071546472,101.507652959856,90.6327806736523,573.409177643278,12.8810908022133,73.3690020338642,95.4556663856654,89.5482262728502,40.2476559854104,7.46779834029882,7.37510992780533,-0.455940131860606,4.03196435056967,4295.90718487284,47.9731130774536,745.62281490312,7.13175901253489,1.0000354,1,75,
4337,114.315807664058,99.8278777316832,89.1194077816674,585.846488820337,13.055829390051,71.220579981977,95.0751503914211,91.1815755211382,40.3027416627441,7.47190721773002,7.37442605583553,-0.631516408373211,3.79230755167081,4307.33103972535,47.2390503795013,752.755308428085,7.13539730065014,1.0000354,1,75,
4338,108.577468219621,94.6270842720861,84.3159309195602,627.138766973582,13.5688444358823,65.431682429162,93.7651813184073,93.8828076722136,40.3652481429443,7.47779738915928,7.37366751654619,-0.883051626077072,3.29553791090042,4270.38520178592,45.4863388480639,748.565382644295,7.13966304986837,1.0000354,1,75,
4339,94.7686066332814,81.1363734630733,71.0603750329194,646.68828413195,13.8319489489369,61.7769880019625,92.8468078472413,92.5713189502288,40.577132723611,7.48636041796055,7.37131586302682,-1.07107880341271,2.43071889651399,4114.7009710816,44.4489828787454,719.773098250438,7.14661934426867,1.0000354,1,75,
4340,69.2159130144928,55.1829677331919,44.8107907861434,690.171306190019,14.3028251520207,56.8385734784364,91.371663676697,80.4877421511845,41.0853066708393,7.49910849621952,7.36584529949636,-1.07576815010946,1.53206922914149,3682.75983650077,45.7555366577838,659.282297667444,7.14945407499406,1.0000354,0.988512034876825,75,
4341,49.0141528451043,35.9655428294117,26.3209180352041,642.902270510054,12.4143469733811,54.4786564756294,90.5432498046721,72.6837576387354,40.9852751005794,7.50364915730998,7.36684224549193,-1.11724557774706,0.621276640538126,3092.40555562336,42.5460330627612,526.471235899536,7.14490953639778,1.0000354,0.814077701777377,75,
4342,46.2905356655643,33.9838112457361,24.8875366745587,654.678913036925,11.9140543540914,52.4546538648483,89.4673016570795,74.6092466705664,42.1298257469515,7.49429128768948,7.35481669493613,-1.23241297087604,0.321970759703071,2993.84941491321,40.1270559416369,500.534777990103,7.13266723349571,1.0000354,0.724754521630454,75,
4343,46.3128184995616,34.3055837811227,25.4306711631462,668.381341004176,11.9871131389792,52.0006821717278,89.0661876797076,77.528108385405,44.0430489042887,7.484265452799,7.33522734805373,-1.27470753983057,0.185558138115778,3035.26776571936,39.1505458978896,505.511319534736,7.12175414836489,1.0000354,0.706410460042077,75,
4344,46.9738361183026,35.1944463387155,26.4879408494555,689.399413119423,12.759542409559,53.8974671408502,89.6508709475392,80.7014718901788,47.1080908331201,7.46712065677085,7.30502254810775,-1.29129784074226,0.102877464468518,3099.55302440316,38.4076393132102,515.157879989518,7.10994702999484,1.0000354,0.767551624689858,75,
4345,47.673538081767,36.0640646550709,27.4831495135999,778.716858612581,14.6316626672815,58.1048243703344,91.4893951052121,83.6551524038141,51.5003267239005,7.46782956773994,7.26423220527292,-1.28449314268138,0.0706743257002329,3166.64980642374,37.8536135005518,508.556767347305,7.10186192943855,1.0000354,0.856977334616975,75,
4346,59.1563825648911,48.2323974555262,40.1581475920825,1256.23918947724,22.2593585646817,64.2135802234544,94.6368655527307,110.347220002257,55.2555704503396,7.55086988544306,7.22999884241414,-1.36414637134332,0.105207905215471,3930.40512622091,35.6185242015206,530.10164532302,7.11550983924801,1.0000354,0.973205517596154,75,
4347,75.6035555318302,65.3900441719519,57.8409270798679,1636.39249707698,28.6015811799642,73.4582192787818,97.0671452114851,139.631417033726,56.3255535756017,7.63191002303895,7.21592227743101,-1.49815044901952,0.255404780174183,4650.00096919477,33.301967909354,523.413491046914,7.17133179683735,1.0000354,1,75,
4348,86.2294563037352,76.2366194105262,68.8506095329369,1779.74012261159,31.1395286897509,80.5718166247795,98.0399475456156,153.871671101155,53.7790343779176,7.66315050994891,7.2285914960554,-1.49178302016935,0.477508855218821,5013.51467919736,32.5824412207851,532.194011735777,7.2246376252993,1.0000354,1,75,
4349,93.0866612979634,83.0526893470592,75.6362752963909,1843.29989960543,32.3201340487866,78.4253435500702,97.8979332997504,159.119828891061,51.3571942338112,7.6736969580213,7.23984055153962,-1.45746640067928,0.710170109703645,5205.85428123559,32.7165653552815,548.295133646899,7.26572221984833,1.0000354,1,75,
4350,95.8747341977149,85.7085787047096,78.1944637750971,1828.4544870051,32.086850977486,82.2222228687439,98.2659618083888,160.256354149488,49.1711763957313,7.67842521966166,7.24904452713196,-1.43539474427854,0.831109026913486,5312.10716754359,33.1475603306713,556.079095043519,7.29339530337833,1.0000354,1,75,
4351,97.1066463027147,86.8665890754503,79.2978511248636,1808.9053975516,31.7563296400781,80.4589947411952,98.1097599071297,158.736917933514,46.9670905700923,7.67525229437086,7.25877412186168,-1.43473285371506,0.89767266784746,5299.99120774269,33.3885228259411,559.992903022573,7.3101587535708,1.0000354,1,75,
4352,95.7686402381434,85.5062393274276,77.9209864803768,1785.68911732175,31.3556757665336,75.3160616035702,97.6176511525725,155.889661317867,45.3398780710769,7.67560839878126,7.26371140344695,-1.44323718507192,0.915473429728568,5216.28260099821,33.4613761868528,564.591779769688,7.32042179407849,1.0000354,1,75,
4353,95.8355097193381,85.5070738612481,77.8730125748338,1807.80542861305,31.7678229993291,69.4041694579783,96.9238270320667,156.616316668885,43.4092101192372,7.67832057011145,7.27217985889024,-1.4479106746162,0.888889472762976,5274.31889425331,33.6766883964215,579.032344748077,7.32792286711391,1.0000354,1,75,
4354,96.3357593092049,86.1689105234533,78.6542831600717,1844.58740472107,32.4520610963634,64.9874810658684,96.3456303264771,158.432028415722,42.3816458620958,7.68770862973482,7.27186733110744,-1.49372039072952,0.835062891686005,5251.99336156605,33.1498208669332,582.227499457025,7.33742255589171,1.0000354,1,75,
4355,97.0566632958842,87.0311283176492,79.6209502902581,1843.08252752064,32.4552224094469,68.6452475784359,96.9511921598412,160.609520301612,41.2448990536535,7.6928545734872,7.27264236210233,-1.51088658115338,0.82919540797639,5250.17359257295,32.6890559333814,587.277171014324,7.34612210383665,1.0000354,1,75,
4356,99.8423387700044,89.7577585348649,82.3039383610661,1777.4579256918,31.2984900416776,80.8513475145634,98.2238240436403,160.401444444637,40.1831127333095,7.68458405995958,7.27262345738693,-1.44787461573547,0.945685889938253,5274.25255870252,32.8815777000246,586.012214385771,7.35266636307596,1.0000354,1,75,
4357,101.154939857896,90.9556381997205,83.4170239306338,1716.67990682698,30.2223253563179,81.6820113171412,98.2242614454158,156.677414689454,39.5014024096904,7.66657743074381,7.26856696780685,-1.41536557066863,1.0418558439287,5210.40707927374,33.2556360442962,588.067170320994,7.35072979407837,1.0000354,1,75,
4358,99.4850573801657,89.0678561882695,81.3681857420854,1677.46491166527,29.5265493142236,80.6253609995989,98.0838978814025,153.264685537862,39.0573996206097,7.65386822641452,7.26217119635894,-1.41199749199604,1.07894228365497,5205.80591032379,33.9661148427943,578.462793274144,7.34320041132352,1.0000354,1,75,
4359,99.6243541145597,89.3338620230615,81.7278461293453,1752.3170747385,30.8245177348732,68.5228376661179,96.7607458212459,154.561376012137,38.449223364892,7.66260930275413,7.25787097873105,-1.45158985698626,1.03783393938514,5185.99316936302,33.5529697209461,589.264007582585,7.33845511206357,1.0000354,1,75,
4360,100.477770961201,90.3151876466722,82.8037130228903,1829.87942781732,32.2157282412118,61.8603367707515,95.7691296213578,158.271548914081,38.0198343304054,7.67514343723119,7.25155604400173,-1.49977672105208,0.982426101320355,5244.47226854624,33.135912958009,595.869650391643,7.33950105697894,1.0000354,1,75,
