4320,112.998097618585,90.6014342245322,74.0473786724062,500.118551776486,11.5599696341805,91.1339929356977,97.7669531674965,72.0804447523047,43.3207967299444,7.45499760249171,7.39032788129141,3.52034835639512,7.28648543636235,5263.75421613482,73.0261062375939,768.250588770696,7.08872140279297,1.0000354,1,0,
4321,112.720615124228,90.2691349583373,73.6745626618091,497.189400345935,11.6069387309443,90.3476813926584,97.7020431154004,71.7596111045457,43.3479265961495,7.45440283060716,7.38978313465751,3.3708910158819,7.24684776327354,5253.15089900128,73.2048406916256,767.497707423479,7.08849230544307,1.0000354,1,150,
4322,111.743541121684,89.3912636937731,72.8700151601002,497.632173726656,11.691577387799,89.0943894145383,97.5752445898628,71.8208780163634,43.3395339999253,7.45332697600586,7.38960254118089,3.01326514187052,7.10796158482528,5234.40486474217,72.8813822569753,767.680384969747,7.0886147292913,1.0000354,1,150,
4323,110.154021144744,88.1920519711269,71.9592921471489,507.810658570704,11.8887723305009,85.448322364935,97.1491907849758,72.0964171262472,43.3137164145322,7.45577703588659,7.38960306605215,2.57881433189019,6.83467868945258,5162.7343879209,71.6087510823249,770.815252785299,7.08950430759967,1.0000354,1,150,
4324,108.14959806198,86.5585722378737,70.5999879330994,515.679151849461,12.0449200806293,82.5765264536109,96.7933976159183,72.6112732355359,43.1874551649446,7.45842586148123,7.39061668833865,2.10826771655524,6.44802594446113,5111.77995595903,70.3992607232967,761.602230762978,7.09234301162677,1.0000354,1,150,
4325,103.730810598703,83.1670857525049,67.9678108661843,526.740436887464,12.2349334564499,79.0918193755898,96.3313665742793,73.1875953639306,43.029955438571,7.46422589807073,7.39195077218035,1.45953406164134,5.71271001796941,4907.20367801103,67.0496639985178,755.792564611195,7.09656757400717,1.0000354,1,150,
4326,98.5377188806594,79.1460579658761,64.8130912027753,543.308248938053,12.492653113149,74.8961906764666,95.7048291967532,74.4891697232494,42.6810470182308,7.47208924442211,7.39523131027716,0.92175771002227,4.86245440462746,4709.80540394787,63.228056124753,754.087584163513,7.10266711272209,1.0000354,1,150,
4327,93.1460547052744,74.8435329342458,61.3155820600073,542.883390362868,12.5652945178911,73.208594937663,95.4991739382166,76.3789095731872,42.3217315484337,7.47879599775296,7.39864533690122,0.455395914954198,4.03728963128599,4558.05128857678,59.6768311311017,732.068607635015,7.10938208223176,1.0000354,1,150,
4328,83.8330954542166,66.5142227516532,53.7133168410629,550.986070772574,12.7363676093758,71.0210234830948,95.1514741991559,78.7349623412508,42.2666983901882,7.48298008502916,7.39895734637803,0.0196030608052826,3.16394928787206,4446.12906870695,56.469564936561,706.68468614491,7.11409974115226,1.0000354,1,150,
4329,72.2439802194566,55.8865819621393,43.796331076296,577.738767797383,13.0834734794664,66.5324593661487,94.2200290733449,82.3505494410507,42.583110917824,7.48723434519371,7.39548536171912,-0.343075977923659,2.30272416136869,4392.1336857458,53.334600868569,673.364299162109,7.11647773509107,1.0000354,0.994525008203814,150,
4330,43.2721305776191,28.086247211988,16.8618986373912,458.885572539295,9.46075349164941,63.6920792681968,93.4271429658985,59.0178678002709,43.7459291305076,7.48045243761533,7.38358087450889,-0.455399903472288,1.24302459544754,2922.25692803,49.514783182604,420.979214809973,7.10544006575357,0.999699138939005,0.703061019801934,150,
4331,41.6251735613808,27.4740949462899,17.0146020568749,504.427841355174,7.88543906388435,49.5645959319542,86.4204989765937,68.6923083925118,46.5619161224579,7.43256641842916,7.3561376712121,-0.871827777443619,0.782059077089635,3169.51255457446,46.1407198090313,420.869605635502,7.06496732322044,0.976507643941369,0.421005377095802,150,
4332,40.6362726975929,27.7150695576586,18.1646150629245,632.711671494465,9.08063357122973,42.800230733742,81.1697372787381,74.0670013863251,52.1452607199194,7.42338662448883,7.30558791130149,-1.28093752811677,0.294803117407898,3120.48815582964,42.1306127887307,434.004713461341,7.03923188972824,0.967470095301831,0.355547323286926,150,
4333,42.521426526025,31.2084698412366,22.8467192481321,1139.56967244462,15.9745580673843,44.8076855497088,84.2348633499593,100.428648654019,61.2447812852223,7.45931490654487,7.23218202974446,-1.54770971913074,-0.205985423300289,3704.49117871416,36.8867970281695,481.691555997593,7.02208203123539,1.0000354,0.445157986062382,150,
4333.74626142553,50.8430119990612,41.9399855400689,35.3594877225529,972.119121450356,18.4955065793866,48.6342755202378,92.3181132443394,74.6970489954615,66.4239596697373,7.70385729977057,7.19176032868164,-1.76806034933499,-0.576767013132864,2168.38268430952,29.0290274310738,521.337000785754,7.10833558477079,1.0000354,0.950728980264034,150,
