4320,115.629904199718,93.7395091191935,77.5596518857625,497.001881390823,11.4983553731678,91.7239959411466,97.836567252595,72.0442766831257,43.6777785881039,7.4572868989703,7.39190332984631,3.31270491149529,7.25690394139975,5142.18748435295,71.3753780466139,749.982344316908,7.08467418724543,1.0000354,1,0,
4321,115.36473233096,93.3287289802748,77.0412482428118,496.897511975721,11.5181508219538,91.4728913065834,97.8122026845986,71.7227428818669,43.7051366887124,7.45671362808923,7.39157223493219,3.28594739793458,7.25312898459394,5153.28950583494,71.85014541793,750.463958843133,7.08430256677298,1.0000354,1,37.5,
4322,115.182319889851,93.2554330806665,77.0486036999651,497.458937431939,11.5446700284826,90.66868692737,97.7279427786883,71.6975553623421,43.7121079534065,7.45727072387124,7.39144684461874,3.2089106666906,7.21952762779402,5125.97099455903,71.4943622366705,751.780247203831,7.08439580156591,1.0000354,1,37.5,
4323,114.569965409132,92.7873413927035,76.6871410327343,498.855530608701,11.5803660699729,89.8669364673897,97.6403364188814,71.7573823413603,43.7066094357035,7.45758215152318,7.39144738742108,3.10628751564911,7.1628042643131,5096.49502472496,71.0239819016836,748.107265796348,7.08473062626418,1.0000354,1,37.5,
4324,114.010964957296,92.3756376970303,76.3843088524864,496.693513578106,11.5699761686658,90.0503698124151,97.6690117423235,71.8830591958645,43.683462652672,7.45756768305901,7.39162504314465,2.992671010506,7.08892627537251,5070.89761620865,70.5437090871667,745.553700231179,7.08488214850145,1.0000354,1,37.5,
4325,114.076031138596,92.4255633116758,76.4230436135175,506.716357956826,11.7105110625619,87.4035604176929,97.3506894587145,72.0391896368201,43.6643208479958,7.458870060815,7.39176474915655,2.86970812294369,6.97978292928706,5085.46799705012,70.5930761116013,747.086472016168,7.08499314542086,1.0000354,1,37.5,
4326,113.462372963923,91.9548138563857,76.057922342119,506.381210538435,11.7216323058204,86.9815167460683,97.3083604112221,72.3318579517551,43.6063733172545,7.45990928317198,7.39229184230843,2.77465078376851,6.89034745162351,5072.42421990221,70.1271108407789,747.267084774423,7.08675390636675,1.0000354,1,37.5,
4327,113.176833928009,91.8478029028772,76.0828669277798,501.171532124311,11.6723515326899,87.5025035243167,97.3859338620227,72.5772252065814,43.5159729838415,7.46035938947378,7.39314437418243,2.65977481986423,6.79389304383965,5047.38354776515,69.5450057975962,745.130845646642,7.08747170222989,1.0000354,1,37.5,
4328,112.94281925798,91.7110944245655,76.0180804172594,508.775554151736,11.7788600849177,85.9176549880836,97.1833774357246,72.7060580662232,43.4734609572291,7.46065783364152,7.39352104261915,2.50351072204574,6.64841120382933,5033.27544465351,69.2277312032105,754.190924475158,7.08769970111044,1.0000354,1,37.5,
4329,111.860288647692,90.714691624153,75.0853373024064,507.922782483582,11.7822768216907,85.5327602814356,97.1489596281769,72.9329863679183,43.4463915713272,7.46245130202989,7.39374395202261,2.36776617641581,6.49293928694688,5028.50365431236,68.9469046138538,749.715542830844,7.08922804119137,1.0000354,1,37.5,
4330,111.134759828119,90.3505761432239,74.9883534196057,508.461759743886,11.8020029634924,84.9416576332383,97.082977676235,73.2779504113018,43.3435465579476,7.46386306297701,7.39472532562593,2.23878125278937,6.32817812618562,4965.93587489315,67.7684876148944,742.100242531673,7.09073745693516,1.0000354,1,37.5,
4331,109.806138122482,89.355675914745,74.2401168916349,509.838949045369,11.831208966726,84.2763775826801,97.0051675237381,73.4408590436892,43.277328055913,7.46524638746606,7.39534094750806,2.07271400673998,6.09655107462429,4897.06307673211,66.6803621376337,740.928627458272,7.09170995883334,1.0000354,1,37.5,
4332,108.535156682279,88.2229249489673,73.2095362765199,508.335467159961,11.8264042828783,84.1502039872743,96.9984689645319,73.7565073853779,43.1713198112779,7.46590284897329,7.3963561986389,1.92552561668277,5.83977740700631,4884.86771784327,66.2296506573966,735.691299781754,7.09319771391381,1.0000354,1,37.5,
4333,107.547029608394,87.4410209782145,72.5800580776467,500.269133110126,11.7423475128361,84.9826207866595,97.129873461596,74.3606871392611,43.1052595519014,7.46711249785944,7.39697028386477,1.80594596622323,5.64514256028214,4874.88169529672,65.5572437915635,736.653944005301,7.09386381520113,1.0000354,1,37.5,
4334,106.579549225253,86.9522896370756,72.4451847240746,495.676565354138,11.6983723364138,85.701782936165,97.2287405041932,74.8404050696324,43.0829947937743,7.4663362748776,7.39714272427444,1.66872440937215,5.43879357815309,4789.50485225656,63.9962443789602,732.611441712233,7.09408674095051,1.0000354,1,37.5,
4335,105.561414437553,86.2051335185228,71.8983171870658,502.132855338984,11.7900780457825,84.5157579661333,97.0780093265511,75.2747527331666,43.1163028526601,7.46715438457976,7.39675382331669,1.53599355300766,5.22943010243836,4750.79264808523,63.1126968284546,728.46109054593,7.09364764504044,1.0000354,1,37.5,
4336,104.888066948409,85.7401145052914,71.587280090813,495.069500177028,11.7159736199176,85.4584197618478,97.2128498035435,75.83529027927,43.0714935234689,7.4670911160587,7.39715061508779,1.41091590377457,5.04252576034515,4734.65692520727,62.43342522685,724.852133213952,7.09384184133235,1.0000354,1,37.5,
4337,104.299596254185,85.393978504904,71.4202610380443,492.496197068038,11.6961665743699,85.8309097465158,97.2669944897465,76.2754931206777,43.0919525605364,7.46686466186605,7.3968890913462,1.28506073558029,4.85585986199403,4701.87109454478,61.6432736410607,725.292451894648,7.09320249917142,1.0000354,1,37.5,
4338,103.22341912382,84.6165059012711,70.8635700411266,494.206964614546,11.7297708110714,85.3527404027999,97.2145789658264,76.9888783358052,43.1093539613708,7.4677410493705,7.39665828171375,1.17227896087662,4.71215012775263,4670.86318273856,60.6693237218691,727.519115093729,7.09364765082973,1.0000354,1,37.5,
4339,103.539525774011,85.1352719426813,71.5321278064807,496.671170007379,11.7720353871482,84.8267510662952,97.1507073943559,77.4375117830612,43.1001783368246,7.46798077080627,7.39669569087327,1.04740830768445,4.54682802235567,4646.91176181173,60.0085366227922,731.222216232044,7.09442918532389,1.0000354,1,37.5,
4340,102.397954408704,84.3442557569313,71.0002176230125,485.69209053211,11.6460216911097,86.739626401283,97.4006408213053,77.7456252115694,43.1250076659091,7.46669140739438,7.39639088171063,0.944239223647602,4.42095294900278,4576.53692923865,58.8655235170405,726.070563986243,7.09420958960089,1.0000354,1,37.5,
4341,102.262657268042,84.5182839456424,71.4028775769121,495.960822642889,11.7863014039805,84.7771094012424,97.1568074003186,78.1066887556169,43.1736472533735,7.46819862318375,7.39584740399068,0.839105016353996,4.3158736785633,4519.01428801084,57.8569436242535,729.498649337068,7.09416037543069,1.0000354,1,37.5,
4342,102.653964579987,85.1100106435753,72.1427403427491,493.015375443078,11.7612644052582,84.7827930837685,97.1734229207309,78.4291495778415,43.1110030055447,7.4697704024239,7.39642485037754,0.73543533550456,4.18337751101944,4486.41873959437,57.2034602407816,730.905194816533,7.09587234494255,1.0000354,1,37.5,
4343,102.536692697147,85.2708856093443,72.509202109664,493.553262634289,11.7787539663122,84.6834192625243,97.1634982411805,79.1954030126558,43.093083994957,7.46948739420865,7.39655326451538,0.645598266986502,4.08320703259318,4458.42719488235,56.2965402697664,731.786543074559,7.09643362977495,1.0000354,1,37.5,
4344,102.144687469478,85.2279390184925,72.7242553808074,491.921744831463,11.7689778760659,84.734874076014,97.1838808340634,79.5639849367097,43.1712853389285,7.47075113798798,7.39571551497822,0.539829776943221,3.97264630325443,4388.62264465795,55.1584067609099,728.077063941891,7.09783609536295,1.0000354,1,37.5,
4345,104.555329048032,88.0993537360263,75.9362415488919,505.744541154558,11.9422216378214,82.4968762218536,96.8879567160592,82.2205189563761,43.1075168585203,7.47259691049728,7.39630977193134,0.451741838978991,3.91197902602927,4411.62574482375,53.6560192129708,751.056370463777,7.09883655158664,1.0000354,1,37.5,
4346,106.047947838603,89.8902054458401,77.9475262859718,494.81776372838,11.8217763045712,84.8094489230204,97.1997328725712,83.2567281792002,43.2911258922501,7.47029305668881,7.39441972691921,0.340938055086244,3.86694413402404,4386.26474813084,52.6836070075914,750.579148180657,7.10094795509011,1.0000354,1,37.5,
4347,108.013182651805,92.1602662243312,80.4428932127204,505.744996581464,11.9556797381794,83.2996689553961,96.9989684683962,83.9403197716296,43.51324858489,7.47086178959229,7.39215696349157,0.245212808429824,3.82359689472887,4338.84974964349,51.6896976500434,751.132060206302,7.1013014857387,1.0000354,1,37.5,
4348,108.524968189155,92.972144061327,81.4765784016278,505.641325714249,11.9593540306083,83.5964664693954,97.0454083245814,84.5774615022711,43.7394672779356,7.4711148604223,7.38986812905989,0.175195403013245,3.79707143104504,4289.02649297094,50.7112227866495,758.310405853491,7.10151299709185,1.0000354,1,37.5,
4349,108.683419629657,93.1852356016453,81.73005610268,513.380030736226,12.0473906381765,82.8008282792282,96.9255920423168,84.6119630565789,43.9754372692406,7.46977080231384,7.38749756343522,0.120215223289172,3.77404764614947,4275.70177694939,50.5330643858279,761.635568569797,7.10150129399866,1.0000354,1,37.5,
4350,108.715906997946,93.305854680728,81.9158160114802,517.503614834035,12.0949807729879,82.4037034001371,96.8685232994567,84.3922675418414,44.2149614915102,7.46956333848252,7.38510702239567,0.0732454640206304,3.75194034960302,4240.34888785841,50.2457039177916,756.901264890345,7.10088716891476,1.0000354,1,37.5,
4351,106.810435461505,91.3408559101339,79.9068188504244,528.555331131831,12.2173389589339,81.1900849789941,96.6845099516101,83.7672694220498,44.6901328361977,7.46900982371149,7.3804348303135,-0.0331971475741781,3.69837737846152,4225.20408245641,50.4397972096751,744.033987932344,7.10008818133344,1.0000354,1,37.5,
4352,103.162562602226,87.9630586971748,76.7286427673544,581.394148449806,12.8011968685816,73.3528131441395,95.368190610689,84.2150682454669,44.8259285449324,7.47676906821279,7.37908895482051,-0.152087369649266,3.46709161321518,4173.63090802292,49.5591940370786,747.874684780873,7.10158981636818,1.0000354,1,37.5,
4353,103.262589988016,88.1747083195705,77.0227957820239,597.100283840597,12.9789300351777,70.9040024466132,94.8998953912914,86.3719509864449,44.6406383625467,7.48154485194758,7.3808622052472,-0.221223919662705,3.32069631572635,4249.08893035705,49.1952408372007,757.796135380844,7.10647887190559,1.0000354,1,37.5,
4354,103.997861100418,89.0815802630485,78.0565031223842,603.931883073338,13.0571768830628,70.0516599116516,94.7175691866913,88.3698726109129,44.5488697969468,7.48234502184595,7.38173248183779,-0.279184497544881,3.23413717703734,4297.93261484509,48.6357226491501,755.106040951441,7.11015887500227,1.0000354,1,37.5,
4355,104.217808214033,89.7051850117527,78.9784635144155,597.495758101613,12.985751498074,71.0124826580572,94.9407951913161,89.5579044287206,44.7268228142136,7.48270270154359,7.37997938986004,-0.359348090340055,3.15930849885388,4237.84105787712,47.319564754332,755.028109391688,7.11229402267634,1.0000354,1,37.5,
4356,104.346322749773,90.0402262644207,79.4661549491606,601.733428610966,13.0329338200076,70.8134832331569,94.8886584187541,90.2702210211194,44.9405165861131,7.48196692366467,7.37788871306174,-0.443630465411491,3.08368201142001,4210.75988896604,46.6461679315142,758.841327157748,7.11243886994646,1.0000354,1,37.5,
4357,103.097574043475,89.0273858038934,78.6276814528986,612.333283700627,13.1510720808406,69.7904417041665,94.6648762644906,90.7785445862427,45.3095094185906,7.4828114998651,7.37431740531473,-0.569132372277933,2.94846358570578,4164.64459312479,45.876970291898,751.310480201647,7.11225304873467,1.0000354,1,37.5,
4358,101.529675205379,87.9096352493906,77.8426491949644,635.931635135658,13.416709072295,66.7776086030026,93.9621513894323,92.0229636707112,45.4544470832185,7.48633926512446,7.37291161369974,-0.674371369526915,2.73761520524037,4086.66858457188,44.4092259318591,763.10726881218,7.11338201344168,1.0000354,1,37.5,
4359,101.169045760615,87.755260875106,77.8407242205994,642.022769429391,13.4853823727634,65.970486152346,93.766988386769,93.7340459146417,45.4189638135493,7.48783953860396,7.37323286477625,-0.745467310895005,2.5933353465142,4099.6192364,43.7367148339387,767.508631379478,7.11575716820459,1.0000354,1,37.5,
4360,98.0457872905454,85.1316638551904,75.5864421855803,638.877507666008,13.4492124391123,66.6325959383892,93.947062150447,93.7811906611818,45.7430920283617,7.48794980297692,7.37012683935321,-0.846880452997957,2.33033632241077,3948.89419113037,42.1075288476254,751.963209713515,7.11687061724771,1.0000354,1,37.5,
