4320,122.203769743256,100.140530932934,83.8329196383488,501.823163246716,11.5712842217396,89.6705597211934,97.6115646007535,74.5902680808824,43.6756726403025,7.46080978917419,7.39718013886613,3.43496484811803,7.70867743120524,5365.94547682302,71.9389488050159,796.707148962535,7.06048658610881,1.0000354,1,0,
4321,124.271018870784,102.682455308189,86.725690935835,492.540550315613,11.4945681765133,92.3748272672867,97.9367818115013,75.0808550893004,43.7823823883943,7.459727891495,7.39597643146988,3.29980848546707,7.75199644177056,5285.03391362854,70.3912323233743,796.692149264157,7.06131094286574,1.0000354,1,75,
4322,123.357921156108,101.637112841271,85.5826023476959,492.724487912556,11.5354613770902,91.4222118198471,97.8428416807142,74.7078463135223,43.8581957275687,7.45974309863101,7.3950858185779,3.10905041504114,7.68571587398786,5290.99098284982,70.8224268793054,792.087373425102,7.06122246537552,1.0000354,1,75,
4323,122.948590400362,101.565644334688,85.760858112234,493.658486511195,11.5838641637536,90.1262734462342,97.7085342303649,74.5866932550073,43.8381613200499,7.46032904861293,7.39514864997237,2.89296872465059,7.51131568318831,5200.24392942304,69.7208000848588,793.056142887586,7.06161215024796,1.0000354,1,75,
4324,121.436036789231,100.179361601817,84.4679060285116,507.631405508008,11.7910913525977,86.5173680068905,97.2729820556544,74.7364964012367,43.7410000657679,7.4609443823703,7.39597883894464,2.68905447499807,7.32134433309328,5179.91809357772,69.3090838212214,793.365583313998,7.0616021135217,1.0000354,1,75,
4325,120.546202894605,99.4942941536441,83.9341876929336,503.349301193688,11.7729503955705,86.160652011185,97.2586440132236,74.8799605602098,43.6868366939076,7.4637513220504,7.39638606326029,2.4934446858505,7.13305932449126,5139.86730916155,68.6414265006012,792.022856602017,7.06369591761553,1.0000354,1,75,
4326,119.440466160239,98.5693775158081,83.1429206916637,505.330025768602,11.8290672806203,85.2576013607479,97.1527924549642,75.2657852663987,43.5498471968457,7.46386630494303,7.39762099619049,2.29790605730618,6.95167979926905,5121.97579079285,68.0518481626668,792.756627755531,7.0650565750325,1.0000354,1,75,
4327,118.640465944751,98.205165478167,83.1008129593874,509.73375892147,11.91147733555,83.7095392903682,96.9696619994296,75.9940474979222,43.4668077452037,7.46648552630387,7.39832243725366,2.07634829582841,6.74486404000071,5063.55376075066,66.6309260720598,797.807969906267,7.0664406524472,1.0000354,1,75,
4328,118.718528039103,98.5248625188461,83.5991097430042,519.782272339348,12.0503972906931,81.5051399227411,96.6697556661956,76.8443367914717,43.3231806971814,7.46794136319464,7.39963349321101,1.84152205607023,6.51546977435605,5059.6659759308,65.8430560688024,795.672277499231,7.06843103984315,1.0000354,1,75,
4329,118.163728607068,98.4993135345164,83.9647458721954,517.841869703981,12.0584571329399,81.0044502567618,96.6320705437195,77.6965161729919,43.219002997867,7.47078455314764,7.4005543688989,1.60005406802383,6.27048777048312,4981.69804645566,64.1173927974309,796.297487221711,7.0717765138388,1.0000354,1,75,
4330,117.360075340491,98.2230330198305,84.0782626089078,514.146804704344,12.0472271136087,80.9827899877478,96.6563253378693,78.5542117227418,43.1073874893583,7.47205693550366,7.40155279217308,1.35949227326232,6.02546882216609,4901.614069427,62.3978519029294,789.034153279418,7.07379544929574,1.0000354,1,75,
4331,117.250107364878,98.4512495569084,84.5564416118877,524.140299084076,12.1845471294226,78.9414506489062,96.3656240305074,79.3992462463476,43.0165385916057,7.47412938875595,7.40234507386036,1.12263780374208,5.76513192776841,4866.79064133806,61.2951743425641,797.275755533414,7.07565876397052,1.0000354,1,75,
4332,116.311200623247,97.8361004580149,84.1805916402344,520.601851997455,12.1749440121221,78.8335532431548,96.3833627716959,80.2487949272444,42.9301643004367,7.47611367439912,7.40309420687752,0.888784672824522,5.50930793548405,4834.15023049304,60.239536741652,796.382477818606,7.07842168213995,1.0000354,1,75,
4333,115.750491882867,97.9155682608575,84.7332334098066,528.323093865831,12.2893195103883,77.0785825153934,96.1318697414241,81.0982121119821,42.8086724702462,7.47906796486205,7.40420136762652,0.671607967366558,5.24439477978343,4716.03864701223,58.1521900939101,801.658893238212,7.08107427974682,1.0000354,1,75,
4334,114.67919703818,97.3495551450687,84.5406893979863,531.662537722937,12.3561320986973,76.1686269250353,96.0024800951589,82.252801053656,42.6782600403231,7.480237942223,7.40540277987906,0.41583184163326,4.94303476486779,4647.6680990642,56.5046787407567,790.752033715538,7.08351677003265,1.0000354,1,75,
4335,112.686902334711,95.6683260377274,83.0893783399568,535.611526216726,12.4301342913103,75.0738498309492,95.8551978742943,83.4042275157374,42.6988943670042,7.4835245839426,7.40507059181289,0.206091494414081,4.6451134032885,4628.13599573934,55.4904245694988,795.670342711956,7.08631147266927,1.0000354,1,75,
4336,108.090458987103,91.7698424385729,79.7067780331374,569.110809168402,12.8390211159806,70.2966711226028,94.9591946170208,85.5503461723181,42.7087112519802,7.48807798128166,7.40485158155833,-0.0449613268141582,4.16185417788591,4552.5335404839,53.2146711751937,790.099673599872,7.08982798301045,1.0000354,1,75,
4337,103.973929337583,87.827798585741,75.893701943075,589.11683671588,13.0976632412617,67.24870040148,94.3304939494733,88.7538273620884,42.7490046139117,7.49326504921534,7.40432998036695,-0.216708397925121,3.73041624166574,4672.51148083745,52.6457463268038,783.373914991898,7.09464834624453,1.0000354,1,75,
4338,100.671812950825,84.9661398412829,73.3575988472736,607.941343958549,13.3428176009527,64.6959051969082,93.7160323982553,92.7447580977704,42.851301673832,7.49558751559465,7.40319056538257,-0.407985302802838,3.34894574156374,4749.4218785078,51.2095990751415,777.873858365607,7.09817015076949,1.0000354,1,75,
4339,98.2819825584886,83.2076088708166,72.0656804929721,630.273965876037,13.6290768723122,61.8746358092364,92.9139422997343,97.3436784338253,42.9958064531377,7.49592184239625,7.40163939247686,-0.56698649752643,3.01035396413253,4784.55831435096,49.1511969891658,789.811657006815,7.10043784681255,1.0000354,1,75,
4340,92.7353965772059,78.6242179608958,68.1942163749274,655.411435455623,13.9492399744599,59.0177326951496,92.0133260787178,101.872935952532,43.474902154881,7.49783134926405,7.39675029641576,-0.837092771605657,2.39363236000125,4687.23721767777,46.0106226825718,786.11478706088,7.10185315659544,1.0000354,1,75,
4341,68.9673267654622,54.9375659250178,44.5677426951242,633.951573034133,13.6522344152924,60.3104822910423,92.5478190219785,86.0373399286296,44.4509396164684,7.50176508461369,7.38704521459647,-0.879472910186405,1.45837760180409,3935.79132473846,45.7451535345388,681.352239623236,7.10117422096496,1.0000354,0.991952508038263,75,
4342,50.5891804967158,36.7866883016411,26.5848462444121,597.550185394654,11.837661258226,56.3556638984867,91.0530648158509,72.7522498646126,45.3476670812175,7.49691826806485,7.37827825152043,-0.814390305900938,0.879453345647084,3274.151419741,45.0041260006941,548.121692922519,7.08551678134617,1.0000354,0.811555187639419,75,
4343,48.5986653083871,35.3832936736188,25.6154102913988,661.224040991692,12.24049308149,53.1938845682143,89.6524359647984,74.2275627965873,47.9366807115423,7.49388992600642,7.35368559158925,-0.966277157408964,0.66430493660335,3198.44880262236,43.0897726143504,532.966832817181,7.0714057599915,1.0000354,0.758248549517204,75,
4344,47.7640678095351,34.9546371213163,25.4867970474155,712.103930720737,12.8623160539403,52.3549293878332,89.0565293041577,76.7231759638007,51.4897241068008,7.48345216013964,7.32128635581868,-1.10581218230847,0.493143889505938,3204.43319493881,41.7661698005139,531.276798192735,7.06234569644394,1.0000354,0.750878501823327,75,
4345,55.5726153742118,43.9521593225595,35.3631265887296,1308.76614221351,22.2797306085961,50.8519270622027,90.5458551921059,103.366621338668,54.8452750866241,7.58189717992131,7.29109109123742,-1.35211924063829,0.222157571143276,3916.50166320274,37.8894232246481,598.50285404716,7.08152479237409,1.0000354,0.899976587623799,75,
4346,72.3299742027678,62.1631841129342,54.6486001334919,1687.40799124298,29.1154043210256,62.6074166065752,95.6279474641169,137.94122136386,53.3166748432874,7.68040258754391,7.29859004185894,-1.51447129325447,0.159402181276006,4572.70037881193,33.1496294842141,587.05754729416,7.1704040478846,1.0000354,0.987510386696496,75,
4347,84.1385858097018,73.9343613671177,66.3921085182512,1805.95645960596,31.376024495695,78.1968196132566,98.0099171854144,152.177287799008,50.3982300480622,7.71351854924739,7.31623290284706,-1.48006013672548,0.461324754561018,5063.19511482728,33.2716871752546,589.017672349474,7.23902045669041,1.0000354,0.997857066044149,75,
4348,89.6656263528456,79.2738028443558,71.5928898163416,1826.20957865674,31.8402420537135,78.5314587144789,98.079389658022,154.679123710235,47.5499517681384,7.71955111801179,7.33310691167829,-1.41020448135916,0.670510596050856,5241.04980720231,33.883368883189,599.226118481545,7.27969930102958,1.0000354,0.998797764059743,75,
4349,55.5698378904707,41.9945038125064,31.9605612331415,525.382690822483,12.343431500674,91.9102094644897,98.106366960045,79.3471450431596,48.2073260699866,7.44472922964592,7.31841550539236,-0.787087418670422,0.840034528269852,3512.17908972483,44.2634588530493,509.460809745518,7.23936766732366,1.0000354,0.962300068008781,75,
4350,50.3502822315647,37.4305348407065,27.8811563344201,1133.86377927411,20.2486847924088,60.8730073528299,93.2597509897065,78.6978280286662,64.4200400703251,7.51453889249288,7.1839907631995,-0.991787412086146,0.546367590399947,3315.21417398892,42.12586620283,492.135453913599,7.14247482321858,1.0000354,0.933813959287265,75,
4351,49.0006195660309,36.3706380015888,27.0354342365664,1488.93157490298,25.9263688944995,55.3326882966853,92.9856259989148,79.9108966745727,75.2773180367799,7.60629536885339,7.1062737777347,-1.06960594880044,0.404263213929164,3290.81556074623,41.1810616285245,457.150582526741,7.14210946630989,1.0000354,0.952176903395666,75,
4352,48.8619181291768,36.4691730360384,27.3093179671969,1493.77854037313,26.1394153747498,58.6289007509744,94.0278545616757,80.7080459307249,75.3933958518291,7.60650340312633,7.09352520107019,-1.07056224457977,0.34483131929982,3261.21304575033,40.4075332036853,444.274270930056,7.15717577382194,1.0000354,0.954195465068997,75,
4353,49.2349319746077,36.861597585739,27.7160895591839,1285.5491406513,27.5725684867714,60.8137498623625,94.5667863334383,80.637130475146,75.7077578700794,7.60039976172782,7.07756604633204,-1.05943306543809,0.347562381101652,3253.24399116186,40.3442430551838,439.365063213394,7.16688857946029,1.0000354,0.959438353770311,75,
4354,51.3565491121455,39.0752673701727,29.9977982565406,0,16.8134200539159,69.0178596650532,87.4773285210915,80.7104485033379,86.7820855593804,7.04777564036869,7.0019427286235,-1.06347736543805,0.398011517428386,3231.97711453197,40.0440980624498,490.112344222776,7.0506072028645,1.0000354,0.985682461746507,75,
4355,0.00882517695208621,0.00882517695208621,0.00882517695208621,0,0,0.544380951127487,0.211872055198466,0,3.05744126609674,8.45184894690221,8.44493680451261,9.9995732241176E-06,0.392531112796637,0,0,0.150621008313456,6.89847652197426,0,0,75,
4356,3.9820287154221E-13,3.9820287154221E-13,3.9820287154221E-13,0,0,0.618138206441548,26.2613718860099,0,0.0188245935762751,10.6616719590247,10.6553545937427,-3.89224565604529E-05,0.390652287342215,0,0,6.82553695351213E-12,6.89966727650423,0,0,75,
4357,1.59281148616884E-13,1.59281148616884E-13,1.59281148616884E-13,0,0,0.105185379772562,37.6279206042271,0,0.000126711018404938,12.8337646541882,12.8274509513419,-1.87976377064025E-05,0.389961106083925,0,0,2.74147002404087E-12,6.89957588469071,0,0,75,
4358,1.59281148616884E-13,1.59281148616884E-13,1.59281148616884E-13,0,0,0.00259458924635774,1.1895915441464,0,8.53002830743828E-07,15.0060183299897,14.9997046517959,0.010778620734766,0.389706834708888,0,0,2.75250917104978E-12,6.8986973643656,0,0,75,
4359,1.59281148616884E-13,1.59281148616884E-13,1.59281148616884E-13,0,0,0.0024644535496645,51.5664334848662,0,5.7449715433347E-09,17.1778710898405,17.1715574118126,0.938309255267922,0.389613293497533,0,0,0,6.89770856351276,0,0,75,
4360,0.00344856794789715,0.00344856794789715,0.00344856794789715,0,0,3.82909674066184E-05,0.728768028448325,0,3.86813091623125E-11,19.3499721151656,19.3436584371388,0.113052099975357,0.389578881608974,0,0,0.0600676363886755,6.89661746722211,0,0,75,
