4320,131.493958368814,111.359919942191,96.4782393659913,527.809656292674,11.8672681608279,91.5611144566031,97.7834072428119,77.3352969196782,41.1390507723266,7.44490892226433,7.37020480432149,2.77093664182933,7.32787042257059,5076.95684846519,65.648637177125,762.418697011064,7.10547115215954,1.0000354,1,0,
4321,132.028784379562,112.090773489142,97.3539828310048,520.820896062819,11.8663319964561,92.9132048852939,97.9616059510955,77.7184283988914,41.2514144220451,7.44381997293519,7.36877012966989,2.58026623552396,7.32409854893837,5052.43413243976,65.0094737699538,768.675208646915,7.10558249436844,1.0000354,1,150,
4322,131.287718684217,111.753422301224,97.3150293224894,525.399378103479,11.9878611140532,89.0973749672232,97.5420006288062,77.8783146170095,41.284195293164,7.44402603146295,7.36818297907955,2.19819181446362,7.14812698004827,4960.31365121968,63.6931304383453,766.45837386156,7.10522418908392,1.0000354,1,150,
4323,129.680544659304,110.208576133723,95.8162515713376,528.499682915319,12.0874261781367,86.8313355459252,97.2831957953195,77.8894348272182,41.2855611749654,7.44426978172961,7.36793292709895,1.8500345514623,6.90208267798081,4945.19285593439,63.4899054910886,766.249889960868,7.10609721340544,1.0000354,1,150,
4324,128.119397356439,109.155624355431,95.1389225720766,539.13401838723,12.2691350695151,83.2992987961562,96.8387136477997,78.8253343996964,41.2170544017761,7.44682971923384,7.36842322188466,1.43647165354135,6.54803609744145,4873.99850505847,61.8328934748831,767.705129613766,7.10763834371929,1.0000354,1,150,
4325,126.379157585856,108.162030865286,94.6971980718215,548.889317256398,12.4454015242306,80.3448232291611,96.4498925508532,80.1295209253016,41.1734657210356,7.45077264948388,7.36865626233825,0.991514067709931,6.11594863356225,4759.56483589978,59.3983937622283,766.703390995519,7.1105784721253,1.0000354,1,150,
4326,124.69139482397,106.970874835077,93.8730991911119,556.420003789356,12.6011585516499,77.8684414556365,96.1143048274159,81.7000930997841,41.0698059028492,7.45520103607818,7.36952782193278,0.537010643520235,5.6329125414891,4720.56339902764,57.7791679290035,761.771459446602,7.11469704949038,1.0000354,1,150,
4327,122.707703745073,106.029844994234,93.7027320044836,570.95967452081,12.8404520816787,74.5444732891778,95.5937981499936,83.5113612184571,40.8751744683777,7.45991527482917,7.37137050628195,0.0930654536979567,5.11253718298314,4541.30505285376,54.379487851649,768.233126018392,7.11956231099187,1.0000354,1,150,
4328,120.523737789518,104.584227485209,92.8028503037629,585.321474368768,13.0845882857751,71.3384192808214,95.0401435654808,85.645682070226,40.6525099793146,7.46479515043446,7.3735248471518,-0.313212344606599,4.60628752778556,4451.18114736087,51.9720438878761,773.033363110743,7.12512157199978,1.0000354,1,150,
4329,115.829718976048,100.613217434276,89.3662380338362,607.468690839938,13.4272765920986,67.0817866046948,94.1973561717054,88.3505896520512,40.6667222588516,7.47269149509357,7.37315920369167,-0.755702361159342,3.98990890947839,4383.48059543653,49.6146161864893,760.369232152392,7.13179947622056,1.0000354,1,150,
4330,89.4285054458711,75.1513446160405,64.5986605244266,651.27504526158,14.040740658628,59.3589130067111,92.146793665741,83.9356983395239,41.170708796072,7.48460048682245,7.36760683660884,-1.22476752663685,2.36471513122636,3907.35959791526,46.5518209202216,720.478424259146,7.14051444877507,1.0000354,1,150,
4331,45.8778395115462,33.1571425052007,23.7548881961626,687.660533860666,13.0995854039256,52.1861860863197,89.9516414262306,69.8923043333887,41.2288126991221,7.51551353057769,7.36680790169218,-1.35294677047304,0.427953739206884,2898.91238240644,41.4768465577917,494.576058874406,7.13878706227751,1.0000354,0.80678596651683,150,
4332,42.408095676714,30.7809688034372,22.1870054623196,626.375046120219,10.832092549216,49.6482108478698,88.2222945963671,73.2085252840598,42.4240786136519,7.49102928392017,7.35413073832383,-1.47126525586052,-0.0155401493339382,2775.42113815216,37.9111739702872,457.21153411954,7.12763602505219,1.0000354,0.59899094593387,150,
4333,41.8212801436945,30.5988149310482,22.3039493390921,612.636490607301,10.5549526292304,50.4878449550368,87.9973099083077,77.0969603334488,46.3139673655918,7.45790583189707,7.31500323287895,-1.47412965386016,-0.186732985200112,2821.11211004417,36.5917423701621,450.262932340528,7.10679598467863,1.0000354,0.573296000471438,150,
4334,47.4327877179843,36.6333508615339,28.6511584024184,1018.21449866043,17.5663870257529,52.7443123365577,89.9808309963197,96.4367517228124,53.0980963763034,7.48834019689518,7.25285033511724,-1.48327669174077,-0.247074660802638,3395.77185788282,35.2124246951336,511.153599830522,7.0881242472387,1.0000354,0.744808130461386,150,
4335,72.7273104610851,63.4414734383964,56.578028682496,1850.83883250509,33.7837807880213,63.5066430337106,96.1838454258214,156.879741946532,56.6473307765924,7.69303059083638,7.21855901878009,-1.76106187215095,-0.240973302693146,4749.88117214492,30.2772117878916,519.20651065352,7.16620144818101,1.0000354,0.998578168365359,150,
4336,46.6929138330448,34.8173267414538,26.0397188911474,1385.65503845758,25.3690134340514,63.0706851052766,94.8761698012973,84.3784790142187,71.509604011442,7.56767347573456,7.1090807628917,-1.2303237860295,0.0780933934162165,3267.2442574359,38.7212983169006,416.783232242428,7.16297435700908,1.0000354,0.957227307694971,150,
4337,46.4945146854342,34.6882260546968,25.9618388058909,1643.36119010525,30.1727592251976,54.1332343711657,93.5385709569833,86.2097820540844,79.04248593487,7.6395079266751,7.05429096701276,-1.26651447823305,0.0321218015815714,3318.67531646941,38.495345161497,400.655156614406,7.18445253350086,1.0000354,0.958380044204335,150,
4338,47.7206692295167,36.2825391917421,27.8282691638218,1116.74476000831,32.6789000609573,55.4029204875202,93.5044713874294,89.0251341868563,81.5376218977506,7.60312992761741,7.02550349809789,-1.353463169152,-0.0477921891819215,3320.18656821999,37.294934723167,396.391157448127,7.2081342827473,1.0000354,0.961684947283389,150,
4339,49.1026516525455,37.8490299328734,29.5311356183331,0,15.851750443687,55.0977230814577,75.7552671219352,89.4447852969571,98.8933611187726,6.95537996040704,6.92219572737916,-1.36550733175159,-0.0662988631538575,3282.02708135523,36.6933306448093,504.431524408935,7.0781475592452,1.0000354,0.979663669070587,150,
4340,105.635856420822,97.7065151712591,91.8456977259301,0,0,19.2278095294137,12.8002198915377,202,140.737938985349,6.74057108938902,6.74320728628941,-1.94750838704331,0.494664737008083,5222.55833701415,25.8542491931394,1500.59758494427,6.78936952941796,0.574096621751651,0.128497836529678,150,
4341,19.6714668767737,19.6714668767737,19.6714668767737,0,0,10.3590423226605,4.95502232985957,0,100.651403233796,6.91357172763317,6.86282686967701,1.03189630261395,5.74294284045363,0,0,251.530938771198,6.66132920553051,0.0502966902925268,0,150,
4342,3.41775294708598E-07,3.41775294708598E-07,3.41775294708598E-07,0,0,0.20439937773085,0.363200793888505,0,0.164426399856239,9.66257466270287,9.64971499469392,0.00625775363579839,5.85165167733561,0,0,5.63689923540789E-06,6.66391041427192,0,0,150,
4343,1.59281148616884E-13,1.59281148616884E-13,1.59281148616884E-13,0,0,0.0449369294529666,1.10584850506434,0,0.00110158097279344,11.8367372684991,11.8239419469022,0.719874876723772,5.83028122283311,0,0,2.64490447809109E-12,6.66238737806442,0,0,150,
4344,1.59281148616884E-13,1.59281148616884E-13,1.59281148616884E-13,0,0,0.00677185360191897,1.41353524970325,0,7.41585517140099E-06,14.0089599509776,13.9961650604901,-0.00166120325361252,5.79829368357016,0,0,2.66265266327616E-12,6.66055951329491,0,0,150,
4345,1.59281148616884E-13,1.59281148616884E-13,1.59281148616884E-13,0,0,0.00104109694018803,1.88877456110646,0,4.99305010526442E-08,16.1810780694063,16.168283181821,-0.00117047414359606,5.77965360520651,0,0,2.67998609716826E-12,6.65870947493503,0,0,150,
4346,1.59281148616884E-13,1.59281148616884E-13,1.59281148616884E-13,0,0,0.000203417136313091,4.29401083162057,0,3.36216248629322E-10,18.3531001114454,18.3403052238796,-0.00157364823248418,5.77141408817793,0,0,2.69686627936691E-12,6.65690449388115,0,0,150,
4347,1.59281148616884E-13,1.59281148616884E-13,1.59281148616884E-13,0,0,3.12034657960495E-05,5.65657760416353,0,2.26387114131896E-12,20.5251616915487,20.512366803983,-0.00115622533249793,5.76152655450966,0,0,2.71332929091838E-12,6.65512133256045,0,0,150,
4348,1.59281148616884E-13,1.59281148616884E-13,1.59281148616884E-13,0,0,4.17528087737561E-06,5.52954304189626,0,1.52433689236565E-14,22.6972307673928,22.6844358798271,-0.000700371644821285,5.756398710837,0,0,2.7293789920689E-12,6.65337475932244,0,0,150,
4349,1.59281148616884E-13,1.59281148616884E-13,1.59281148616884E-13,0,0,5.54898451742974E-07,5.32516453991052,0,1.02654713860301E-16,24.8691624855031,24.8563675979374,-0.000514221802849324,5.75444530078237,0,0,2.74502772934285E-12,6.65171156391242,0,0,150,
4350,1.59281148616884E-13,1.59281148616884E-13,1.59281148616884E-13,0,0,8.159201749148E-08,6.38488015652668,0,6.91358200429456E-19,27.0410416324559,27.0282467448902,-0.000532214656272068,5.75345930093802,0,0,2.76029259492998E-12,6.65010503547453,0,0,150,
4351,1.59281148616884E-13,1.59281148616884E-13,1.59281148616884E-13,0,0,1.15002060245192E-08,6.97963868071438,0,4.65648403114117E-21,29.2128592240835,29.2000643365178,-0.000471699685697935,5.75225112240915,0,0,2.77518963229499E-12,6.64855773359912,0,0,150,
4352,1.59281148616884E-13,1.59281148616884E-13,1.59281148616884E-13,0,0,1.67573925226153E-09,8.17904315749091,0,3.13717826448369E-23,31.3844246556035,31.3716297680378,0.221006898595869,5.75353438277044,0,0,0,6.64712117149591,0,0,150,
4353,1.59281148616884E-13,1.59281148616884E-13,1.59281148616884E-13,0,0,1.42094064420478E-10,2.95776702093449,0,2.1123043545054E-25,33.5565176523816,33.5437227648159,-0.000146704585406887,5.74949662511915,0,0,2.80394248935729E-12,6.64556898101325,0,0,150,
4354,1.59281148616884E-13,1.59281148616884E-13,1.59281148616884E-13,0,0,2.20086868970291E-11,3.99768848059037,0,1.42326134752768E-27,35.7279889213565,35.7151940337909,-0.000252984655357391,5.75123488511744,0,0,2.81782146314525E-12,6.64424177613056,0,0,150,
4355,1.59281148616884E-13,1.59281148616884E-13,1.59281148616884E-13,0,0,2.87215916017805E-12,3.69396946119775,0,9.59145345515535E-30,37.8993169749695,37.8865220874038,-0.000239339206887568,5.75054170374726,0,0,2.8313905586057E-12,6.64299420395694,0,0,150,
4356,1.59281148616884E-13,1.59281148616884E-13,1.59281148616884E-13,0,0,1.03750333041049E-13,0.183744737265457,0,6.4650735321352E-32,40.0704664755363,40.0576715879706,-4.61891951362148E-05,5.74972725603433,0,0,2.84466190274613E-12,6.64183643483997,0,0,150,
4357,1.59281148616884E-13,1.59281148616884E-13,1.59281148616884E-13,0,0,7.65712666848943E-14,8.36328326338491,0,4.35550720171896E-34,42.2420635312208,42.2292686436551,-0.000120931860874141,5.74622347151102,0,0,2.85766005198823E-12,6.64057725558887,0,0,150,
4358,1.59281148616884E-13,1.59281148616884E-13,1.59281148616884E-13,0,0,1.128084872362E-14,10.0049757991821,0,2.93469930421457E-36,44.4135413758589,44.4007464882932,0.249542227078355,5.75322314909077,0,0,0,6.6393594661243,0,0,150,
4359,1.59281148616884E-13,1.59281148616884E-13,1.59281148616884E-13,0,0,9.2334959419714E-16,3.38203461773033,0,1.9786338033738E-38,46.5844653358001,46.5716704482344,0.0285351344529485,5.75343741770721,0,0,2.88276685572884E-12,6.63835844961373,0,0,150,
4360,1.59281148616884E-13,1.59281148616884E-13,1.59281148616884E-13,0,0,1.56686180079477E-16,5.57184507912115,0,1.33343537646788E-40,48.7557798291468,48.7429849415811,-0.000289365683693088,5.74983469997383,0,0,2.89494685099382E-12,6.63726013808696,0,0,150,
