4320,131.886272231179,111.175079381269,95.866806405248,514.062595363479,11.7210080301755,90.3500321737253,97.6799133206166,76.7190857197121,42.5003377443974,7.45547878160586,7.38653791868976,3.07638854845729,7.82880308125437,5180.87784835654,67.5304951793159,794.152377995064,7.07769978430873,1.0000354,1,0,
4321,132.839423445018,112.687294656789,97.7922429437504,504.124285187545,11.640534901007,94.4362340419433,98.1469890943238,76.7299866101351,42.6025003468482,7.45432214907045,7.38537173794069,2.97342187391129,7.88373856783781,5041.74497489889,65.7076222431262,792.759617816113,7.07772326926611,1.0000354,1,75,
4322,131.270796193591,110.679539194765,95.4599144565022,509.87428394692,11.7484295972176,90.7954233519231,97.7501260212966,76.156775361478,42.634973769598,7.45307240779434,7.38492073524192,2.81950015421807,7.83763615449012,5113.12285218967,67.1394347767516,786.299060768877,7.07631651402655,1.0000354,1,75,
4323,130.233117647475,109.645800784602,94.4290883207399,516.714068356384,11.863773480436,87.7477612728048,97.4040153915953,76.504177496327,42.6186551470446,7.45574373227999,7.38497049479578,2.60695000045313,7.70531755074979,5135.46437625302,67.1265876494075,786.882427431858,7.0769006389914,1.0000354,1,75,
4324,131.115923673898,111.126699896948,96.352056235725,528.082477748336,12.0196851293101,84.5269002093549,97.002841870548,77.7963133364584,42.4647805280134,7.45889956943764,7.38642930697057,2.30397402540859,7.41478896271112,5070.48810739283,65.1764574686677,798.04408029651,7.07983518145484,1.0000354,1,75,
4325,129.617945115922,110.095961529742,95.6666693138691,518.007302821423,11.942341477385,85.7968497847254,97.1966248813631,77.945942807253,42.4445425838256,7.45898841049897,7.38652723036553,2.06685553131494,7.1711482332504,4961.49181786242,63.6529835828831,785.036218660428,7.08212765761232,1.0000354,1,75,
4326,129.325188844447,110.225328760943,96.1080408731356,528.004486060533,12.0784437977703,83.4062243635846,96.8842275879336,79.0236543668258,42.3345320591546,7.46031472065969,7.38754698967978,1.78993907836006,6.85591017567235,4921.32579806104,62.2766162548795,794.787131043199,7.08276430779406,1.0000354,1,75,
4327,127.480040825015,108.702794851725,94.8239608714669,514.758474586729,11.9663516831851,84.9797785619444,97.1358245915468,79.2956879910607,42.3705477367659,7.46204168237689,7.38707344734044,1.57329110713292,6.58938118052043,4854.85528208493,61.2247072329108,778.113629339106,7.08522202466951,1.0000354,1,75,
4328,126.454007805375,108.385478901154,95.0304792762946,518.47196288963,12.0348607485092,83.6319286956032,96.9746984216864,80.0619517457306,42.3157383065251,7.46382410518535,7.38753200498354,1.33454179987389,6.28417430937608,4716.7601166172,58.9138787372708,782.011861658315,7.08652101931042,1.0000354,1,75,
4329,125.314383746933,107.584187131072,94.4792591976097,515.73555531743,12.0340160797619,83.5206541133298,96.9813502745359,80.7877117902173,42.2619710203061,7.46475554935991,7.3879814284158,1.1085005790442,6.01069855969072,4670.39573263161,57.8107193425567,776.254907748692,7.08714477623438,1.0000354,1,75,
4330,124.725216146259,107.164210864338,94.1843373950917,520.13078313123,12.1099454662683,82.444809902308,96.8393264409509,81.397051486344,42.2146699384228,7.46444269593632,7.38836571599941,0.937127761256694,5.81762296743617,4660.71845236225,57.259057511981,783.647245698575,7.08761881574878,1.0000354,1,75,
4331,124.139186238172,106.710177608543,93.8278668822954,519.984165592026,12.1370849549859,82.0371786779175,96.7998143404281,82.5273289423046,42.1620038295429,7.46502151810687,7.3888065617648,0.7212340254502,5.62519457667799,4689.91849971675,56.8286719057089,779.478310237156,7.08869840869724,1.0000354,1,75,
4332,123.842831159276,106.975208851535,94.5078358414654,531.707046842675,12.2945686998948,79.4181925719457,96.441906521567,83.3159825002898,42.1102993164217,7.46907629389941,7.38924027777666,0.501084504211564,5.39173888855649,4582.23132286213,54.9982270550094,786.786933583178,7.09092499525059,1.0000354,1,75,
4333,122.895445891369,106.263280612722,93.969941058939,526.68774758975,12.2687225736753,79.6653948537322,96.5054517395834,84.3683617819521,42.0082820905472,7.46974812199619,7.39019393742779,0.283826009867147,5.17440119459893,4575.33849789317,54.2305006433338,776.905005694835,7.09338339331068,1.0000354,1,75,
4334,121.888694955014,105.888561854664,94.0623765196232,540.223362536245,12.4489304685858,77.0506175125178,96.1190497811435,85.2610933314513,41.9405395104405,7.47336230758333,7.39079639422727,0.0792687790410302,4.93499147286443,4448.04645767665,52.1697093466176,782.138648689097,7.09547839468041,1.0000354,1,75,
4335,120.746641332591,105.114006950256,93.5594511024432,555.914848407682,12.6563141986018,74.2255094073777,95.6635119293156,86.4938978846445,41.8288842309465,7.47766315757857,7.39185580062334,-0.105299360350029,4.69479194579524,4408.7194331222,50.9714504831548,792.254046545364,7.09907416627623,1.0000354,1,75,
4336,118.372381092355,103.048955613275,91.7229454765632,574.382568966476,12.897846143133,71.2843070712056,95.1271398179828,88.1434473629262,41.7326704826471,7.48125039878944,7.39275927143463,-0.333921886441646,4.37609511795251,4403.93311470199,49.9632502070065,791.4602754847,7.10373319700255,1.0000354,1,75,
4337,112.524703550301,97.6969312194246,86.7372734096467,613.656302960714,13.3828761719176,65.4773736501354,93.8550901257189,91.2296888827233,41.6637777176462,7.48925295722459,7.39338343622453,-0.576186879039031,3.80664221696945,4410.6939574934,48.3471336087027,792.541068184726,7.10966852252045,1.0000354,1,75,
4338,107.055493798101,92.7993016879222,82.2621162151815,637.536342771031,13.6936443983731,61.6869304165177,92.860180905206,96.0479003675648,41.5598554914935,7.49487722365381,7.39438232193282,-0.759540597643881,3.23055851804009,4464.63784526019,46.4834507383764,779.605274211494,7.11649716908038,1.0000354,1,75,
4339,99.2576475495641,85.6899431801675,75.6616399506135,640.840704158883,13.7605044079382,60.944564135304,92.7054957805267,100.151225675888,41.6951344669497,7.49835306617967,7.39289611578333,-0.962025021912676,2.52164148944595,4430.54816740969,44.2385815800993,764.297554055618,7.1213365815815,1.0000354,1,75,
4340,78.7469916279967,64.9464121655185,54.745983867165,653.166812082316,13.917427944813,58.961456070454,92.1112163497556,89.6301993393447,42.5295802924958,7.50112200678405,7.38422650958137,-1.00639163544182,1.75177692345451,4033.16979530179,44.9978893835993,708.232395596135,7.12030237272334,1.0000354,0.997593493058477,75,
4341,51.5135119167559,38.1188475408571,28.2184434369319,637.139321304567,12.7637775756456,55.71025214192,91.0828551489505,73.1204468512871,42.8611205611825,7.50974714053045,7.3807989934921,-0.9927203487262,0.783618226924776,3193.48951529817,43.6743708882567,559.992238547502,7.11244228136106,1.0000354,0.869909335500402,75,
4342,49.0418858214898,36.3570727460841,26.9813413425234,679.576606183987,12.7030186015898,52.7955279220167,89.8548861044556,75.0423352269034,44.1899739465898,7.50933421973432,7.36740823140596,-1.13976330222948,0.490994900650053,3103.73928893505,41.3598441406489,540.844868937004,7.10414431216838,1.0000354,0.789102517658685,75,
4343,48.3359360606351,36.1589406225566,27.1585526900639,700.801230172067,12.9534927143793,52.3183256465477,89.59979699978,78.0621769442239,46.4041661052135,7.50567105829916,7.34557921723068,-1.2312652237382,0.29311840772445,3099.38568935093,39.7040642559259,538.681065094227,7.09946108386302,1.0000354,0.78131462723896,75,
4344,48.710503273436,36.8415418517232,28.0688312356745,676.982643638065,13.0740813692199,56.5556816499648,90.8430845133828,81.3151712040534,50.176367445493,7.47293042559296,7.31012175542018,-1.22592178275485,0.186988272736329,3146.87230756665,38.6996947921298,535.160917804332,7.08638496576609,1.0000354,0.830955970784647,75,
4345,60.8565251057487,49.8207949520573,41.6639509254159,1207.89915356977,21.3880471730895,61.1769064455454,93.8346717274905,108.978166692926,54.197853599927,7.55595151334514,7.2737241288084,-1.34106235623107,0.190580863799674,3921.3480577869,35.9828778257605,571.186979644957,7.09258206724626,1.0000354,0.966623192662087,75,
4346,77.8129566246691,67.6661972988584,60.1664186667374,1635.24621811069,28.4458805945399,72.9339884020357,97.1163422887414,139.197818077068,54.2552360943934,7.6559348877535,7.26847337593578,-1.48298453079516,0.321907117273299,4605.26481990836,33.0843175814624,557.096808323048,7.16022326004192,1.0000354,0.999766958157708,75,
4347,90.136929163495,80.0494802029516,72.5935396668978,1785.19781764634,31.110330625015,80.8254926995954,98.1713637219461,153.85636356144,51.2048971854359,7.693980135313,7.28719691073089,-1.48288833110776,0.612735918977751,5060.47910056368,32.8909314078704,573.390506845672,7.22499854998345,1.0000354,1,75,
4348,96.2601724313624,86.1017010092102,78.5932656102282,1821.83733208732,31.8376072383013,82.1268885866736,98.3409439270257,158.672423066837,48.4585199912502,7.70702777242666,7.303389106442,-1.44820899076981,0.819018045968951,5255.62825414955,33.1225058051564,588.027059148173,7.27073874337738,1.0000354,1,75,
4349,99.3062987473261,89.1129511979332,81.5787377918602,1810.58620135734,31.6959927763687,83.5079904323339,98.4547554281519,159.547689665092,46.2890527186539,7.70722976675886,7.31453845877026,-1.42992247761923,0.961417910012829,5302.7624648875,33.236222198006,594.469800535599,7.29776049023839,1.0000354,1,75,
4350,100.376113589726,90.1368493596187,82.5686975373655,1805.85682023495,31.6555356911427,80.5413781672141,98.2416265765612,158.864704308084,44.0765253303401,7.71000434920818,7.32651072412396,-1.43718086626252,1.02133723004239,5303.84704061147,33.3859371955007,598.963034981025,7.31306638839099,1.0000354,1,75,
4351,99.5854501536145,89.3123243210717,81.7191443578879,1792.97190674572,31.4665471227794,73.2660212954129,97.5806814814583,156.572331387193,41.8847716836966,7.71406219191684,7.33917264154368,-1.44017337905741,1.04144128438989,5244.60093127074,33.4963456493548,618.729297273455,7.32521438027107,1.0000354,1,75,
4352,99.1166213541874,88.8320536890795,81.2304167192171,1770.6638392993,31.1107792482024,71.7302658177,97.4330715534146,155.594934953343,39.9782179517413,7.71640725727402,7.34988599391731,-1.44523928384344,1.04933067178362,5217.66650383045,33.5336526564636,625.334130121504,7.33418538952076,1.0000354,1,75,
4353,99.555375611234,89.3159863912918,81.7477421852476,1801.40015693176,31.6961860622899,66.9932007563615,96.866860415911,157.281117031508,38.6698932659959,7.72032499409784,7.35467783744181,-1.4623967770672,1.02921552586973,5251.04159349151,33.3863447348202,641.453768575881,7.34268960393711,1.0000354,0.999936430263511,75,
4354,101.252258470949,91.2697357329372,83.8913493613634,1835.52051663863,32.3520474582548,63.1733502760114,96.3974391193691,160.028170445179,37.3599636399788,7.73248530692288,7.35972308767873,-1.48589529283584,0.986004632737442,5208.72668979797,32.548811095621,654.684985034027,7.35442759877813,1.0000354,0.999473186704542,75,
4355,103.396300448528,93.4449663120609,86.0896323851072,1807.45265764277,31.8985126319568,70.1859590716705,97.4146378915467,161.250372826709,36.3699709785639,7.73679743065333,7.36119453994421,-1.49111687109788,1.01860406808291,5232.10990274788,32.4471181742361,652.221404065457,7.36616794935631,1.0000354,0.999812681235064,75,
4356,107.240348133316,97.1257109907438,89.6496748418861,1745.06355000841,30.817610922662,76.9563694442342,98.0595162548297,159.852043669505,35.223927780289,7.72648403633493,7.36471374400602,-1.43397367597244,1.21602135522098,5271.85336507474,32.9795806425492,660.924555034061,7.37080177236155,1.0000354,1,75,
4357,108.592079209445,98.3500701890244,90.7798896087133,1664.26753285217,29.412067971484,81.3376981458388,98.3584077988516,156.483113442569,34.4430321027021,7.70970512967857,7.364079954556,-1.38801626364149,1.3726501778927,5225.73586001212,33.3948868031056,662.436606344534,7.36749684062764,1.0000354,1,75,
4358,108.292305912895,97.9920405710524,90.37880097056,1646.52876415259,29.1008076579718,78.0010470286847,98.0424403544647,153.570037694969,34.2117501925952,7.69937375588325,7.35679357518945,-1.39280666540829,1.40808642830267,5157.62455855987,33.5848361827213,663.084477994716,7.35937014230015,1.0000354,1,75,
4359,108.619761308204,98.3234010804952,90.7130478687105,1724.98296534256,30.4682855791408,68.2104248376512,97.0292295806488,155.437278256667,33.8244576183134,7.70879160655763,7.35172115939596,-1.41019050804156,1.3985299352619,5218.356354036,33.5721032468103,667.01151393799,7.35584093452482,1.0000354,1,75,
4360,110.746670288738,100.833496301919,93.5063677029648,1798.10548301629,31.7907474943542,63.0148005530949,96.3888546716541,159.191496977366,33.2376501758402,7.72392417471679,7.34927119904309,-1.46535694191488,1.36216597248122,5145.49803855976,32.3226939645612,684.46054712392,7.36232056565003,1.0000354,1,75,
