4320,135.754386949636,115.053576810208,99.7529780114996,515.094185372321,11.7555391304619,91.0139841266063,97.7521611141623,78.2834279922549,42.2028597307797,7.45187914190967,7.3832789642262,3.0207457194914,7.73836676619569,5283.86847647747,67.4966415241836,796.51695114227,7.08234944543363,1.0000354,1,0,
4321,136.58309272692,116.356351048699,101.40615067784,507.025628212089,11.6989100922739,94.6530740634773,98.1645742668132,78.2639017615623,42.2889620262078,7.45083898437915,7.38227160310495,2.91052242180054,7.77205284204487,5161.57503404632,65.9509035183488,794.885499316977,7.08251115832878,1.0000354,1,75,
4322,135.045273788748,114.353229677009,99.0591101161578,508.133054521399,11.7501696197994,92.4774949905714,97.9394525251274,77.86100251327,42.3573409383146,7.45010369004964,7.38145132709923,2.76564438039231,7.72352340131357,5253.13072632629,67.4680591921609,787.563042693284,7.08131972526281,1.0000354,1,75,
4323,135.387754066935,115.147661262906,100.187592668624,517.966336814327,11.8998094721677,88.1262470125855,97.4453474454079,78.602098565801,42.2947455947579,7.4521942479671,7.38197960853751,2.5123445046955,7.51955692745732,5187.30115762799,65.9944359282659,801.008241932867,7.08185887509777,1.0000354,1,75,
4324,133.74727775633,113.662029480515,98.8164111896959,511.437218785378,11.858304671546,88.8996553892169,97.5597629171832,78.7195082605583,42.3201043379603,7.45265980769241,7.38160870275747,2.28731141629462,7.31933610317817,5155.30540846953,65.4895530013436,787.350345856436,7.0835312308776,1.0000354,1,75,
4325,133.223288670987,113.835565901942,99.5055099422128,513.503443541633,11.9139687726182,87.4424274449955,97.3995734207194,79.1817267385181,42.2730947871817,7.45427494064027,7.38198376962539,2.03880827339945,7.02265337576098,5005.4899183816,63.2152154866644,794.833331141165,7.0847826061763,1.0000354,1,75,
4326,131.520237197093,112.265910069999,98.034450889103,518.62606175038,12.0004470680758,85.8683083609921,97.2065819638711,79.7975822458465,42.2138585341125,7.45427590290845,7.38248622760915,1.83384077623615,6.817045430609,5009.71362812045,62.7802683630958,785.440892650226,7.08490887207459,1.0000354,1,75,
4327,131.22431655577,112.121382833558,98.0018231258359,524.059934866982,12.0877782386674,84.1974277303808,96.9949489983127,80.3252585405604,42.1344608802624,7.45501785408163,7.38319918864018,1.65122605811594,6.62235026965076,5003.19030891557,62.2866380988889,790.750970914396,7.0863808474469,1.0000354,1,75,
4328,130.142290763148,111.477937113008,97.6825452846429,521.403135452835,12.0886404193865,83.8682107429691,96.9798710385656,81.3174286336083,42.1017282678724,7.45728443835452,7.38343477467701,1.42399163895814,6.41357389489529,4948.70326943582,60.8566128146178,784.953460491925,7.08762678600656,1.0000354,1,75,
4329,130.225644538776,111.824228859501,98.2231824878633,530.949660397496,12.2212427690242,81.6425618336604,96.6777930015166,82.2703008885709,41.9838204264045,7.45884645943349,7.38455160355888,1.19115281783407,6.17303036162286,4936.15903274737,59.9992826017865,793.375419177069,7.08919915598399,1.0000354,1,75,
4330,129.085608087599,111.262374759638,98.0886805607112,530.495738699084,12.2460333338223,81.0520562332368,96.6199365118517,83.1193094133074,41.9493334724058,7.46091282653307,7.38480933257104,0.956700325120348,5.92227172252298,4830.40161149062,58.1140729583259,794.131126426442,7.09165527409433,1.0000354,1,75,
4331,128.325407852302,110.866076548672,97.9613534112057,533.510172373627,12.3089498755199,79.9473533256464,96.4778856347242,84.096945345121,41.8402979273422,7.46278305407493,7.38584022694439,0.725951298700385,5.65311711751073,4787.43233785849,56.9275414013149,788.237765575932,7.09351505912839,1.0000354,1,75,
4332,127.42525504879,110.341288704404,97.7140092324661,535.845525713721,12.3649154188926,78.9973089017294,96.3554854512593,85.1474084975754,41.724345934183,7.46447402679775,7.38694623258517,0.493482298260288,5.38122590571753,4743.0200816629,55.7036340313042,790.100842790734,7.0957616892209,1.0000354,1,75,
4333,126.160685186591,109.633225636056,97.4172772726171,540.962117778364,12.4523726572318,77.7002577957161,96.1726804532004,86.3823021230992,41.6276373152936,7.46643185656858,7.38785508631111,0.232157578329149,5.05291411470687,4655.06445434459,53.889099270715,791.13813522895,7.09795147579563,1.0000354,1,75,
4334,124.313912524947,108.377615666677,96.5986136409997,544.148404065869,12.519175624838,76.532049847967,96.0188241585707,87.6673848959253,41.5466014978144,7.46984440005261,7.38860233811212,0.019412907256148,4.74123940946148,4555.33462305446,51.9615661909198,789.103693976715,7.10046884295999,1.0000354,1,75,
4335,121.84857639306,106.522510517518,95.1945487834208,555.382563803938,12.6779486757804,74.3513299139619,95.6736742365593,89.3709176317863,41.4618667217985,7.47368382900903,7.38938994046489,-0.227082264013737,4.32203155802711,4466.0309330382,49.9718594301395,777.882063133035,7.10391965028945,1.0000354,1,75,
4336,118.883586476305,103.944684256249,92.9028869631642,563.861287935892,12.8072161936048,72.4920809797535,95.3788771695278,91.7143690569883,41.3744954904982,7.47855804208029,7.39020780012927,-0.418481262194011,3.93370999102774,4467.35936016485,48.7094814705532,770.248611585024,7.10801264162165,1.0000354,1,75,
4337,113.651939284071,99.1752585322799,88.4751031939994,587.044799587045,13.1065010314721,68.9887124136741,94.6991984546692,95.1610723054229,41.3949660762015,7.48380378058578,7.38989835747854,-0.626102715250114,3.43293783698029,4491.82829010965,47.2023715295364,765.079716395213,7.11200032761628,1.0000354,1,75,
4338,108.553928085229,94.6286083611417,84.3359807389899,609.068279915153,13.3941395711007,65.8028638534904,93.9876550653515,100.016170401859,41.3979009665907,7.48795527946349,7.38977997786773,-0.814122207816235,2.92334539228567,4541.19570583412,45.4046149496414,761.546493712206,7.11644991280984,1.0000354,1,75,
4339,97.5648288827267,84.1080342429268,74.1617077700312,615.281003043663,13.4948082115384,64.8761990375686,93.7798657062881,98.9255565739527,41.7622300152453,7.48921844837439,7.38589672421776,-0.98864647250504,2.25664293690174,4340.55185444665,43.8769515661186,739.624212302989,7.11913280315598,1.0000354,1,75,
4340,70.2717191924998,56.3908279272799,46.1310387312479,623.248495114962,13.5764352606306,62.283473270756,93.1517898692501,81.4221441455719,42.6590301096174,7.49543904566353,7.37660478303196,-0.949669485748918,1.40817491570665,3685.14608537975,45.2597524181039,646.259232040853,7.11664102172752,1.0000354,0.994543593135822,75,
4341,51.4101705111389,37.9208083328281,27.9504102010332,581.315379284659,12.0282488472173,58.6818866322855,91.9244965472961,73.6520576620598,43.0249224289578,7.4908385956114,7.37283742263569,-0.911618223187735,0.753414445287899,3239.44880920557,43.9831406213964,544.054117529213,7.10453584384122,1.0000354,0.856603617564215,75,
4342,48.726751502811,35.8951286881726,26.4108857382226,642.625295385832,12.2637652776781,54.2860461825594,90.2078199282499,75.3558952698096,44.7301835837417,7.49102936725963,7.35585762769051,-1.06962817315292,0.481362397411043,3152.77980938924,41.8385289976425,522.668622242672,7.09225375242254,1.0000354,0.785902944908937,75,
4343,48.4303691673365,35.9060617145233,26.6489649015744,715.803159803337,13.0323096181493,51.7337379505258,88.9887840923496,78.1982414953169,47.104111627699,7.4887001375153,7.3328984730326,-1.20504692497956,0.344107787351521,3193.34270498375,40.8365027642596,528.54486943623,7.08541869798609,1.0000354,0.760527972522462,75,
4344,48.5066414112308,36.4461980760248,27.531957350003,775.487398571427,14.0840359681771,51.3919687796221,88.8759260114675,82.5243257893597,50.5776647636073,7.48913596418264,7.30061177233822,-1.303809065438,0.188671904695439,3245.18962705212,39.3240368341251,531.922650820384,7.08369716538831,1.0000354,0.791595489997635,75,
4345,56.9866906399832,45.9320489252301,37.7612267882387,1136.17298430209,20.1620260486133,56.0146798514196,91.9197676063137,106.4387985816,54.2662278416196,7.53639390217736,7.26722555620084,-1.40918459095899,0.0323448618446109,3836.53758390902,36.0445404780457,565.521411566193,7.0932778375505,1.0000354,0.931545348109306,75,
4346,73.7921868840045,63.7262813336645,56.2862641877611,1599.10425460627,27.9610585140065,68.401398307167,96.3611523613722,139.60086015315,55.5323794050234,7.64037151936557,7.25248881629888,-1.55037305121333,0.0824154190560455,4581.79619209132,32.8206874016738,551.042653846274,7.14886177858032,1.0000354,0.997748947332577,75,
4347,85.7578526915598,75.788706645155,68.4202073934645,1746.41580701625,30.5806956695677,80.4777594830386,98.0627501537207,154.868620503756,53.3552435260666,7.6737631239081,7.2633567759123,-1.53724794646232,0.353159508148806,5034.03475940143,32.5051953263789,546.130779105419,7.20952732342639,1.0000354,1,75,
4348,93.1650547174521,83.0921154583147,75.6468994841697,1816.03911629743,31.8773022892131,80.170257115375,98.112071028632,160.927095260222,50.6314006808132,7.68868921375221,7.27822383061363,-1.48407609377206,0.6154299214774,5285.42858487903,32.8436213698656,564.545918929953,7.25335286249062,1.0000354,1,75,
4349,96.2945568745404,86.2565765992056,78.8371998739582,1820.88027591383,32.0122059574121,79.6106164519755,98.0834164617654,162.197551857385,48.219987279777,7.69139533904094,7.29044831748834,-1.46424745159493,0.730228554059959,5308.66664043739,32.7296348165916,577.944054136875,7.28204510036796,1.0000354,1,75,
4350,97.222665366413,87.1340665365152,79.6772760970255,1802.4738480066,31.7169322278625,79.3363973754098,98.0893055726318,161.750325779981,46.0537475068234,7.6962503878993,7.30080320946413,-1.45940098020414,0.789723060120358,5320.72531133246,32.8946806485565,580.628594818972,7.2992911597583,1.0000354,1,75,
4351,97.4190614870518,87.2193135069849,79.680369347805,1779.96211420015,31.3414805359975,76.4145929571449,97.8151216264284,159.865133431658,44.1480067991403,7.69451477799641,7.30924773666934,-1.46617806568235,0.825759199634396,5316.64934020535,33.257091312398,588.052906874743,7.30986513446982,1.0000354,1,75,
4352,96.8097559740525,86.6272821358649,79.1011058206827,1783.72751555061,31.4313561428814,70.8016978400762,97.2209374422339,159.166379354,42.3868954114424,7.69829635908705,7.31685848122804,-1.48168364232164,0.823290464571065,5284.44597000921,33.2007675958761,602.286099123627,7.31758558686968,1.0000354,1,75,
4353,97.7455249692329,87.6337302707644,80.1597950588528,1821.54914136779,32.1406258802087,66.4051305809415,96.7085687144498,161.834735625882,40.6335213971923,7.70853448778831,7.32497035323188,-1.50494628154337,0.795808926995025,5335.74182748959,32.9703126269776,617.624205224197,7.32664599147787,1.0000354,0.999956550298192,75,
4354,99.3018427856653,89.3854603510086,82.0559602906102,1828.30796762445,32.2979863371447,67.7319280950963,96.9514728169521,164.160039231016,39.6980399453235,7.71376356090885,7.32447384533682,-1.5217413911603,0.776398061287385,5307.81205309542,32.333155364479,619.24335021241,7.33929029910526,1.0000354,0.999798080043639,75,
4355,101.408830032001,91.5402387531376,84.2460625904995,1785.12329223688,31.5529555576616,74.731369145584,97.7750588113371,164.285001700315,38.3624171249676,7.71157618604798,7.32844829726787,-1.4962194074112,0.855140776604795,5286.25246594993,32.1773284915746,624.349298975179,7.34826360682188,1.0000354,1,75,
4356,104.513802606027,94.3921216806194,86.910879257492,1707.06528325014,30.1767046171898,80.1761975565421,98.2043822336798,160.926657381474,37.294353592573,7.69484384977141,7.32969140605924,-1.44113010412244,1.02731951827895,5310.98964748059,33.0025474579454,627.21249263213,7.34911854382362,1.0000354,1,75,
4357,104.268350570978,94.0378605539852,86.4761940196862,1663.1941372566,29.4028369507242,78.5989636920129,98.0098059389247,157.174068855329,36.7360002492417,7.68076026914113,7.32534963499918,-1.42776282989672,1.07135120511209,5242.90699528889,33.3573281742469,627.652023948803,7.34276217597925,1.0000354,1,75,
4358,104.605334333682,94.3538413518247,86.7766508869739,1711.5074176891,30.2343934068494,70.9109206849528,97.2112412072504,157.879102221072,36.2700131025672,7.68410347673014,7.32020043034071,-1.44373061504354,1.07739829584467,5277.23687623338,33.425810015336,632.397982912864,7.33726923385904,1.0000354,1,75,
4359,106.280586249629,96.2903606292211,88.9062808228328,1770.76379463762,31.2882894047682,69.0183743647129,97.0783870384546,161.930975811463,35.5691124826404,7.6988233751661,7.31802119712142,-1.4786855121488,1.09034953972172,5274.72777826707,32.5739269576716,646.666700591438,7.33939896981688,1.0000354,1,75,
4360,108.43877198024,98.555639711286,91.2507158603198,1790.47236713431,31.6563380850467,71.2719751134186,97.4047527619685,164.474881334407,35.1483994131119,7.70426224551445,7.31234014961833,-1.50964775561851,1.10424714196453,5300.16037780101,32.2247405488309,641.277518952015,7.34647592215135,1.0000354,1,75,
