4320,115.397186506521,93.0766186841798,76.5788076850579,488.19058020828,11.4212910472618,90.8753254450397,97.7636494678382,71.9673221762011,44.232827649353,7.4613995610409,7.39934839986283,3.41574374745319,7.21136734089216,5237.63709399972,72.7779905604402,778.700065831397,7.09185805290619,1.0000354,1,0,
4321,114.722449780236,92.3183238187236,75.7587524558669,490.437974678405,11.4932118144235,89.6495734279796,97.6320483854957,71.3763548953453,44.2905147546108,7.46113003913549,7.39864199949684,3.34976512741739,7.19235746987477,5214.07402603749,73.0504385336372,779.833894226939,7.0912778488834,1.0000354,1,75,
4322,113.041864402266,90.7983308701327,74.3574582594253,489.884017913238,11.5260977412435,89.0565237536753,97.5751315394686,70.8251314254509,44.2991619551303,7.46111100188708,7.39842300191261,3.12327382724829,7.07317939134556,5136.72114169182,72.526814116803,769.836747021824,7.09130739576655,1.0000354,1,75,
4323,112.08121566828,89.9540648886609,73.5992143124207,497.676106478449,11.6633587562721,86.5901343213615,97.2887197368171,71.2406960607271,44.2533251474974,7.46325221951257,7.39874339883667,2.93971091019569,6.91461584279219,5139.82664040863,72.1473388753436,773.681734705019,7.09162115945594,1.0000354,1,75,
4324,111.913031765186,89.9383782837041,73.6962431017395,495.225432259291,11.6693840167334,86.4463942626435,97.2862139542059,72.019352925802,44.121588199731,7.46325504476923,7.39991082663226,2.78132775978452,6.80409563223543,5160.19450734985,71.6501092791842,771.022174131852,7.09323549589412,1.0000354,1,75,
4325,111.766384703596,90.0285568969406,73.9614667789779,494.732057743722,11.6987230603667,85.9845942469721,97.2444970357045,72.553630667851,44.07463251839,7.46382713319354,7.40024871571644,2.57851283822094,6.67086578870515,5142.45045115384,70.8779202890049,771.659849784974,7.0942343095727,1.0000354,1,75,
4326,111.311539252227,89.8708687229059,74.0234165925379,503.023221016872,11.8340720111492,84.0129534322571,96.9982604661804,72.8548904548316,44.0211583187647,7.46523252361009,7.40065396835715,2.29018286856477,6.44789504509116,5093.21365147261,69.9090152998074,769.099097351068,7.09531328309657,1.0000354,1,75,
4327,109.917875500189,88.7897928832982,73.1733839925526,508.094651974439,11.9257715966703,82.4050080243142,96.7994733161258,73.2925510348138,43.9223821957941,7.46774909519104,7.40150824402268,2.02865154215319,6.18662968727536,5049.10899867303,68.8897974949012,776.363536213119,7.09732481417774,1.0000354,1,75,
4328,107.988426349766,87.3954989080957,72.1746394946873,510.319293518658,11.9821059329449,81.1505260654953,96.6495063430714,73.7332586767905,43.7704752708024,7.47067016881472,7.40289076404771,1.73202753382335,5.85153374296803,4950.81090826256,67.1448813887966,767.492656624688,7.10001097459603,1.0000354,1,75,
4329,106.249286500755,85.9221841694145,70.8978041853806,511.72139535236,12.0280416970026,80.0855000171456,96.5237012937669,74.4843024661263,43.6088267956286,7.47344914716267,7.40437343666536,1.4744076803123,5.50191898579328,4936.68083504937,66.2781374276072,759.705785642017,7.1026828451797,1.0000354,1,75,
4330,101.899825523898,82.2773535725962,67.773787347721,516.339685958145,12.1094721583066,78.3943729784111,96.3033556159244,74.6863735161951,43.4532879001189,7.47770480330861,7.40579694859401,1.13191373738084,4.90143875532655,4778.48152180373,63.9806339073024,749.303388183092,7.10580244548262,1.0000354,1,75,
4331,99.8004337072404,80.8272244687066,66.8035480750078,513.634930355666,12.1118851288206,77.9092316201702,96.265885417407,76.1581003692489,43.1465604026075,7.48033689281291,7.40874026974861,0.950940777008703,4.53265411249795,4711.41890970156,61.8636610794975,747.773920462305,7.10931852932578,1.0000354,1,75,
4332,98.8414701164268,80.5047230507992,66.9514752196831,509.318756565883,12.0959493642545,77.9535346414358,96.3051363064106,77.5947299059736,43.0080771756624,7.48157330504027,7.41000300322535,0.712795293929545,4.22338113523216,4639.26672291848,59.7884254322449,741.664455631921,7.11128422643184,1.0000354,1,75,
4333,95.4165788417835,77.4191942754191,64.1167795959323,521.787689102143,12.2653765372905,75.7826866975334,95.9709178317178,78.9857817973321,43.0261596960138,7.4838666308042,7.40968662876162,0.499448630122366,3.87582303753779,4635.03629802232,58.6819069527635,741.104146637688,7.1130687594167,1.0000354,1,75,
4334,89.0556433886146,71.4762311297988,58.4827525037175,531.015475464451,12.3990206162239,74.0972518127152,95.7043294422745,79.8841288900526,43.0846372326375,7.48633316581861,7.40896466600079,0.278000633304973,3.38275739139772,4578.88436935643,57.3190749273678,725.937383047334,7.11497851619301,1.0000354,1,75,
4335,82.9223827176232,65.7455886388654,53.0496973632618,554.581372052253,12.695353078794,70.7606541302144,95.0813854829577,81.8924921022785,43.2523213168792,7.48936845953132,7.40715391263731,0.120080383288127,2.94201488167435,4586.49599295488,56.0063062585351,706.660758245513,7.11614774992579,1.0000354,1,75,
4336,74.1011124157523,57.5557950703381,45.3266474672059,560.458676270863,12.7615221658198,69.6727458572934,94.8817995864508,82.486110661128,43.5899362645775,7.49093307155881,7.40366726384945,-0.0721568465372,2.37083856191192,4449.90510514269,53.9473260343663,678.486197527422,7.11623906466031,1.0000354,0.996361656603312,75,
4337,60.5240530001583,44.5352424623136,32.7174259778196,537.995010494278,12.3470960283354,71.1835471885289,95.2224958741815,74.8350998518014,44.2740268501731,7.49015951281323,7.39681376388265,-0.187872812737807,1.77213101363977,3901.36263717892,52.132791229048,601.350065915035,7.11272368721709,1.0000354,0.973416811692194,75,
4338,46.2546235157262,30.3611179550566,18.613744279779,434.121010806286,8.54570090986831,64.4001586544702,93.1724244229249,60.0136050989206,45.6801415408369,7.46130241999054,7.38316134767538,-0.0337522240687105,1.45036837525803,3110.02754925603,51.822041754195,441.474150952649,7.08764546559716,1.0000354,0.62663138712313,75,
4339,46.0876010809501,30.4654859383785,18.9187051808256,552.20399273532,8.60870242368555,49.6537739420323,86.3167562780557,63.6793958788163,48.4202582053807,7.44189884544786,7.3577245344565,-0.220936329430559,1.33761510454373,3243.64704571402,50.9371516634168,450.250026854961,7.05233719597869,0.994133541745126,0.464165916546345,75,
4340,45.4478734597009,30.4426251098663,19.351789373032,625.967182292888,9.36533663569308,46.9121392297375,84.4493774951639,68.0239923232891,51.8631455669987,7.43959603636889,7.3272781772074,-0.502148568514195,1.08116428184414,3328.12880924091,48.9258083151563,454.102546620496,7.03486649977547,0.994133541745127,0.439790314600804,75,
4341,43.2447999678181,29.1086844902439,18.6602513111673,698.157908765878,10.4105781978987,48.3375381561438,85.2564723699469,70.4756915555225,56.1681711901627,7.43118701315802,7.29113400381673,-0.731608220836636,0.774802569742897,3248.36073395128,46.0919313064441,436.27475290886,7.02116607318697,0.997955339033195,0.454273805502964,75,
4342,46.4571052951272,33.1773585791637,23.3618936151908,1098.69458306757,17.0466033827444,50.8640392451414,88.4074743583197,85.5896344528104,60.8506332628005,7.48866518761876,7.2535596478519,-0.954174315269484,0.489670352700689,3706.00315814252,43.2996726979341,499.218708817966,7.02105808807994,1.0000354,0.629923861970025,75,
4343,54.1785993175357,42.4029318998754,33.6991777216047,1794.61742157407,30.3888699249002,50.6420183610414,92.0085013765729,119.300660583021,59.4516605430533,7.66266913606915,7.25904685494513,-1.34013644899507,0.110183140564047,4580.60878249062,38.395502255438,553.789913438207,7.11931056159399,1.0000354,0.946156267643403,75,
4344,58.1853249698805,47.7185141085441,39.9821756458171,1901.63735580008,32.5592771289,56.1954429730134,94.7376900420661,140.11089887001,52.4694619053789,7.7271195038204,7.3068617647805,-1.56649117593298,-0.242173285825505,4781.68669975927,34.1278711243981,556.853580715494,7.23009108959219,1.0000354,0.95978596461948,75,
4344.24646539616,37.324030217032,25.1103811538054,16.0829014114206,373.717623613006,10.1731746342662,85.2613106513903,98.1572791931706,NaN,54.06632273609,7.60563515336433,7.29207455862278,-1.18145703616778,-0.0403982282787623,2920.77125398787,39.8235763223872,379.061314177696,7.24386432093785,1.0000354,0.90373428377265,75,
