4320,127.322075245593,106.104572278411,90.4220700852766,513.274995781209,11.7068338340015,90.2157569871627,97.6583706360683,76.2757135841354,42.520162195179,7.45498223960578,7.38732013410784,3.19444164160944,7.67910719980915,5276.85757591098,69.181359674733,787.793157495254,7.07345244151743,1.0000354,1,0,
4321,130.355721728315,109.591291686469,94.2436694816266,506.311446350029,11.642001081803,93.1469858200822,97.9983426088646,76.8107547493785,42.6031156337812,7.45393989264678,7.38640859321481,3.11270176831777,7.73244836947601,5200.40142965899,67.7040792871661,794.928972434728,7.07442058484829,1.0000354,1,37.5,
4322,128.4524121585,107.40449099155,91.8473318681533,507.171687098507,11.6710462559562,92.5083379873269,97.9309447658964,76.1926985621796,42.698980250921,7.45331679458991,7.38536814341263,3.02490273181709,7.73096431092497,5228.98487578789,68.6284246976842,783.812883737844,7.07323188097292,1.0000354,1,37.5,
4323,128.310085136715,107.507176762324,92.1311140508173,511.190991270935,11.7369672995575,90.0316934406975,97.6563719332771,76.0925641041841,42.6533311027457,7.45469972848181,7.38577006374687,2.92002681707424,7.64302801136793,5161.32369346928,67.8295409575438,793.552007120472,7.07345924681135,1.0000354,1,37.5,
4324,126.815486949956,105.91848732921,90.4728789138752,513.565238390092,11.7813442844816,89.0264913934517,97.5377866403155,75.671018215372,42.6120776101829,7.45439958963504,7.38612855784537,2.83207607559401,7.55974404513599,5155.94569302249,68.1363329663126,783.343693869609,7.07330880232175,1.0000354,1,37.5,
4325,126.204204395669,105.282414385294,89.8184826384948,520.604973176946,11.8778705596552,87.0904655896131,97.2987075846194,76.0103220735035,42.5269985031572,7.45502645175327,7.3869355850708,2.72610570669506,7.44336437539059,5185.20860716942,68.2171640077412,786.049312614321,7.07393003031186,1.0000354,1,37.5,
4326,126.1351555701,105.516910760853,90.2773385105399,523.854681989721,11.9281455718846,85.6773644916821,97.1328804942786,76.474006868343,42.4748786984393,7.45800076955857,7.38740934356464,2.60200306560958,7.30347959301367,5141.1509958564,67.2274306838317,792.099050029594,7.07571526467294,1.0000354,1,37.5,
4327,125.736654831084,105.398012631021,90.3651031788006,515.258216721741,11.8447672888445,86.8758275141913,97.3047821269226,76.9310927951964,42.3976009189953,7.45843785345327,7.38814210940036,2.47378404477354,7.1662161894801,5101.74420094767,66.3157640894218,787.146239836072,7.07711923439551,1.0000354,1,37.5,
4328,125.349844672315,105.280194944594,90.4461060154086,515.210821347504,11.8573972893914,86.7003868627743,97.288270664698,77.3627884382458,42.3700948875846,7.45851697450542,7.38836680506048,2.34836206582415,7.03152868756947,5062.51973840067,65.4386926919236,784.786520255149,7.07780808919602,1.0000354,1,37.5,
4329,124.931566263963,105.122449628448,90.4809286369797,513.852217621288,11.85446300713,86.7562136681024,97.3032731414174,77.770819421783,42.3593220064681,7.45876036640166,7.38842092760169,2.22640468089645,6.90049112485456,5023.15530358885,64.5892037776562,783.383817911753,7.07814462374792,1.0000354,1,37.5,
4330,125.299549659321,105.534862874178,90.9261813373336,520.892989826531,11.9458185167314,85.225006108013,97.1056161685353,78.1574270745624,42.3237960889956,7.45938976854854,7.38872986692879,2.10400115567098,6.76488587432082,5036.8035467027,64.4443367090063,787.451242884257,7.07826758315921,1.0000354,1,37.5,
4331,124.87655149863,105.427254095167,91.0516864491301,514.130952409386,11.8819419248876,86.1007522362164,97.237821924675,78.4665812558298,42.3340003945529,7.46037083582763,7.38857079646677,1.9806601854634,6.62305310728452,4976.03549992686,63.4159844903037,783.968183865998,7.07938747667183,1.0000354,1,37.5,
4332,124.055408353385,104.887214414221,90.7194188939689,511.126854046814,11.8590776961274,86.6525247811027,97.3126299901606,78.8012762939471,42.3333758825563,7.45969202243239,7.38852261508907,1.86211733343262,6.49126922659149,4925.03439760402,62.4994242381621,780.132431386969,7.07954856421803,1.0000354,1,37.5,
4333,124.237791758114,105.115033336283,90.9808205897116,516.399803785358,11.9303913355166,85.4325250163954,97.1585267308036,79.1915118855593,42.2959063113498,7.46033732831275,7.38885288892438,1.74611838607164,6.35534849754005,4937.69198170421,62.3512781122267,783.49618676716,7.0794220518823,1.0000354,1,37.5,
4334,123.678246749641,104.872695234616,90.9729397669889,515.642118086017,11.9329517167869,85.4025173920034,97.1629919303836,79.5088541435644,42.3236515853324,7.46077177633653,7.38851457339725,1.62701606667158,6.21626539150237,4875.24438630241,61.3169997079755,789.440817589634,7.0803221999247,1.0000354,1,37.5,
4335,122.914588536298,104.15209777776,90.2841698257963,507.715728481981,11.8535363787216,86.6717560262333,97.3393143108574,79.8981309765738,42.3295370465383,7.4609705753586,7.38840005002683,1.50980359649283,6.08950008808367,4887.89573416555,61.1765966790723,782.700015603888,7.08090220336531,1.0000354,1,37.5,
4336,122.683587694548,104.254615162523,90.6332006823312,512.910583483688,11.9240538029579,85.4829524830345,97.1918157096181,80.3649465283657,42.3195968878498,7.46179290284932,7.3884483134704,1.39262024684555,5.94388105490513,4829.06003415448,60.0891339167382,783.04401481277,7.08141642116247,1.0000354,1,37.5,
4337,121.950939883588,103.822583923748,90.4233643012574,508.888167810388,11.8890645227705,86.0528540472064,97.2746008261996,80.7769101313567,42.3135855998968,7.46194495852216,7.38845580229036,1.27792202641815,5.80985927538643,4774.63831148951,59.1089496209393,778.952219324159,7.08194309602421,1.0000354,1,37.5,
4338,122.069577629176,104.003496935303,90.6503068572221,518.170767489806,12.0022814201738,84.3163636474176,97.0416984440863,81.209191486026,42.2734323055543,7.4617755495086,7.38881340621723,1.16304533593755,5.67636089515824,4783.70020028694,58.9058961522858,781.906474290797,7.08185633641092,1.0000354,1,37.5,
4339,121.461606120799,103.725227610645,90.6157304509654,512.315533732568,11.9488814338672,84.9410511779929,97.1455161583824,81.5760283570374,42.2897958871989,7.46348484085725,7.38859110597903,1.04868190215721,5.53754933567289,4717.61317246617,57.8308759016605,777.236901284758,7.08301481375136,1.0000354,1,37.5,
4340,120.63798810555,102.865449148826,89.7292247025515,506.621361851549,11.8948229591385,85.8232680722779,97.2695545942222,81.7602221169378,42.3084995931883,7.46346756680742,7.388343674788,0.955316709464674,5.43572538625005,4737.9051176692,57.9487799200545,780.787813675283,7.08329561014326,1.0000354,1,37.5,
4341,120.655295518451,103.25962582856,90.4019569273353,518.300128047738,12.0335531087967,83.3921248414585,96.951386162406,82.3713401565465,42.252613841858,7.46524112447009,7.38886234924151,0.839492241679924,5.2843458435816,4672.09974775094,56.7199676352434,782.584259750755,7.08410399386806,1.0000354,1,37.5,
4342,119.957077224586,102.824409349812,90.1611330945443,512.364019142383,11.979746811925,84.1943601458316,97.0717931657888,82.6743567530188,42.2134806231808,7.46541690656257,7.38920883483665,0.740819415060603,5.17010336927698,4618.39040516434,55.8624292531397,776.713010919541,7.08529792955719,1.0000354,1,37.5,
4343,119.658536167749,102.513345496715,89.8408132616021,515.671741009731,12.0251000075787,83.5567173024029,96.9837218256564,82.9223919776743,42.1693151477517,7.4648594779947,7.38960685139242,0.658224758468264,5.08326020078166,4635.63210725448,55.9032608285415,775.932376594352,7.08530173368392,1.0000354,1,37.5,
4344,119.288660223682,102.376237804054,89.8757516678074,515.14615724365,12.0292169745644,83.2958366800461,96.9634758819279,83.351342883926,42.1749383554626,7.46648340736486,7.38949259354716,0.566523958765647,4.98802868429261,4596.35157332237,55.144301390839,784.232710238098,7.08576661197788,1.0000354,1,37.5,
4345,118.773980357443,102.086094330822,89.7515698763633,515.471753008278,12.0423987102973,83.0447514470466,96.9369558781357,83.8320710081257,42.1517138170235,7.46703113515715,7.3896752128342,0.473755488832481,4.89713067880071,4561.48595405638,54.412182583611,780.004137894489,7.08683244996122,1.0000354,1,37.5,
4346,118.554425619346,101.844562506801,89.4937941192679,517.294786922307,12.0716965275848,82.5468364102506,96.8758537121164,84.3487535000883,42.1406477801233,7.46779083705458,7.3897327667803,0.381178813533423,4.80770611435819,4595.64404253718,54.4838406240629,777.697611792521,7.08741205045195,1.0000354,1,37.5,
4347,118.745726115175,102.43967528101,90.3873768383661,533.654321366737,12.2587645506763,79.7109674475992,96.4649318518074,84.9606105105892,42.1044913873141,7.47022096742171,7.39005005823543,0.265899272950728,4.66722000707421,4517.11594469544,53.1671785024713,789.121836962652,7.08884429773649,1.0000354,1,37.5,
4348,117.895390682917,101.87486733847,90.0336109534439,531.670324354758,12.2470068502949,79.7573218978634,96.4858460143126,85.3221682714602,42.0725051501334,7.47109764493455,7.39032473968262,0.186572786558663,4.56999005429152,4456.90527996189,52.2361933628063,778.536921337881,7.09134885671216,1.0000354,1,37.5,
4349,117.049360524499,101.285535356244,89.6340124057955,539.620777049853,12.3436581887104,78.3922898589118,96.2812539656953,86.1523019485507,42.0269970336649,7.47269768734425,7.39073985822335,0.0628640422694673,4.3946817883858,4428.16013042606,51.3992084978821,781.585999941065,7.09238137147539,1.0000354,1,37.5,
4350,115.726974445952,100.033930788327,88.4347246066037,541.719579718586,12.3762012674488,77.90101530238,96.220707080266,86.959023034464,42.0955540099018,7.47458594817894,7.38997819278989,-0.0248856920795895,4.25692482303269,4449.55579084886,51.1684197404723,779.21579808059,7.09445418902755,1.0000354,1,37.5,
4351,114.533083291019,99.0337179681459,87.577665338196,552.437211082244,12.50313352223,76.2579857106557,95.9573003557344,88.0769506819662,42.0911458144391,7.47668094877252,7.38997150869817,-0.114067282241447,4.10534451896998,4451.13746624362,50.536916091885,780.292103116648,7.09588046839812,1.0000354,1,37.5,
4352,113.322043838814,98.0248307800368,86.7181950409408,561.01981193158,12.6062896267135,75.1205991639423,95.7605914082295,89.4496296835245,42.1019519129536,7.47744519113117,7.38980995576746,-0.200418875719833,3.94382743917629,4461.54917595776,49.8777825212117,778.531160236737,7.09749290377252,1.0000354,1,37.5,
4353,111.078447141493,96.2291617356202,85.2536029573661,584.290389198309,12.8730452409131,72.0020667844199,95.1806878389994,91.2360002593331,42.168067845851,7.48112382107279,7.38908136262188,-0.308941546617379,3.6965017930128,4417.39885244374,48.4172787045414,780.416749077498,7.09924611756004,1.0000354,1,37.5,
4354,109.819200503293,95.2454402971795,84.4735305796176,590.69933715237,12.9516321242618,71.065719172658,95.010096616076,93.422140189892,42.1491892852323,7.48343495746459,7.38923203183936,-0.392669578595478,3.49737992951645,4439.31797540907,47.5189068285699,775.549489032945,7.10220671644958,1.0000354,1,37.5,
4355,109.383338746272,94.968270035474,84.3136540318406,599.355239499473,13.0545521076443,70.1160489448593,94.8082064894102,95.573692439259,42.1887855773744,7.48390474044899,7.38878393167682,-0.467838561553569,3.34058171144639,4492.10504711403,47.0014805587735,780.979070481237,7.10361732739045,1.0000354,1,37.5,
4356,108.76325557963,94.5978395525316,84.1277494455457,602.593536399137,13.0954758574723,69.9403803298123,94.7690063047187,97.5827396586315,42.2940948302933,7.48364102775651,7.38766367032723,-0.540342387612968,3.22979947166685,4507.09967350497,46.1874680837197,775.457953050913,7.1047510260704,1.0000354,1,37.5,
4357,107.190998611966,93.4261514974385,83.2521340649614,612.341238623773,13.2090779628581,69.0330045701864,94.568214549441,99.4660016404582,42.5707061569848,7.48429378098202,7.38479794914863,-0.6697391496383,2.95779148950612,4464.17153754495,44.8813812148767,776.295671860934,7.10482965311768,1.0000354,1,37.5,
4358,103.768342050192,90.5515833451317,80.7826747370436,620.438895042615,13.3039541840933,68.2289747410875,94.3931929081382,101.829486732211,42.7738707204477,7.48559621738628,7.38269881234114,-0.764470445165367,2.61914404446269,4388.2699681862,43.0942952676012,764.079717849405,7.10482323450046,1.0000354,1,37.5,
4359,102.94117967545,89.9397517598612,80.330000691817,617.51119386946,13.2728832523234,68.9224446049545,94.5536688340103,103.527876669135,42.9684604953403,7.48480315928877,7.3806985905315,-0.826139285013122,2.47734295948958,4388.77363178595,42.3921920644817,760.717775159163,7.10444074469337,1.0000354,1,37.5,
4360,97.6650775439797,84.5968486173812,74.9377228890258,620.723161809507,13.3111346076554,68.9362067818088,94.5460871944562,100.329014010834,43.5309631957021,7.48374178295684,7.3750219815535,-0.898419979623929,2.23722277635686,4275.01949624744,42.6100020855961,746.189917739195,7.10253250134956,1.0000354,1,37.5,
