4320,119.298758787292,97.6682914394459,81.6805547040814,502.221911823494,11.590765675776,89.9610345922619,97.6433513214267,73.6660859912259,43.8520240891173,7.45877153275346,7.39305399395149,3.21640773536578,7.26613640802348,5195.51161724543,70.5278629553394,772.555035458978,7.06133968929666,1.0000354,1,0,
4321,120.486275917178,98.9551197542672,83.0407869382031,498.471824397493,11.5643529409266,90.7716157442751,97.747453664981,74.2963667878834,43.8535841201887,7.45864055976655,7.39297027136272,3.1535356208574,7.27038295917016,5215.90591720309,70.2040509207473,780.936264064272,7.06257139256513,1.0000354,1,37.5,
4322,120.68713181755,99.2342450073822,83.3777634520404,499.303240573114,11.5938918829096,90.3183213450442,97.6983242218179,74.0156975041805,43.8733476770123,7.45815551548243,7.3927093316945,3.06403354164357,7.24882536252908,5177.31273416338,69.9488474572703,777.26688292407,7.06241381872093,1.0000354,1,37.5,
4323,119.772047544786,98.4395749117074,82.6720951394318,497.992148859049,11.5952520773786,90.3287423959126,97.7066357204134,73.965876404505,43.8940369278004,7.45820473125713,7.39244143476103,2.96347985319935,7.20187365311022,5144.78732159409,69.5562274346382,772.835224058806,7.06226831135522,1.0000354,1,37.5,
4324,119.923735188608,98.7569155288383,83.1118749107474,500.119584989706,11.6387552942907,89.2701712036734,97.5909342162929,74.2429760318961,43.8850898262325,7.45923407109989,7.39246827195037,2.83327692114857,7.10955952141301,5123.96085938342,69.0161027109431,775.405595493764,7.06259771511977,1.0000354,1,37.5,
4325,119.310186807696,98.0654638975383,82.3628426161173,497.943937791813,11.627558088044,89.3826684696517,97.6117940861009,74.04088855282,43.8818590714638,7.4593552651555,7.39243989054919,2.74265881024361,7.03953721647303,5128.82067732238,69.2701124685116,769.917818631212,7.06294912943982,1.0000354,1,37.5,
4326,118.963753560141,97.9530203993005,82.4233480630268,502.042085832051,11.6939091526558,87.9313390770947,97.4442146897514,74.1719111249953,43.836373013064,7.46057412164248,7.39283130739691,2.63931012154597,6.9407206488231,5081.30774242963,68.5071702395069,777.370229440405,7.0634222101346,1.0000354,1,37.5,
4327,118.171353441054,97.3703143412513,81.9956332674842,498.507962997263,11.6649519142246,88.3944390535369,97.5092754158647,74.5113545613836,43.8035327489337,7.46061616687422,7.39309832628771,2.53255245347447,6.84382476095519,5053.61683536798,67.8234460387474,770.534751358371,7.06425379876236,1.0000354,1,37.5,
4328,118.61638033092,97.8387242933709,82.4813263525735,507.731017265804,11.7916696306923,86.3592765046885,97.25456481869,74.8843908120653,43.722308121687,7.4610315722312,7.39384628602486,2.41087933679939,6.71940609630709,5073.20807832565,67.747203700404,775.03162391658,7.06442854461025,1.0000354,1,37.5,
4329,118.426330848886,97.9154930617253,82.7553086103456,508.849929734985,11.8184954129813,85.6883409155207,97.1806903828645,75.2354283635512,43.6874757582159,7.46263203129467,7.39413541817662,2.28093106693099,6.59128527032472,5031.53640933971,66.8772215268905,780.734405247516,7.06592021072488,1.0000354,1,37.5,
4330,117.917258241058,97.667520742075,82.7003234602183,506.086510738638,11.7989165389514,85.8425299265106,97.2121224793202,75.612276032192,43.6354266409422,7.46325851998036,7.39459584782175,2.15482728756106,6.46316002305392,4992.36730767371,66.0258832249435,774.087056449984,7.06735891065536,1.0000354,1,37.5,
4331,117.273263725816,97.2321032031757,82.4190715125284,500.139654395295,11.7400972605404,86.5691067202926,97.3179211454109,75.7479051984844,43.6146616381015,7.46370571667465,7.39474522491869,2.05764345173087,6.36899746955836,4949.80756713307,65.3458013678787,769.443730794407,7.06801161471682,1.0000354,1,37.5,
4332,118.125562555451,98.1592323880429,83.4015100903936,514.091571890881,11.9170047441084,84.0664538427129,96.9844780114296,76.6494100690497,43.5243379587622,7.46422765194552,7.39558807123106,1.89788517796797,6.19490150652154,4990.01540986893,65.1018110299045,777.968611415248,7.0680354230992,1.0000354,1,37.5,
4333,117.285595873016,97.8719274360748,83.5226942435527,501.032183510039,11.7764068017218,85.8623743880166,97.2469303622883,77.1428666305635,43.5235554757828,7.46540690605421,7.39553877946368,1.7579700921011,6.03734245805521,4883.12906323938,63.2998134049729,768.063781135193,7.07020954669509,1.0000354,1,37.5,
4334,117.201752354096,97.8225685563024,83.4988240101073,503.924261703876,11.8233212851527,85.4280540368853,97.1877890815372,77.3057138779657,43.5056585349536,7.46438181672814,7.39565964348386,1.65241277090412,5.91485221615681,4884.74501573775,63.1873734902543,769.569662204097,7.07006638637774,1.0000354,1,37.5,
4335,116.739377686358,97.6402343905569,83.5234763023558,506.346019495684,11.8637774179273,84.5957965245327,97.0926390969971,77.5748556967311,43.5235866076842,7.46636300220862,7.39542331377183,1.53875392961622,5.79038381735471,4830.91821568799,62.274279111441,776.557404051077,7.07071021564465,1.0000354,1,37.5,
4336,116.043552222721,97.2124226175328,83.2937616050026,501.570711507497,11.8191243194503,85.1922886993582,97.1813300397651,77.9394801519936,43.4903372073575,7.46648880279404,7.39569714933329,1.4295635432799,5.66784795109055,4785.51518774157,61.400399109785,770.773187305684,7.07160492771576,1.0000354,1,37.5,
4337,116.325606061908,97.5526557919108,83.6769968966957,507.660801115983,11.9021439181711,83.9783293147058,97.0226204240334,78.3599523822249,43.4297926603977,7.46698795176997,7.39624371127167,1.3169633308785,5.5420506381894,4796.46759604568,61.2107007499115,774.008418034606,7.07187519512176,1.0000354,1,37.5,
4338,116.035600475854,97.563485034291,83.9101823166142,504.192967291777,11.8733594463366,84.1933583733439,97.0677369732097,78.7179398518438,43.4187354314946,7.46829014821791,7.39629606677819,1.20273627657678,5.41222869509442,4741.16615249618,60.2298048122143,770.84550158758,7.07312590451417,1.0000354,1,37.5,
4339,115.367080028298,97.1188097617948,83.6309578256837,502.083559628061,11.8599141977578,84.4433465838444,97.1061633606299,78.8614396410916,43.4107239225238,7.46796715977491,7.39631719152556,1.11301433282068,5.31956095235431,4692.25090930953,59.4999397762018,767.066015989485,7.07358830241483,1.0000354,1,37.5,
4340,114.878616280416,96.5616655729942,83.0230498327257,500.202297137505,11.8489906343401,84.5071030657413,97.1258716621553,79.2024247632369,43.4112222078186,7.46873143714811,7.39625230025475,1.01539444649626,5.22886708933939,4730.27594026826,59.7238778283452,771.874246099464,7.0740335299811,1.0000354,1,37.5,
4341,115.447197538556,97.477427673362,84.1954238599579,515.821699260581,12.0351446662586,81.5460009474819,96.722166584943,79.7393083495512,43.3267257314922,7.47122865317586,7.39703847010655,0.89171639267118,5.08204105849842,4672.07495095806,58.5918670184246,776.091333473678,7.07536745637408,1.0000354,1,37.5,
4342,114.960844710369,97.249127117279,84.1578575919514,511.486456080109,11.998931969671,81.9663172825739,96.7949175288911,79.995796935959,43.255879095715,7.47163823480134,7.3976886912192,0.79588619687857,4.97789720196269,4619.79463235648,57.7504670158468,779.357940243005,7.07710727924626,1.0000354,1,37.5,
4343,114.1652984934,96.6950819201753,83.7823131486611,505.980361439901,11.9487897461985,82.6196300367471,96.8999392817191,80.3651583995901,43.2222633023687,7.47200663948597,7.39796508716343,0.69895092761431,4.88349821230447,4577.84322545784,56.9630336904953,771.823451608296,7.07833458767488,1.0000354,1,37.5,
4344,113.868318698475,96.4150375410235,83.5147862507334,506.281389448199,11.962655916565,82.4500744045267,96.8823294792722,80.7854338040653,43.2112851567219,7.47213652409031,7.39801379962249,0.605364047438549,4.79023161745748,4597.32247455419,56.9078144174407,770.714153856359,7.07837019579067,1.0000354,1,37.5,
4345,113.972096850627,96.9023039588811,84.2855005171559,518.663150566292,12.1073847093245,80.1742814616385,96.5612232220826,81.3716214793663,43.1780127125747,7.47444386860574,7.39828723048613,0.488462805161738,4.65221200804128,4528.93454198702,55.6574203592027,773.64840276074,7.07908568028582,1.0000354,1,37.5,
4346,113.306774876681,96.5116120395815,84.0977960295511,514.508483311517,12.0725329111767,80.529656986026,96.630406905769,81.7489220426594,43.1452177142803,7.47534727728817,7.39855617086962,0.404323290748677,4.55520459900837,4476.73178551038,54.7619671752279,774.018339771861,7.08136936934169,1.0000354,1,37.5,
4347,112.810064478871,96.1792599228786,83.8869261206233,517.194077608922,12.1118901681521,79.9549355193956,96.5520903999333,82.0614590486879,43.1407970982734,7.47598114725084,7.39853993142882,0.347643172024046,4.49341340331657,4449.86992199099,54.2260638986547,770.451247752375,7.08213612496803,1.0000354,1,37.5,
4348,112.162154464243,95.7205110280335,83.567991966487,527.073642207892,12.2297203967138,78.3605801735937,96.3104187683793,82.7803363647182,43.133711026581,7.47726053236051,7.39855166087558,0.221289131955065,4.34874066070683,4437.79497482781,53.6092889895437,774.559557211091,7.08300189652532,1.0000354,1,37.5,
4349,111.001812494711,94.7433530302039,82.7262308173071,537.118699531843,12.3496804004708,76.860945348394,96.0693446820795,83.6376101464296,43.1406858226894,7.47834663619175,7.39842346547675,0.11126428967983,4.19951534148874,4433.7972440256,53.012003048187,771.845674524006,7.08477946517374,1.0000354,1,37.5,
4350,109.272680961096,93.3623524191207,81.602544366356,552.752122260503,12.5317765201052,74.5202164440287,95.6775327493717,84.8518723910776,43.1935856072238,7.48171745881467,7.39783580696132,0.00121296662100168,3.99617927121518,4401.8516258554,51.8768944257059,779.21764774869,7.08657505810572,1.0000354,1,37.5,
4351,107.779182531151,91.9462958165927,80.2437273753972,560.913871306783,12.6312514834172,73.1595152700776,95.4517094103541,86.4148729880512,43.2001921480468,7.4851326658926,7.39771699573577,-0.101243271330817,3.79266265147172,4461.11503360126,51.624389174513,769.419488420244,7.08959305603638,1.0000354,1,37.5,
4352,106.574370409217,91.0719066028783,79.6135637894976,577.132647146694,12.820467181197,71.0533838852567,95.0293753587697,88.3137382042498,43.1265808244445,7.4862774418743,7.39840905102944,-0.192559209455527,3.59015328163279,4463.99619804367,50.5470189442039,778.390049850691,7.09239851902454,1.0000354,1,37.5,
4353,105.783277188354,90.5664713194152,79.3192669815037,582.571324309559,12.8883685807493,70.2406207183896,94.8826021601389,90.2412114303426,43.1787755913887,7.48867332898582,7.39783869278133,-0.255435015818673,3.46945430508022,4477.37261413916,49.6156084694769,768.41512396687,7.09449499900949,1.0000354,1,37.5,
4354,105.4284597026,90.2705879123425,79.0669435456301,583.211584846083,12.9009786593382,70.3126708136774,94.9004576805169,92.0945576946444,43.2542042539831,7.48840069029066,7.39703934278445,-0.341722125026145,3.35438603523506,4551.63069458148,49.4234492082932,775.876292628117,7.09516472271875,1.0000354,1,37.5,
4355,105.182943227719,90.3781212010911,79.4354266596704,597.125882037182,13.0623828413205,68.7626456838054,94.5519838630627,93.755323355732,43.4008695783204,7.48888200221309,7.39553148418955,-0.43218110380994,3.22109397715971,4525.78531241815,48.2723023123301,776.364980212142,7.09565385545982,1.0000354,1,37.5,
4356,104.208109313118,89.5227763653818,78.6683998387944,601.899905301793,13.1195252328804,68.4901878795832,94.4831674252327,95.3573257276641,43.6295127810362,7.48834747515999,7.393214977243,-0.522253584389357,3.09247444618196,4565.96609151673,47.8826986461104,768.044249036233,7.09614152452369,1.0000354,1,37.5,
4357,101.966472221012,87.8952290998814,77.4947450538284,626.159896655134,13.3985601939342,65.615729164989,93.7735235051178,97.2140403343677,43.8838223974924,7.4902926227197,7.39066031883046,-0.665061417837301,2.81213094363094,4460.22001053386,45.8804098172746,777.661208519083,7.09644613945303,1.0000354,1,37.5,
4358,98.8776061556933,85.2009027751365,75.0920350590727,634.792268241025,13.4998418513343,64.5857584899844,93.5179240313361,99.7618639041148,44.0327264096749,7.49228910441695,7.38916378374459,-0.765471437949797,2.47084691583273,4448.77871776647,44.5939815443141,769.995500407396,7.09854372763195,1.0000354,1,37.5,
4359,96.3922350028084,83.0982081811158,73.2721883563865,624.310943919461,13.3811619725037,66.0439453352589,93.9341919184071,99.6709947585366,44.3334591240094,7.49321922460537,7.38618593667159,-0.855416197469371,2.23034279490185,4320.36227386986,43.3462341209334,761.091958392206,7.09892570323527,1.0000354,1,37.5,
4360,86.9167020017049,73.7344191675872,63.9909927249785,629.565314764844,13.444202030468,65.5835409033544,93.8121437720559,96.838136451391,44.7813533502495,7.4930918773167,7.38180266868084,-0.877297786470976,1.80663739710121,4162.28554214384,42.9818839423159,728.686377876689,7.09645427046175,1.0000354,1,37.5,
