4320,116.341244273916,94.1328529504427,77.7179550157017,503.370568349636,11.5730316875303,89.9344972277845,97.6232820892874,72.3321245653809,43.3640288803171,7.45717876036819,7.39192268868173,3.39446292383315,7.17173969749771,5237.73045085274,72.4122301442751,753.409912078038,7.09361421712186,1.0000354,1,0,
4321,115.39508392432,93.0756815712595,76.5787320059538,493.164196878058,11.5279486962697,91.8255300881478,97.8653381825924,72.0499700570782,43.3926276587915,7.45481699257551,7.39138896020055,3.23664118004987,7.14931416380608,5243.37824320728,72.7741904549503,757.277814724912,7.09284016064329,1.0000354,1,150,
4322,114.278938958124,92.297572263791,76.0504751418929,495.972064081509,11.6429083309654,89.5309852640267,97.6256900638546,72.178187650689,43.4684801695772,7.45495895289457,7.39039176287276,2.87742938878846,7.01009821742359,5173.1549386128,71.6719982447968,758.112567835455,7.09298722844266,1.0000354,1,150,
4323,113.041843127965,91.1972817492244,75.0513015997203,502.740680084636,11.8016160025501,86.6371413960332,97.3009154922058,72.5931345016782,43.4591562214649,7.45664286931831,7.39025245707593,2.44473205492181,6.73704178828947,5170.51377845219,71.2259336085378,752.071795755499,7.09379249248155,1.0000354,1,150,
4324,110.934134626376,89.8945620062345,74.3435735478693,509.169261257108,11.9476111442627,84.0281194789092,96.9946210451495,73.1993951359132,43.3651307793884,7.45914386615391,7.39096493743247,1.89434602595374,6.29341009951396,5021.56660877547,68.601203595353,754.880238860722,7.09634897105242,1.0000354,1,150,
4325,105.367557203478,85.5286069465689,70.8650350175491,530.663997491712,12.2493968572168,78.8097753811751,96.2811498021382,74.3194993644228,43.2289650801719,7.46618700352829,7.39210294911917,1.21616628336284,5.32552801997464,4807.46671101512,64.6864786782524,743.571593216084,7.10042467719484,1.0000354,1,150,
4326,98.6744520309527,80.4201047184305,66.9277610526532,517.926043294401,12.1807311826445,78.9836892468298,96.3962718800805,76.3513694353964,42.9191969470545,7.47097338165885,7.3949931498159,0.706396602145106,4.25659800820585,4544.41476217804,59.5197544691485,723.477879560437,7.10545144206458,1.0000354,1,150,
4327,101.016762405199,83.9892831074034,71.4037549307721,510.243744848123,12.1660366355356,79.0503638434905,96.4778494991579,81.2805498576973,42.6872830093643,7.47414130423671,7.39711252176591,0.325446670197899,3.77730234300355,4512.65170936023,55.5194535133042,739.220742893084,7.10924145332749,1.0000354,1,150,
4328,103.548957618192,87.856756182856,76.25817251326,515.278696724022,12.291498422752,78.0571865281252,96.3593272484091,85.5647891091088,42.8309473249097,7.47404544478458,7.39542973390829,-0.07499117453224,3.46823760467988,4377.98007185661,51.1656736075628,753.542281242201,7.11359728727295,1.0000354,1,150,
4329,102.492687845176,87.2612355303516,76.0032055585245,529.76988470636,12.5223761541341,76.0707329589576,96.0627472551951,88.6010680978925,43.3631016497874,7.47398578395388,7.38985959243221,-0.356681873254213,3.26724780193332,4400.22712884975,49.6633643737577,744.909388221916,7.11614656164348,1.0000354,1,150,
4330,93.1398901071534,78.1169053402517,67.0129600777591,623.33009573785,13.6930204232272,63.4310006970159,93.2959490929954,91.6409167255075,44.1884645573262,7.4804820845782,7.38148521421311,-0.834380280455789,2.63848149324239,4488.90561154097,48.9836393167761,743.015036687428,7.11786472843995,1.0000354,1,150,
4331,52.1530456417427,38.0485310676186,27.6234550780487,705.549353829773,14.5105297796131,54.5451103663221,90.8576224020576,67.9705207627216,45.3084899193887,7.51580489426937,7.37045203250344,-1.0494440388033,1.01645683460819,3125.88907732496,45.9888940418323,561.722164323781,7.12824019261998,1.0000354,0.964360149925045,150,
4332,47.6702880770754,35.1267800350894,25.8554914823171,764.748432539476,13.8750284888625,48.7201287789957,88.6835351226139,72.0892127834181,45.9654360180482,7.53786790489785,7.36359605479979,-1.27593157533068,0.382193803737381,2948.38448598079,40.8991078157393,534.747967710746,7.13816893970979,1.0000354,0.766743320637418,150,
4333,47.2917165596498,35.4576418991454,26.7107171500769,801.228251708879,14.5250579703081,49.5976292553877,88.7691047262577,76.8034517101672,50.6368480538058,7.51627048108678,7.31934459533071,-1.35583441515572,0.141051631196168,2963.53366568032,38.5859437263809,534.860843238502,7.13989523236101,1.0000354,0.77195476741821,150,
4334,76.5307926219513,67.0246380111633,59.9983498205808,1861.88170548161,33.2680842318766,53.3748781545348,94.0145531364241,141.460456587408,54.9743029167775,7.71434069198255,7.27807944480583,-1.67457546260959,0.0311000052990789,4384.6481698246,30.9955748454362,588.107737055347,7.19297006855949,1.0000354,0.985311799908747,150,
4335,52.9398615005849,40.835410167557,31.8886417909712,1148.5986429584,21.3991390998313,67.1812401178221,95.2294600996457,78.1604589426865,68.5777807987395,7.53105326927656,7.1730737114511,-1.19084747371095,0.342841145771692,3084.80013455533,39.4675284189075,465.013614986895,7.18914285283254,1.0000354,0.976980572782458,150,
4336,52.9258153329851,41.1044999234461,32.3670059250912,0,29.5679952021936,77.047178887702,93.30116284423,77.8018745774016,85.3384916633846,7.17998656864137,7.06593432381777,-1.23158082687788,0.242264318446949,2998.82199749878,38.5443411715664,442.062229734506,7.14681545805374,1.0000354,0.986201837181933,150,
4337,53.913232626205,42.2638813160084,33.6534912171674,0,21.0218926591687,37.0646960671492,47.7022099812623,86.6696024903764,129.25698757106,6.88508179888716,6.86956110674917,-1.27409310705289,0.201959884343176,3292.02685152592,37.9836385183775,646.753669414909,6.90008858646532,0.980989762225115,0.796126583314365,150,
4337.78405999221,0.000115751845892248,0.000115751845892248,0.000115751845892248,0,0,2.29779646236845,15.016560250997,0,1.2039517688595,8.89759223566952,8.89672772037085,2.5682426585405E-07,0.174514154258171,0,0,0.00190649299130276,6.85456352718418,1.74862222030152E-07,0,150,
