4320,114.125731603151,91.9548066094899,75.5676011793927,496.596859043708,11.5099137134206,91.5235044742725,97.816099617671,72.2187770839281,43.5290983926652,7.4565896798928,7.39248894415109,3.35267118528234,7.11792895393595,5220.70031995772,72.2900681894759,767.835929674874,7.09181345897012,1.0000354,1,0,
4321,113.709615217407,91.5874048856919,75.236205944859,494.71040085211,11.5280401394009,91.2746441350219,97.8011018735474,72.0909379720539,43.5642778539279,7.45633231743475,7.39200070563491,3.28361266861007,7.10843742089068,5200.00803867441,72.1312301511487,771.056367001331,7.09151997391156,1.0000354,1,75,
4322,113.841810333731,91.5900902555291,75.1431667194669,495.115010803394,11.572567629342,90.5745476058454,97.7299839521124,72.1366938559541,43.5617202754053,7.4556431463534,7.391893930112,3.13452339814079,7.06076005408227,5233.77012283746,72.553507002809,775.374115003271,7.09164229810189,1.0000354,1,75,
4323,113.257753992491,91.2616236939618,75.003614342875,496.843960685561,11.6316288332522,89.2320118582035,97.587703826321,72.3237568268609,43.5701506265145,7.45658480910041,7.39168237802176,2.94471620231694,6.95075216780583,5187.06968672534,71.7201361530886,773.77887100797,7.09231596255475,1.0000354,1,75,
4324,112.5026589689,90.56385605091,74.3482191115258,498.230709800933,11.6845695295675,88.2166135860727,97.4798581644649,72.6658249924971,43.5453592285587,7.45728121016393,7.3918047451639,2.72489833886884,6.80507572351348,5198.02013024689,71.5332156592675,768.800349166097,7.09280180514167,1.0000354,1,75,
4325,110.952894607971,89.6229339432361,73.8573108432149,507.918891065579,11.8359898032213,85.4686237145605,97.1451710546285,72.7753793527672,43.4544913109158,7.45924933399182,7.39258935316109,2.37763950176678,6.47293431645527,5061.38477312237,69.5480369616227,768.611701971261,7.0939684290088,1.0000354,1,75,
4326,108.488235278611,87.6308181191639,72.2144663056596,515.237431542131,11.9519389961932,83.1032335530351,96.852264157051,73.2789096789667,43.3289981418314,7.46322881327674,7.39372276029408,2.08074096318932,6.04597570435304,4983.49868349357,68.0072711961214,763.002823612792,7.09639133109334,1.0000354,1,75,
4327,105.619861133015,85.4256406076674,70.4994776106715,510.30952629414,11.9287387082354,82.8080302459943,96.8503939294144,73.9672297956788,43.1585352618501,7.46650761840307,7.39531074027339,1.79278545530132,5.581557873561,4870.36231262562,65.8448657071399,754.350657223143,7.09936004230139,1.0000354,1,75,
4328,103.416052535625,83.6055188066207,68.9629503982264,497.91276891358,11.8164728960911,84.1631690313447,97.0635817985084,74.776649492979,43.0315298202678,7.46669320709415,7.39646478826412,1.52408647871356,5.13996671628846,4830.10976088175,64.5938243239323,743.448689564941,7.1009255942332,1.0000354,1,75,
4329,101.269789694984,82.2808708529355,68.2455830131608,489.814434847018,11.750419448497,85.0510884146395,97.2007096872357,75.6573543100201,42.9920584084534,7.46656285294182,7.39673542225422,1.26741313080659,4.72596638569449,4684.31627756698,61.9148834939709,732.905596671558,7.10102851792876,1.0000354,1,75,
4330,99.8236085734763,81.3582380877504,67.7099207722138,488.976081812583,11.7734137718728,84.800872764533,97.1874580693879,76.9703597226403,43.0049895950838,7.4672630065669,7.39647539196244,1.02746854992416,4.39751691269668,4634.21697439,60.207812346067,735.966243735742,7.10111565375958,1.0000354,1,75,
4331,102.214366523614,84.4261710163572,71.2783743370807,497.698471186107,11.9109165351363,83.0365909714167,96.9676286955248,79.7304046583493,42.8925393938459,7.46850622349988,7.39748422248859,0.824184928766302,4.17911511961929,4624.34986427452,57.9998293510512,751.764187262207,7.10250814770737,1.0000354,1,75,
4332,104.863954466739,87.936116166732,75.424235684118,486.684857604649,11.8094163354281,84.5648147198743,97.2028459704378,82.0546157857062,43.0140757891021,7.46975921241062,7.39613153894668,0.578049106599134,4.03506300278107,4528.9689145988,55.1945660976178,757.252325535612,7.10503425694901,1.0000354,1,75,
4333,107.761783574043,91.3492412078143,79.2182316327759,490.620250743752,11.8867962131557,84.1758209779443,97.16086131826,84.2807319778487,43.1703303395842,7.4691125017996,7.3944379044246,0.397750187115961,3.9469801947319,4510.23302511642,53.5144026312187,771.778844948216,7.10662286712645,1.0000354,1,75,
4334,109.454830282575,93.4209250737363,81.5697777454646,494.528890759777,11.9588934227119,83.76454605761,97.1097983289787,85.1233200133923,43.3353039004221,7.46778638337608,7.3926687258849,0.237847268144067,3.8756976683272,4450.2323586999,52.2798259983252,776.47154731056,7.10811579553319,1.0000354,1,75,
4335,108.060234226108,92.3212561806706,80.6880984949124,505.184173355784,12.1004489004324,82.1695178061972,96.8974707355786,84.9757422567507,43.7402014387544,7.46768533952809,7.38852353779672,0.0860226378533056,3.7870637883207,4360.80149669941,51.3181924733699,767.596970860521,7.10870716026144,1.0000354,1,75,
4336,103.894000360147,88.2065448092718,76.6114689673203,552.312887315185,12.6523599887706,75.2034089471241,95.7928404900478,85.3566745259621,44.1360236124941,7.47115261931151,7.38451144052711,-0.104575895218474,3.57639138432375,4366.01091128231,51.1501992729853,770.6038803597,7.10820100083286,1.0000354,1,75,
4337,99.6701608921786,84.1072586292257,72.6042439131301,598.506443398081,13.2050711954587,68.4999101291821,94.4782472879862,87.5401832899223,44.3156648149995,7.47986665781089,7.3826559515401,-0.287352284806115,3.2267056223039,4442.14635729894,50.7440833495527,772.112821729936,7.11343167539325,1.0000354,1,75,
4338,97.5305005135852,82.1760825391937,70.8271649059478,621.318763731201,13.4927448794879,65.1968215439146,93.6996998998653,90.8947592590007,44.3821240427152,7.48412756766386,7.38192333584438,-0.409827775280551,2.98915511809448,4550.58283304318,50.0643037083854,765.848342161893,7.11976113134339,1.0000354,1,75,
4339,96.677953075252,81.8794522500399,70.9414299009701,639.245533035309,13.7233523188365,62.9117699343944,93.0708049555406,94.2693248340394,44.608287791313,7.48521404383666,7.37964360140955,-0.565583716687098,2.77831636179649,4548.65438275123,48.2516915312495,778.903685099668,7.1232685549361,1.0000354,1,75,
4340,93.1909971559631,79.122593429606,68.7242080666464,687.569414601327,14.3197719431778,57.9273675331014,91.4558624070504,97.6238528040283,45.1447307034066,7.48922605903853,7.37438971232181,-0.815205696185127,2.32895305455653,4478.11856583554,45.8711517442872,782.726540468475,7.12723408365184,1.0000354,1,75,
4341,78.9516782946319,65.3310724624468,55.2636681517014,775.68304074914,15.4104738356611,54.1278567480422,90.3669368478434,89.9761776685922,45.9290468372386,7.51178318940076,7.36685710769944,-0.95919984122619,1.64067263004486,3995.93841621545,44.4110710163042,744.980973366007,7.13591346665627,1.0000354,0.997967296544295,75,
4342,56.5981544400295,43.172865038632,33.2498250462947,789.664669861709,15.0600854289314,51.7388088813652,89.8900753062181,72.8664254519489,45.8458874067243,7.53860218392926,7.36744598418574,-0.944478477717114,0.926030767563176,3189.67139194219,43.7742262250203,626.402041506403,7.14459910214594,1.0000354,0.924119714602355,75,
4343,55.1660866709277,42.4642399469334,33.0759184552855,726.828421361726,14.1530078468091,53.4732520898231,90.4239066195589,75.3013253120988,47.5054837338751,7.52411013181051,7.35092350782145,-1.10375028408717,0.660124292854184,3118.63328164398,41.4153837096265,618.839140799529,7.15093053520587,1.0000354,0.903113344119282,75,
4344,59.1569705888613,47.0483614373658,38.0985198906083,1079.16632758499,19.0469678761839,51.4196160669032,90.0463666922593,87.5943021714597,50.7006917444486,7.54808973920773,7.3202067577476,-1.24431791998062,0.485310763385142,3458.31811735314,39.4810853174414,633.383629023945,7.14476591404998,1.0000354,0.925788715884978,75,
4345,81.4872889514359,71.5681845860797,64.2366726638599,1664.38989111707,28.604154636502,60.1307909247513,95.1701998320182,130.897234964099,51.5894236817089,7.68848428220455,7.30796016866986,-1.53003525245979,0.384208022858062,4233.48235726133,32.3420304364905,618.771684715014,7.21556809289788,1.0000354,0.994519437787416,75,
4346,98.2977704169919,88.6699646953722,81.5537604663489,1808.65605491851,31.2500547072885,88.4906583855681,98.854427928884,147.680576140513,48.5682628237418,7.73971640917723,7.32723890990735,-1.51630954096145,0.801399766496853,4636.0223157691,31.3922279891304,614.227451563195,7.29439196162885,1.0000354,1,75,
4346.59058669002,60.7427130220735,48.1721766969998,38.8809107175976,630.128520655962,13.7234204232349,89.5826144727068,97.8654645992556,NaN,52.1698044431867,7.45106019739863,7.29194402860807,-0.995792276885124,0.724810388917176,3168.13759264004,40.9872356871749,519.901354240435,7.2398742714124,1.0000354,0.985001255532874,75,
