4320,129.263800707184,109.245895283661,94.4500521445352,526.608906119039,11.8607434945393,91.4584516988499,97.7759757678467,76.740565938439,41.3340997980248,7.44548753977794,7.37011109181715,2.751872007145,7.38466573430352,5008.85491725256,65.2699762635403,749.886558253498,7.10471180593664,1.0000354,1,0,
4321,130.577163919967,110.911009005805,96.3751553735974,521.984418529982,11.8274982110701,94.2902730891878,98.0983237030275,77.4298358476318,41.4018920472706,7.4450074103325,7.36933706356786,2.69533980081812,7.41349112694478,4965.03845039926,64.1230656896854,754.230219260257,7.1051664874243,1.0000354,1,37.5,
4322,129.426124025641,109.540980553217,94.8432658127288,522.251656441679,11.848321830146,93.6723025054509,98.0327519214796,76.9562097812387,41.4359075149816,7.44392728543191,7.36892026681755,2.61857542625639,7.40526574234905,4989.61711055343,64.837095339509,747.688311906356,7.10462219127486,1.0000354,1,37.5,
4323,128.652485310401,108.910376795754,94.318383545797,524.485576552178,11.8899001446501,91.4142994762362,97.787939457044,76.9989812322769,41.4695407302616,7.44479015322917,7.36850931020464,2.51929562212726,7.3482816044957,4956.47974248185,64.3707184583393,745.776267124026,7.10416328080947,1.0000354,1,37.5,
4324,129.005404831042,109.433473008337,94.9672625306862,528.62206506534,11.9502328560064,89.5486101851303,97.5725435249445,77.5448128287387,41.4316035672361,7.44538529804058,7.36884929416315,2.38777174350463,7.2494673372599,4948.5876621609,63.8158437894496,749.886937445547,7.10437795126104,1.0000354,1,37.5,
4325,128.940453249863,109.614715703284,95.3304749079867,526.829214520393,11.9448056436367,89.5043322180302,97.5783630651847,77.8097813945317,41.4401188726025,7.44629752815389,7.36870470361899,2.25649508226304,7.13269581608554,4903.03613730273,63.0131077279611,749.457087159393,7.10538182401822,1.0000354,1,37.5,
4326,128.73102562004,109.415285473558,95.1384340609409,524.613108478261,11.9339792086337,89.6389897834659,97.6027042240461,77.5756395356412,41.4476992392207,7.44663449731771,7.36857058553765,2.15055594078097,7.02974975018312,4885.75337318573,62.9805104080519,747.85336841191,7.1059261640608,1.0000354,1,37.5,
4327,127.572209806445,108.227264463085,93.928826600601,524.526132986503,11.9458362070663,89.2902250052128,97.5666970702568,77.5477331347999,41.4596449007048,7.44687657984634,7.36839189732558,2.05413849980226,6.92977310909112,4891.38036435535,63.0757362804242,746.454703529049,7.10637827694217,1.0000354,1,37.5,
4328,127.992987133117,108.979351443787,94.9257946299332,533.78162241541,12.0552840783157,86.4608960911194,97.2150297399822,78.1992537773077,41.3518110043365,7.44851065470395,7.36946978449073,1.92499151797202,6.7729027291828,4847.99986260701,61.9954747447198,751.169874280473,7.10697634020421,1.0000354,1,37.5,
4329,127.642338746068,108.954211142366,95.1412472613698,530.259783255566,12.0301017490311,86.9245696120127,97.2855334974641,78.6259251207837,41.3269868213961,7.44883035567399,7.3696784321509,1.79743431632903,6.62326168659883,4791.00231793083,60.9341296852276,748.555873292248,7.10820643178836,1.0000354,1,37.5,
4330,126.452169921371,108.028670730545,94.411301763413,527.53839372251,12.0128295398787,87.3477647486971,97.348614033616,79.0754565861243,41.3505517242972,7.44905686242153,7.3693790134967,1.67316815527744,6.49774181413283,4750.16449875702,60.0712876514779,750.075203174597,7.10868269171175,1.0000354,1,37.5,
4331,126.598586452136,108.510754361275,95.1414871636825,525.812682090942,12.0056168825749,87.3727239001602,97.3630348452346,79.5458237878998,41.348084968189,7.4499847245786,7.36935327331008,1.54017289819797,6.33455671366921,4691.35959733302,58.9768183159686,751.157825360326,7.10981058883855,1.0000354,1,37.5,
4332,126.361809256398,108.27380660606,94.9044133427668,529.530834729943,12.0552866388049,86.5187182635783,97.2509091286733,79.9410264084312,41.2952006878515,7.44926123229839,7.36985802187211,1.4267246773883,6.19872001927481,4714.71184750725,58.97737443874,750.50503621372,7.10983472409557,1.0000354,1,37.5,
4333,125.706397702255,107.933159677204,94.7964185282525,529.035230668417,12.0606019294398,86.2588453410215,97.2298918283425,80.2419460851764,41.3384397982116,7.45059161063267,7.36935333472938,1.31116895828806,6.06412338975635,4650.10577497136,57.9510592880598,746.726779360199,7.11075315671242,1.0000354,1,37.5,
4334,125.235319837101,107.456154719604,94.3150326762376,527.654015603863,12.0564404130587,86.4561574504898,97.2588508356884,80.460398461874,41.3307394936548,7.45011864260641,7.36938376745791,1.21220394974098,5.95511383667716,4664.32027974313,57.9703850454246,744.402742471437,7.11077810488361,1.0000354,1,37.5,
4335,124.84268629144,107.356382562768,94.4317232850539,530.464607684816,12.0964590798125,85.4442942409175,97.1372131960452,80.8434052999238,41.3201716582588,7.45174136309081,7.36944515282211,1.1068793623286,5.82977692984288,4609.32613548542,57.0154871431395,744.569992415309,7.1109039561627,1.0000354,1,37.5,
4336,124.083750021834,106.852565104162,94.1164719041431,527.287155692247,12.0730366487211,85.8528787793144,97.2007764294925,81.3018899806444,41.3129446708951,7.45207163810972,7.3694714116854,0.994095156168263,5.71241524355905,4567.83708746176,56.1836519243184,747.295308472564,7.1118422269609,1.0000354,1,37.5,
4337,124.392391704983,107.219557147201,94.5265924740585,534.051721998756,12.155055997341,84.4122363480669,97.0056072344961,81.8117864208521,41.23085352984,7.45203646560539,7.37028572489935,0.882191399026298,5.58282920847863,4580.91974837614,55.9933959247779,749.926227864838,7.11228671746934,1.0000354,1,37.5,
4338,123.993912189396,107.140986671183,94.6844765055478,533.041585364041,12.1544090432603,84.1700450622069,96.9903089343467,82.2059640061764,41.2589484111881,7.45400797831197,7.36994146424311,0.768589723522243,5.44782012476535,4517.24295947452,54.9503070012672,747.631799096392,7.11341538514855,1.0000354,1,37.5,
4339,123.163422944959,106.594033603821,94.3470936560232,530.461766469997,12.1368976384717,84.4379832377156,97.035861588459,82.6220093275377,41.2414864747298,7.4542792945542,7.37007663385021,0.653930209504245,5.32308444558513,4463.72136567518,54.0258146952065,742.517780256083,7.11429134896625,1.0000354,1,37.5,
4340,123.386372015545,106.952558341493,94.8058264954556,539.999500323209,12.2490470733317,82.5310726418452,96.7715207809046,83.2226704526547,41.1793103032189,7.45544540962419,7.37068343128738,0.523415766320948,5.15041434632112,4459.38355231715,53.5837594259137,753.738360511429,7.11446215015364,1.0000354,1,37.5,
4341,122.457429007215,106.352611349613,94.4490504722556,532.706396127903,12.1808478845918,83.3541265820151,96.9103319292526,83.5328943059964,41.1912119304891,7.45695609461593,7.37050986256279,0.428858830262539,5.01515190640883,4386.39929538523,52.5110416899604,744.981999228358,7.11670609905192,1.0000354,1,37.5,
4342,121.967190708934,105.834471501443,93.9102877393852,530.294739539919,12.1648479157438,83.6471333357336,96.9566321977965,83.9457830049697,41.1575265317591,7.45670746509138,7.3708169546869,0.345923329280259,4.92418259962398,4415.71749777256,52.602016917409,741.687739132778,7.11705396314143,1.0000354,1,37.5,
4343,121.889439363681,106.077548367237,94.3904985003012,536.486304343309,12.241381231002,82.2482313733924,96.7684038156656,84.424767644761,41.104363125117,7.45836257505507,7.37133060354855,0.234473497415712,4.79613225754361,4352.59749217836,51.5559309620257,743.851051719241,7.1174178670475,1.0000354,1,37.5,
4344,121.135278224388,105.557054559136,94.042715328297,532.299942875751,12.2060734684373,82.7119974970346,96.8475128361604,84.7887034477321,41.1042181860988,7.45892621775035,7.37128442895722,0.15138690023818,4.70633124625914,4306.76079472846,50.7940400030218,748.030382379728,7.11849312489125,1.0000354,1,37.5,
4345,121.174990517122,105.717764386674,94.292858116344,540.353465747588,12.3030748029676,81.3065981219855,96.6405479644667,85.42070688851,41.003961908984,7.45891424651758,7.37229741818456,0.0442447404871933,4.5773320781175,4305.16244552135,50.3995178960576,748.421310397745,7.11924024308381,1.0000354,1,37.5,
4346,120.534229095202,105.354587650132,94.1348526689933,543.057402019989,12.3424199810472,80.4736173784356,96.5382019385907,85.7948165530294,41.0541297439218,7.46176537886546,7.37171918323369,-0.0293817581349667,4.48182154050863,4246.36561972548,49.49443090307,743.711633632195,7.12074738311172,1.0000354,1,37.5,
4347,119.864532909458,104.696935918444,93.4861033598685,538.386697309282,12.3014847905144,80.9905651288851,96.6263569580664,86.3102275807403,40.9935596626628,7.46186258300194,7.3723130148908,-0.118073591753944,4.39111047958145,4268.48602837966,49.4551590005557,746.312289788195,7.12178356485372,1.0000354,1,37.5,
4348,119.026227114357,104.397191389566,93.5844258538514,548.473803961348,12.4214012341896,79.0128639083953,96.3429777284688,87.0269503801861,40.9566951464289,7.46536765357911,7.37265678010995,-0.243652158366367,4.21513806339511,4151.11043438009,47.6991370632378,750.044086884078,7.12341572889555,1.0000354,1,37.5,
4349,118.439142765522,103.970606422138,93.2764708639851,562.060718171608,12.5806725503752,76.7703828294014,95.985437914866,87.8053216742346,40.870182162404,7.46801731114946,7.37352835384798,-0.327669187733067,4.07832251890968,4142.28770234979,47.1758160367322,752.912743312633,7.12557859548433,1.0000354,1,37.5,
4350,117.73413355473,103.537706256829,93.0446947757726,557.280417693357,12.5381687318102,77.0942496291368,96.0615905375237,88.6520383574305,40.7718044870263,7.46927618545186,7.37452848477006,-0.403303997813886,3.97986288722565,4103.57721825853,46.2885828040815,744.180686042793,7.1284792451842,1.0000354,1,37.5,
4351,117.239364326305,103.238704857393,92.8903913368921,566.327585067659,12.6479668132312,75.6045826052233,95.817381092919,89.4978871517073,40.7048183641945,7.47135110954883,7.37519703932632,-0.502671118139881,3.83145000398672,4085.60237218519,45.6502661929852,748.919674436943,7.13000936582071,1.0000354,1,37.5,
4352,114.824347756031,100.913926751279,90.6323112260268,574.371556025314,12.7467575685396,74.3315806794099,95.6110147844193,90.5878839327038,40.7956283463242,7.47432623065755,7.37418468072005,-0.61979768281319,3.6064584853433,4108.70736899252,45.3560364876699,736.634112866474,7.13242152329206,1.0000354,1,37.5,
4353,112.411493837595,99.027733826735,89.1353894708818,593.699687691187,12.9721486521618,71.4383268256041,95.0722512191932,92.5675408835137,40.6594557533082,7.47885089494938,7.37559390233205,-0.71850494743627,3.29361946486087,4039.53791537045,43.6388163368602,738.735895402457,7.13601190377503,1.0000354,1,37.5,
4354,110.356117883584,97.1404722236021,87.3723863010071,597.158914133903,13.0198240176965,70.801248251768,94.9698215985624,95.0503432052736,40.6359741277289,7.48149321361381,7.37580452716573,-0.799457818768048,3.06044454754432,4095.78260131168,43.0906660954007,740.63434106999,7.13871091764892,1.0000354,1,37.5,
4355,109.247631716452,96.3032645319445,86.7356887868734,595.619770201388,13.0101945312177,71.0663468006102,95.0371569012803,97.5603217407305,40.6620757900808,7.48174646663333,7.37548821976062,-0.871562020523027,2.87476695251931,4117.64469563583,42.2061410024723,730.039863982614,7.14053057983891,1.0000354,1,37.5,
4356,107.265722724711,94.7390146167006,85.4801434064323,600.385463460689,13.0702904896671,70.6713775349711,94.949455831025,97.6081299926216,40.8327968608722,7.48119577055644,7.37363361439082,-0.970693692333529,2.65998092961914,3986.73870059193,40.8443302918854,728.00148169377,7.14108520109776,1.0000354,1,37.5,
4357,99.4448606514212,86.8770664080144,77.5878271846267,623.81603765426,13.3428020048714,67.6288466723909,94.2786162394476,94.6721002187259,41.1912887950773,7.48451958459929,7.36980447612147,-1.01068002660334,2.33737569941943,3879.50124263781,40.9782949113286,716.841893656065,7.14044705245654,1.0000354,1,37.5,
4358,89.5755752783193,76.7660206771656,67.2980890154433,631.462129732919,13.4384569237899,66.419065650111,94.008090461145,91.7173021060335,41.4353056037485,7.48696532464383,7.36721042700617,-1.02409592268134,1.93621210913062,3830.71746976391,41.7665738285155,693.508055591393,7.14119774755134,1.0000354,1,37.5,
4359,78.8989022765027,65.8842271943287,56.264684742287,640.507129020031,13.5434943698752,64.5567869604335,93.5820358733017,86.912402932442,41.7069517160953,7.49207102705785,7.36435008394356,-1.03032162648948,1.545878809951,3688.16132378358,42.4353855070654,671.139492576097,7.14111609752678,1.0000354,0.998837874650757,37.5,
4360,59.141019848374,45.9040849452014,36.1202634950303,620.5582549436,13.1184855425552,64.7351712909538,93.6557381431329,74.040157965877,42.2079430874949,7.49287714308428,7.35914565683019,-0.972411247431559,0.999364730768011,3195.57924243965,43.160081369794,591.709001359264,7.13823977546555,1.0000354,0.972286252696609,37.5,
