4320,131.837519461615,111.763260318284,96.9257644297348,522.161497792554,11.8352310210604,90.8335325311418,97.7235204752578,77.6697097650119,41.7126745786326,7.4490581231862,7.37587444005131,2.81439807413346,7.62883736155454,5083.77159535738,65.4537220589368,765.55572521222,7.09197360928559,1.0000354,1,0,
4321,133.143039370255,113.458584010053,98.9092039612079,514.73533291074,11.7885015202001,94.2134660357165,98.1123364474818,78.19171735481,41.8031560901282,7.44800413778437,7.37481011806841,2.68609008692244,7.65565205507369,5018.55833303586,64.1827357527293,771.007023626814,7.09271995132217,1.0000354,1,75,
4322,132.757449628021,112.988667918754,98.3769596988615,518.045007545843,11.863521557762,91.2937995202926,97.7972810330636,78.0273675303587,41.8167955590283,7.44717193785133,7.37454876740636,2.4961126203784,7.5703381843421,5029.46375351829,64.4576885355185,772.209011892042,7.09220713109064,1.0000354,1,75,
4323,131.297383971257,111.680991583133,97.1819189484334,519.0069595952,11.9085861945655,89.5931809539743,97.6185796312502,77.8140990556905,41.9033846334208,7.44904296093074,7.37353493923813,2.29388534665306,7.40923307208732,4977.05288337765,63.9608110069569,763.988001423229,7.09276166044996,1.0000354,1,75,
4324,130.542627232483,111.254839739915,96.9986489845386,524.178103687281,11.9967035132972,87.3571856940244,97.3583641722929,78.4071098327211,41.8445609324644,7.45032227615684,7.37403174620817,2.04955430989179,7.15129258101449,4930.97362735577,62.889368551855,767.794632040278,7.09367570208982,1.0000354,1,75,
4325,129.254476942462,110.25978318688,96.2202269327538,526.349481309187,12.0499157105819,86.0572169376901,97.2069459933859,78.5492241847221,41.7995150072147,7.45132675702956,7.37438847252892,1.84647804505958,6.92663434360145,4864.84511173179,61.9337130598676,768.31080606879,7.09483671885506,1.0000354,1,75,
4326,128.20246321818,109.439091508961,95.5705124195379,529.629648316905,12.1149428868664,84.6590396809615,97.0360175756409,79.0841676579977,41.6919194821869,7.4523644626658,7.37539802546092,1.64497623844442,6.71263732493474,4838.32739066077,61.1794690889874,761.895729845942,7.09585600970063,1.0000354,1,75,
4327,127.566573217047,109.073198256061,95.4041819805506,535.027702566092,12.2029408114004,83.0146569429344,96.8264566072075,79.9292084482393,41.6244313283839,7.45412544878341,7.37599387433447,1.41941477234625,6.47782257137025,4819.66118509225,60.2991231698907,766.152397920695,7.09748734656426,1.0000354,1,75,
4328,126.736929921068,108.817859387342,95.5733289928486,536.062603471014,12.2444540647281,82.0450580582826,96.7168608968511,80.8218925855582,41.555267760173,7.45670417395053,7.37661038275401,1.18703618485831,6.22013760065485,4722.14497921498,58.4265578069224,760.32027765904,7.09970798061027,1.0000354,1,75,
4329,126.221438277413,108.65510353606,95.6712909011465,541.061436281373,12.3291925739216,80.6360385611586,96.5281472005917,81.7694051181248,41.4425678736228,7.45838850549318,7.3776848799588,0.951353272129821,5.95505394913119,4683.45998774021,57.2764346392694,764.44979583832,7.10182572444358,1.0000354,1,75,
4330,125.264128911225,107.88979992102,95.0479045804339,535.27996815461,12.296613946507,80.9141250117381,96.6011345888072,82.3999262890446,41.4159087895788,7.45974592544016,7.37786061941313,0.762983734042784,5.74367061229173,4667.98751387251,56.6503845828457,764.441835440176,7.10387551731262,1.0000354,1,75,
4331,124.280984629887,107.57918104297,95.2343696961176,539.446672035803,12.3728131900127,79.723943677038,96.4432423621631,83.5838873593679,41.3233863296336,7.46142615282612,7.37872925206395,0.520217950090368,5.46177823078508,4551.77471957575,54.4575618983292,759.957551402108,7.10555081883449,1.0000354,1,75,
4332,123.700104900368,107.329027431248,95.2286658236376,541.795346105754,12.4295919681798,78.8127879615788,96.3254765305199,84.4935239401007,41.2331047867045,7.46299272189331,7.3795770947444,0.317644129906874,5.22692730025993,4510.19696903627,53.3792030290233,765.910580245414,7.10696575079934,1.0000354,1,75,
4333,123.060851470045,107.051409763774,95.2183441547904,543.765689102622,12.4825949087208,78.0271323829114,96.222771756979,85.5155797689771,41.1366576615668,7.4641745492648,7.38049280827327,0.117515913104423,4.99235769576352,4463.9184631354,52.2000607982172,760.5824474066,7.10921213955624,1.0000354,1,75,
4334,121.262495978218,105.964872703977,94.6579337621475,551.659522011452,12.6026506390908,76.3015880221383,95.9733909057775,86.7957619100538,41.1366872569399,7.46781260985008,7.38039238879502,-0.138047363021546,4.6447831844734,4329.2962291348,49.8791200614292,757.957165318254,7.111417946216,1.0000354,1,75,
4335,120.07115454374,105.129346626044,94.0854016433997,556.228564769158,12.6864146675589,74.9884324999302,95.7862679870932,88.0385533949933,41.0477823344121,7.4712657999146,7.38123241294623,-0.29148219519157,4.41702209965199,4289.14638532421,48.7189557293218,756.700679965998,7.11430095001329,1.0000354,1,75,
4336,118.800179003336,104.018648498082,93.0931694289804,568.192051649349,12.8553087185508,72.8974899018725,95.4333100260644,89.5186090215799,41.0173854976355,7.47434819913623,7.38145648970558,-0.460401229272686,4.18546459598045,4314.47096837829,48.196358450322,764.441613679687,7.11740044328384,1.0000354,1,75,
4337,114.659924860731,100.146902929053,89.4198867186816,601.271368950515,13.2701912345158,68.1658191900603,94.4728737551131,91.8608607538529,41.0737990573196,7.47972107519451,7.38076542139061,-0.684195678103253,3.79306137852659,4346.93537612402,47.320864843319,764.700246326938,7.1217304002819,1.0000354,1,75,
4338,108.468434910381,94.4674392422087,84.1188772266032,638.406210835298,13.7392594163172,62.6511571396068,93.0973900395352,95.8532939953451,41.0260125239793,7.48660324310372,7.38118255566637,-0.902816396997995,3.20842428651315,4375.83346117263,45.6513623974689,767.629503884004,7.12793983602749,1.0000354,1,75,
4339,94.335965722757,80.7651729097851,70.7345869175884,650.344297623177,13.9121271276094,60.2439493190171,92.4475660719104,92.2348986520791,41.4060527972609,7.49224989439965,7.3770987021356,-1.06302583433361,2.38137840315108,4081.26990472308,44.248651696557,733.776703530689,7.13384382794804,1.0000354,1,75,
4340,70.2470381146339,56.4156329253151,46.1924203940795,702.43480724112,14.4708330098103,55.9900553010725,91.1953388472507,79.8721083770263,41.9323751564504,7.50726488025309,7.37154692906287,-1.05495784761859,1.51406285494119,3602.10422238953,45.0983991230862,666.013963354236,7.13622585773638,1.0000354,0.985923604519511,75,
4341,50.3616322647178,37.5003765309207,27.994230988549,634.168563443926,12.4791029858534,54.9795759678858,90.8659392464835,73.3484391427024,41.9123789051798,7.50903649295672,7.37169144609149,-1.09022539562164,0.604311650254355,3075.87776049837,41.9351494926037,536.933591737749,7.13179347522962,1.0000354,0.831849824140617,75,
4342,48.8153164608163,36.4091286653135,27.2393376860289,684.766482484137,12.8272152749885,52.7686427838966,89.7890209576305,75.3309298813499,43.3784299941703,7.50194654409286,7.35662557598345,-1.20316475754085,0.424351146260614,3047.23888062702,40.4513642062639,527.499309518482,7.12000506857873,1.0000354,0.789948753865313,75,
4343,48.9519897771275,36.9183754685006,28.023964892559,717.324345288641,13.1607996353221,51.7137367550649,89.3339368195662,78.8264813693882,45.5144543790609,7.50201628877444,7.33515222551043,-1.28874688013675,0.2607154438062,3092.87985977143,39.2365586544185,535.019688907557,7.11722617722143,1.0000354,0.773651149772725,75,
4344,49.142154001913,37.4949723379842,28.8861858907325,707.515109035914,13.5891675192034,54.9143474150731,90.3707852696624,81.854357406984,49.1065116310722,7.47898739170232,7.30063658906075,-1.30622221613809,0.132062945501907,3108.54726024388,37.9765642137783,530.443830321424,7.10904221093699,1.0000354,0.840573030836017,75,
4345,57.5868073188426,46.608762777448,38.4945559425042,1109.82733737742,19.8991973590186,59.7180642860924,93.1139437213592,103.466849366065,53.3741301938991,7.53082852481717,7.26152392617618,-1.37547884070792,0.100363011583746,3703.57407142796,35.7947892887385,548.031332681645,7.10551784424711,1.0000354,0.945051029165021,75,
4346,76.3481031327503,66.4077594811935,59.0605489561298,1646.40035977221,28.7978007810578,69.4306045880972,96.6273947459254,139.45361852396,54.8943791567866,7.65110207681207,7.24439981277017,-1.57475130053612,0.198693761357307,4519.87067055008,32.4112828221342,545.526051961642,7.16141688274222,1.0000354,0.99930279933261,75,
4347,89.532037520889,79.9113347858007,72.8003805903007,1808.98456960839,31.7273478708538,80.0643294900779,98.1060883636192,156.273305091164,52.5152594029879,7.68911384610891,7.25681404766892,-1.56451567337192,0.48141456673858,4902.14795514337,31.3690681353647,545.64648754793,7.22733868763434,1.0000354,1,75,
4348,96.0088260857781,86.151141370641,78.8650265811918,1834.65776123971,32.2623640505993,79.8340412546371,98.1177937140521,159.348577139411,50.1018953173673,7.69408000606209,7.26894192458874,-1.50314767836894,0.766426079620374,5121.74480173466,32.141766771182,557.40582398311,7.2722861851253,1.0000354,1,75,
4349,57.5149130716291,44.3278104857523,34.5808216179304,826.438302349775,16.329837698544,80.7206886214568,96.8568897184871,80.9140120647906,52.5250329035935,7.4554647048951,7.2401005862531,-0.868657786285545,0.800427438384573,3479.10825452796,42.9975991271094,478.283093512342,7.22650907940898,1.0000354,0.975629626929968,75,
4350,53.6917269585916,40.7275079460502,31.1452591106936,1331.86667174618,23.6087827890343,58.6258451175963,93.2715695724853,80.1555353621366,66.0333445349872,7.55214079313213,7.13222793645272,-1.01735587262668,0.615747867952655,3388.24417260427,42.2708694701675,461.83620572685,7.1764328552642,1.0000354,0.962993446049298,75,
4351,50.6194199929613,38.1632565786078,28.9565270984335,1643.37429492008,28.7669432269956,50.9546204796052,92.0529302264077,81.7683493231048,72.7754623918818,7.6346062496525,7.08011759093338,-1.13330932007411,0.379149467687923,3320.96538973832,40.6143136950905,435.968574649555,7.18951546055778,1.0000354,0.960031578200859,75,
4352,50.9790181347026,38.7488857828424,29.7092227401631,1632.41443593941,28.7299493853442,54.0970242344468,93.101438556935,83.4641731829638,73.1352325447709,7.62683946049875,7.06607976229922,-1.13986515377242,0.317336095088983,3328.32765930737,39.8773213988625,430.643376881838,7.20410921418739,1.0000354,0.959855859089975,75,
4353,51.0687997471955,38.9170732807971,29.9353624143287,1662.39186799986,29.4438490347348,57.3859252856778,94.2314067669779,83.7233867989068,74.393230817424,7.63394867580514,7.04460331364173,-1.12113617363462,0.301064313006887,3317.26063406918,39.6216727595698,417.401139958664,7.21315860450382,1.0000354,0.965528601890171,75,
4354,52.7875035090939,40.6579814348969,31.6926825104905,421.560148864653,33.5086392022176,71.3407280999229,95.3498827946865,82.9669843574909,74.6307652356488,7.45006117471617,7.02709907046625,-1.09179357671729,0.338965035947647,3281.28396153953,39.5492735688816,410.91568601303,7.20553025146962,1.0000354,0.973548317070375,75,
4355,53.0221380220479,40.8180641946277,31.7976618004475,0,22.2699980331046,41.6284097872386,56.8819468474546,85.240497708751,96.9403932716563,6.91834507272013,6.89559082737818,-1.12227153723142,0.426049775362216,3391.92018806199,39.7923555027972,605.740446651262,7.0123718003797,1.0000354,0.91261345166175,75,
4356,3.22197921307178E-06,3.22197921307178E-06,3.22197921307178E-06,0,0,2.85727480232334,29.6243793813541,0,0.646008717297009,9.07233771357552,9.06630360717409,0.0544604428751181,0.287447642143026,0,0,0,6.93937329227518,0,0,75,
4357,2.38921722925326E-13,2.38921722925326E-13,2.38921722925326E-13,0,0,0.452998570156223,38.1266639064842,0,0.00426510829453499,11.252741890459,11.2468255961227,0.973765627512033,0.282378125440836,0,0,0,6.93974646053354,0,0,75,
4358,2.38921722925326E-13,2.38921722925326E-13,2.38921722925326E-13,0,0,0.0643538743931417,40.8020095480387,0,2.8715236345572E-05,13.4248465471233,13.4189310306153,1.17872577165,0.280513154469395,0,0,0,6.9392384162008,0,0,75,
4359,1.59281148616884E-13,1.59281148616884E-13,1.59281148616884E-13,0,0,0.00359124876293317,8.24983964897019,0,1.9333969853397E-07,15.596956461327,15.5910409500559,0.0664437871243058,0.279827069990553,0,0,2.6581497039556E-12,6.93830511539365,0,0,75,
4360,1.59281148616884E-13,1.59281148616884E-13,1.59281148616884E-13,0,0,0.000679838134148118,16.2970882560292,0,1.30210378309342E-09,17.7688349220766,17.7629194108407,-4.31256995225837E-06,0.279574673615911,0,0,2.67131806116382E-12,6.9373018028046,0,0,75,
