4320,120.415397498475,98.8819321939913,82.9658926211118,509.491445254867,11.658221859671,90.1757377314912,97.6492954121068,73.6204690401349,43.0636342973783,7.45494726773182,7.38708144171329,3.12758313594731,7.05905111692368,5169.0094561332,70.2115800609103,770.448656774249,7.07239224305299,1.0000354,1,0,
4321,118.871457312942,97.2520128749726,81.2724235077782,497.573048504907,11.5933794978134,92.7472777339485,97.9664143734103,73.0143497381241,43.1030648341873,7.45274957740282,7.38640285558593,2.97154636363374,7.03653696740101,5146.92183778927,70.4919218790472,769.561882389239,7.07168632175264,1.0000354,1,150,
4322,117.765626424796,96.473316635798,80.7355224439296,502.404197438881,11.7317776805058,89.4408881801241,97.6119470151715,73.3195055308152,43.1305942359533,7.45287161715552,7.38585404193523,2.63594540437091,6.89714714614227,5090.22670824075,69.4252732801286,771.796028617737,7.07147065541297,1.0000354,1,150,
4323,117.163512177038,96.1604117533522,80.6363810054106,510.673547436132,11.903242184856,86.1580718765056,97.2348846629793,74.1840819231349,43.0698723622351,7.45472313178925,7.3862014299218,2.22572987560704,6.62855272361511,5080.29529915103,68.4822830916062,770.463857135881,7.07281172932519,1.0000354,1,150,
4324,117.370252367914,96.9003131318094,81.7703580442535,519.132704642201,12.0634446768688,83.257983845955,96.8797427864591,75.559486300624,42.9587274321679,7.45709638496523,7.38706421468487,1.82536141826554,6.34585935254929,5043.13242068519,66.7438685411436,774.156625681855,7.07509326826082,1.0000354,1,150,
4325,117.638119671963,97.8492449664394,83.2226854014875,527.710737242615,12.2242056713017,80.6361669429672,96.5407815935818,77.0639244020723,42.8491462736014,7.45992981636912,7.38791921289592,1.3789799013505,6.00706671595749,4972.41126525407,64.5232033514291,782.077620588484,7.07898902147328,1.0000354,1,150,
4326,117.525457605862,98.5557936254039,84.5347376398481,531.074120689994,12.3305108569271,78.9237442267753,96.331550406989,78.6037751481367,42.7462058414881,7.46313404440774,7.38871383984238,0.919461644277035,5.62025115160635,4861.80867740535,61.8521014829477,788.05991629982,7.08317042516426,1.0000354,1,150,
4327,116.507103426046,98.4786388353635,85.1532519639895,537.494223192347,12.4731058503725,76.8601739764956,96.0537546721094,80.1037424373502,42.6709368292505,7.46664263866091,7.38923205867546,0.466983994875508,5.20760826421633,4708.75798515544,58.7832458494458,787.284836001069,7.08754789353447,1.0000354,1,150,
4328,114.54022913715,97.3530939864914,84.6495593099174,564.492804100534,12.8558928774911,71.9305125337615,95.216618632931,81.6789385141798,42.5776283339841,7.47293543832029,7.38993747108022,-0.0103375391213993,4.6861010449592,4577.28968669781,56.0400241477572,787.274218731551,7.09342835314594,1.0000354,1,150,
4329,106.662768516193,90.1038340498157,77.8646216181457,610.639417447431,13.4766023216926,64.6443423386615,93.6101779801985,83.9597600679382,42.6805778160775,7.48110320795446,7.38864789122911,-0.525341882120453,3.91636763469424,4533.13233901005,53.9917257426886,791.465665982482,7.10090696819598,1.0000354,1,150,
4330,87.2835421568715,72.2565380696978,61.149622005265,712.086494962596,14.8009759320042,55.4980108991282,90.9263238961653,89.3368770613044,42.8202135113954,7.50188938522367,7.38700580453899,-0.989660859955747,2.39531655083258,4377.21615149517,48.9967446309037,768.209009332972,7.11289085750321,1.0000354,1,150,
4331,45.3091471341877,31.9940196613737,22.1524037032068,633.100603645069,12.021768395019,52.5452825967635,90.0509210377578,68.2807457848118,43.0308772332708,7.51674748250873,7.38467427951502,-1.13125407394628,0.584687512925532,2964.4109322844,43.4150344758507,482.64187640798,7.1135775413898,1.0000354,0.756536400575717,150,
4332,42.3799402361857,30.1177624453794,21.054413643479,613.696578539242,10.2884272474106,48.5446327575147,87.34328265982,72.4105854089469,45.219768392413,7.48609836131447,7.36269429931648,-1.37399213890633,0.147278122805364,2895.10613072831,39.9818081068931,458.473422210098,7.09144646851429,1.0000354,0.549429914004383,150,
4333,40.8631105806113,29.3669247364276,20.8697438950744,616.538247406648,9.94002763785302,48.8344996094366,86.5593528948014,76.60869435879,50.8667594934382,7.44520780242418,7.31000341496292,-1.40945963160646,-0.131730077193302,2871.61794290948,37.4842303076007,440.925428697469,7.06254750970183,0.999659149253476,0.486471023342526,150,
4334,59.7107865808061,49.5738256582921,42.08128932426,1706.11526236451,29.9938339308673,51.3318863749063,92.183550217279,131.315695111794,58.2331750388386,7.63710783053079,7.24713059215361,-1.62371101261473,-0.24841060504265,4340.29482430915,33.0523691064812,572.987524218701,7.08528078097907,1.0000354,0.935054495096907,150,
4335,46.5057705991616,34.2228468674869,25.1441641092927,900.885948926985,17.6259173762069,79.4235177608822,96.9733878646891,81.7099996775254,61.4992587430904,7.48895153344122,7.21614477549036,-1.15020195473221,0.162626577404923,3272.44070189583,40.0494519007559,445.021785198322,7.1492278760502,1.0000354,0.956955983683312,150,
4336,44.1125581570783,32.044752468028,23.1250700022082,1469.86841495945,26.572854262165,57.8822180472292,93.9612671142572,81.8278775196505,79.6882157840429,7.60304866979487,7.09417609972536,-1.2046684714088,0.0568366485667156,3219.7667921559,39.348042375689,415.78983385623,7.13761434161334,1.0000354,0.935376948607762,150,
4337,44.3791681973727,32.4848419708428,23.6933834555816,1573.52321088464,28.6827213149558,55.3235323382588,93.7011018117573,83.6227512461997,81.9227015580238,7.62984602235422,7.06901343510053,-1.21500757213942,0.00822797642255857,3243.09088424408,38.7823987600679,408.467023327803,7.16240107266007,1.0000354,0.937074177641977,150,
4338,47.9607276351121,36.2912056913053,27.6659068632741,0,24.7384488470343,79.4539246717262,93.8210366725289,85.2393832819104,86.2933722688791,7.15269204135591,7.02885049078203,-1.23119400096032,0.0368080685808576,3243.30794234797,38.0494064770676,415.196948039387,7.12777766939448,1.0000354,0.96807627991353,150,
4339,65.1004282803858,54.9770331452401,47.4945236975237,0,13.4320934166546,29.6623116281088,32.9073774881724,135.669699374546,133.380012880648,6.83352276653315,6.81774280171517,-1.60121585652786,-0.128571370780903,4478.20399323729,33.0081367754359,839.053112184584,6.86992644758401,0.882187015687683,0.47245454700776,150,
4339.45134474531,78.8055962634608,73.5963956713058,69.7461169727565,0,0,19.718590398016,13.293867040511,NaN,154.437915371205,6.74129827717504,6.74066559551966,-0.290889566806004,4.67954018768862,3430.97277888482,16.9850137568556,1142.71805797658,6.71491350580428,0.495020550114604,0.113698384681676,150,
