4320,114.814611293819,92.4847260279899,75.9800282228118,490.810195078542,11.4546723419751,90.5475255289149,97.7237143491509,72.1052490334837,44.0781595454105,7.46089137111071,7.39829188274996,3.35462726096674,7.07457460570982,5249.86571024826,72.8083708276268,772.501355662018,7.09116808747777,1.0000354,1,0,
4321,114.831835328287,92.3729092675294,75.7728334834908,492.899908960412,11.5029532271643,89.8633799188089,97.6453303232812,71.7087146006612,44.0876459487615,7.46006278961722,7.39813302386985,3.32948698584823,7.06015761316922,5251.16596796338,73.2291186253527,776.255328699198,7.09073526566214,1.0000354,1,37.5,
4322,114.14304920837,91.8106902857666,75.3041641255812,489.787984403487,11.4825680858668,90.0563975623343,97.679812503091,71.5964219634691,44.1170734484718,7.46074005310124,7.39778127608473,3.25426689194028,7.02441986115061,5213.39630513305,72.8164363827162,772.481265339174,7.09097655725582,1.0000354,1,37.5,
4323,113.519810226352,91.2553460218017,74.7990029140907,489.641719864578,11.4993044873535,89.9422597393439,97.6710829780908,71.8308149488708,44.119974785099,7.46034389531718,7.39769324824009,3.18076188776255,6.98637643636432,5214.56233848865,72.5950602426045,770.216540487716,7.09076283093693,1.0000354,1,37.5,
4324,113.388316224301,91.171577328243,74.7505094485477,498.159783586849,11.6255180644152,87.7207912844799,97.4056941990882,71.6707725892275,44.1021650956403,7.46102977130378,7.39781153506804,3.02756169854871,6.88258267094762,5191.79120911952,72.4394480700753,770.724943691455,7.09087616973556,1.0000354,1,37.5,
4325,112.947018940501,90.8932967979102,74.5927195620825,495.441313545274,11.6081147141461,87.7069336395107,97.4171918582457,72.0123719971508,44.0435210064895,7.46203954861717,7.39833427301042,2.93679507899198,6.7991998414039,5178.25980906228,71.9079189513041,766.775441346745,7.09164092069211,1.0000354,1,37.5,
4326,112.56876009491,90.6882722916026,74.5157378282887,494.550110812773,11.6129765976977,87.6461092788363,97.4158152306921,72.2765623252609,44.000882744371,7.46195786137598,7.39870100028568,2.82981906993457,6.71052423184618,5156.4321763236,71.3430745795364,764.586478725427,7.0921329969209,1.0000354,1,37.5,
4327,112.162369408132,90.3837968608382,74.286591065012,499.052572494225,11.6849798214563,86.4311875669133,97.270170242025,72.3549033066532,43.975811129301,7.46300543986239,7.39889603389222,2.68073354365011,6.57777907571061,5137.97752468804,71.0107717636269,770.894077765104,7.09253818589407,1.0000354,1,37.5,
4328,111.529744540234,89.8643149353871,73.8507365318043,497.801116753733,11.6845722994452,86.2197822210725,97.2548234552519,72.5239223289637,43.9284073344722,7.46394183238106,7.39931253977464,2.55155323746181,6.43699960898005,5123.2247809504,70.6418601811384,762.889275647268,7.09371774128794,1.0000354,1,37.5,
4329,110.398630698126,89.0904342816995,73.3408977999931,493.341053583681,11.6434968610998,86.5823711695623,97.3143224621379,72.7533969220204,43.883247734919,7.4646825982943,7.39970775396906,2.42553308592053,6.28715684439399,5054.69306132336,69.4770728951825,763.807524810579,7.09456435988844,1.0000354,1,37.5,
4330,109.228557459946,88.1256767107101,72.5278952873616,497.741964889348,11.7131462096994,85.4388765193811,97.1762580125411,72.9028282159198,43.8474662411129,7.46597702930329,7.40001017092138,2.27646392446821,6.08766956831273,5016.2704504896,68.8076247965672,764.685375453719,7.09505223398128,1.0000354,1,37.5,
4331,108.237542643085,87.3251373572567,71.8681421459925,506.723547636729,11.8359433279672,83.4747889324623,96.9237212682623,73.2194898522829,43.7598984420539,7.46840173139973,7.40082556557519,2.14685033332144,5.8955922577313,4992.585457607,68.1865643652984,764.817292996983,7.09643344985745,1.0000354,1,37.5,
4332,108.366609156452,87.5387920654038,72.1443185633246,504.737197880558,11.8262569743606,83.4969662157237,96.9330365770033,73.855036662597,43.5705199731435,7.46822209638569,7.4026548229017,2.04351338737983,5.74813708726873,5015.55150811421,67.9107578136817,762.036757004629,7.09812156238172,1.0000354,1,37.5,
4333,106.665970121337,86.0873431384456,70.8770536293522,490.073376352185,11.6597321372492,85.4679470726346,97.2168501446247,73.9403773414099,43.5902321539597,7.4685219825824,7.40240404606583,1.8860318465783,5.54702512401985,4961.27019035954,67.0982536030555,746.382385372711,7.09897157223568,1.0000354,1,37.5,
4334,106.161447988611,85.8553798265856,70.8465468372628,496.855393318322,11.7582222280902,84.2358381491023,97.0587592902665,74.7430334107398,43.540957874445,7.4691592006256,7.40283871811666,1.7985623150538,5.40446933939814,4948.70289491671,66.2095538419188,755.272441492417,7.09898619859024,1.0000354,1,37.5,
4335,105.713068937346,85.6593813310778,70.8370904916621,498.23661516332,11.7884539829916,83.7783049436548,97.0039403904607,74.9811143213558,43.4777758160339,7.46957345621394,7.40341141365549,1.64959159429802,5.21641409257067,4902.76364799235,65.3866469225833,752.964119661874,7.0994916933076,1.0000354,1,37.5,
4336,104.510732172728,84.7782958186904,70.1934515570107,493.461283334,11.7430482329387,84.2243728920953,97.0795082327241,75.5660983815664,43.4725653150661,7.47048146589227,7.40340369639191,1.53615578558713,5.06674147045613,4861.86092715693,64.3391816077,754.370004941367,7.09990691368689,1.0000354,1,37.5,
4337,103.547602292261,84.1323233331938,69.7818997547525,494.865494872981,11.7735084611979,83.6383732965618,97.0130938407944,75.6417031627361,43.4358334410704,7.47180806603575,7.40370871839544,1.39589139964018,4.86474202353131,4788.50290825264,63.3050646407395,746.021470016414,7.10094317691831,1.0000354,1,37.5,
4338,101.506613089581,82.2162402075308,67.9581385121027,487.232517831107,11.6913457718783,84.7019451786776,97.1608706031322,75.7120126443501,43.3920517421593,7.4708917345981,7.40408159128979,1.27972999066342,4.65054066304968,4762.11890930268,62.8977984203415,738.342465499203,7.10092671543851,1.0000354,1,37.5,
4339,101.097663328841,82.032861843865,67.9414868332308,491.418536859276,11.757072805721,83.8983455125982,97.0615463672352,76.2121245633517,43.401956719147,7.47160866309417,7.40391607757989,1.17755686626027,4.48285534987973,4737.52132417259,62.1623048998523,739.719405670827,7.10053515855136,1.0000354,1,37.5,
4340,100.320625379355,81.4211361610716,67.4519484779926,490.980408835261,11.7646023060506,83.6753868213209,97.0433688660658,76.7625948079668,43.35699951021,7.47254578598223,7.40429917115695,1.07315048729916,4.34664376698919,4730.36372369538,61.6232910772375,742.738582350167,7.10134190865293,1.0000354,1,37.5,
4341,98.8922520234478,80.2286571338553,66.4338261285042,481.207622299524,11.6536097521745,85.0939215030984,97.2397613706802,76.9673187175449,43.3905413209071,7.47205053832059,7.40389643689963,0.965588381367677,4.19877080587983,4683.77989748431,60.8541388153702,731.892865123304,7.1016105815784,1.0000354,1,37.5,
4342,97.2060279184866,78.9097927892506,65.3864885632935,491.437727787192,11.7957102889712,83.3983889665984,97.0202081927837,77.0078734139577,43.4470022373488,7.47292486723905,7.40326487170586,0.8695019569287,4.0303388510386,4594.00734265612,59.6563330344278,732.449691099874,7.10104193612423,1.0000354,1,37.5,
4343,95.8168569269013,77.747261250518,64.3914731418868,495.970022182618,11.8631967324117,82.3996051540434,96.8965245245277,77.5612521195495,43.4442394674627,7.47466798040086,7.4032257656817,0.779192269762803,3.8829646639207,4569.70398304923,58.9173570329381,729.651710812053,7.10203093245278,1.0000354,1,37.5,
4344,94.0850140623453,76.0715271111403,62.7572106689454,502.693901497912,11.9530155336559,81.3523914135461,96.7488654444894,78.2352082778551,43.4440525341496,7.47470745946922,7.40316169186525,0.698741018028758,3.72957273366665,4595.09880428215,58.7344100620592,723.711858993944,7.10237278427904,1.0000354,1,37.5,
4345,91.8847877125117,73.972828509078,60.7335543152357,509.936400781517,12.0430404013784,79.9983423101019,96.5639353324765,79.0676689564196,43.5073297680046,7.47688059339704,7.40246530005544,0.609926682887855,3.56665221196161,4617.81838421499,58.4033707476596,721.026190363341,7.10368405535258,1.0000354,1,37.5,
4346,87.7947198738367,70.0928626675117,57.008881254141,512.456944517728,12.080221301555,79.4490379178877,96.4911217204599,78.8815382443443,43.5753528877565,7.47787082271755,7.40172526370803,0.509454751436332,3.31018952746499,4552.90958556844,57.7183164388262,710.738495357033,7.10406002848376,1.0000354,1,37.5,
4347,84.0796056338665,66.6040895824067,53.6874038052407,523.549722655441,12.2108813529987,77.7552719848999,96.2321024473552,79.6420163000726,43.6759102662339,7.47953999272617,7.40066707466662,0.437889321365551,3.05851547697944,4538.02702164329,56.9803130617018,702.088838213072,7.10427511520194,1.0000354,1,37.5,
4348,81.7036099594092,64.57366704471,51.9124048903671,532.860956056066,12.3219068119694,76.5084483383204,96.0291159388843,80.77456503557,43.80199896198,7.48039890594092,7.3993628720299,0.369057706459051,2.88384869004975,4511.54574681897,55.8535443036092,690.170895767162,7.10436619962482,1.0000354,1,37.5,
4349,80.3172637993068,63.1628234230864,50.4834544493582,538.930374895178,12.3963662281294,76.0039021640035,95.9343881761088,81.8930944881551,44.0167135806668,7.47936069776795,7.39719156629859,0.29373160997066,2.76636441196178,4580.56086790794,55.9334202295953,686.534999858137,7.10372883849047,1.0000354,1,37.5,
4350,78.6996360639589,61.8639310182896,49.4201490280123,550.096918526171,12.5260349387631,74.8089637876939,95.7146145933135,83.0903566008719,44.2638978719069,7.47910354937308,7.39471693598046,0.191917514996021,2.61435364141657,4561.1751866149,54.8941582778939,683.070703973605,7.10311658634041,1.0000354,0.99993140977583,37.5,
4351,75.4595779458181,58.833268719163,46.5442575516354,559.177361541237,12.6254215163102,73.764075185228,95.5260478321961,83.6743604032131,44.6070633748428,7.48009127151165,7.3913257272488,0.0935806087772582,2.3903250210183,4536.10476703815,54.2114065190269,680.095693241811,7.10237812493398,1.0000354,0.999010528790724,37.5,
4352,71.6941433546844,55.4397127994171,43.4255684759587,564.902493300015,12.6643248538301,73.1399664972512,95.4012509350524,84.285974600806,44.9432065422768,7.47970866116783,7.38803515901815,0.02038481354418,2.1306764508401,4467.0611130325,52.9988664684644,660.213900829742,7.10078230857757,1.0000354,0.995198290206966,37.5,
4353,63.1880010205228,47.044687540542,35.1126732292518,544.777532223315,12.3555820295492,75.3191771198394,95.8092265625048,75.9142105676902,45.6067593708392,7.47770119034604,7.38165002073992,0.0215603516808573,1.87993178676408,3995.86292880306,52.6365603873346,614.931256760723,7.09682686544308,1.0000354,0.984084473509807,37.5,
4354,49.7537182533331,33.1443516953802,20.8678633699368,502.090898339332,10.3747288204344,70.5794424489628,94.751124564611,60.0900149546445,46.7419191887622,7.46998117799912,7.37096446727441,0.242961383820469,1.70523531871626,3254.24468044318,54.1561635972209,479.269221062662,7.08145060381231,1.0000354,0.793700244163432,37.5,
4355,48.6115755820282,32.2302200025997,20.1222615308481,505.020386647924,9.33201668989193,61.8504405672394,91.9587923190574,60.6042106739281,48.2888770144149,7.4488329978709,7.35682168790485,0.202278767115442,1.64738403081442,3237.03547052254,53.4127156269542,468.37155291058,7.05673502294444,1.0000354,0.65618955663588,37.5,
4355.67603341259,47.3083524894944,31.3583485534371,19.5692152093948,521.793124479055,8.96234686108802,57.1000474036394,89.8882491637624,NaN,49.611718676987,7.43904607039018,7.34508431595232,0.122306968357922,1.45010475355596,3184.0944638621,52.00625921064,455.205916957513,7.04096162089613,1.0000354,0.583443598190326,37.5,
