4320,132.911983328892,112.565666208679,97.5270839893902,516.165883246949,11.7589384347228,90.6290335027816,97.7079317459214,77.6779426251535,42.3123534826273,7.45280534155243,7.38254431651278,2.86462321507304,7.62514119457394,5153.21598443158,66.3407887783433,777.065967249976,7.07957140188125,1.0000354,1,0,
4321,133.77190077654,113.70927321579,98.8803745839309,505.767591044835,11.7153965371338,93.576494774666,98.0636622310243,78.054787225764,42.4390918020373,7.45141418085003,7.38099525062966,2.65721661182765,7.64094048599038,5106.01606583205,65.4157963567758,784.433561620095,7.08008634383066,1.0000354,1,150,
4322,132.589527967852,112.606828411153,97.8370069996797,510.101313377362,11.8434532250469,89.6648257723302,97.6474222572674,77.6263991147641,42.5163952839275,7.45154698870122,7.37996288840394,2.32566637612593,7.50751239752136,5057.7623741303,65.1551847284945,783.79515584438,7.07993118783344,1.0000354,1,150,
4323,131.194343783521,111.635118133547,97.1782991748711,518.55352837898,12.008229002044,86.0745109059525,97.2298151729817,78.1488192605447,42.4361982694667,7.45286185016023,7.38054717020809,1.91413660203209,7.20678570184563,4983.89517661305,63.7744143004511,786.334956100471,7.08087746896241,1.0000354,1,150,
4324,129.24809100488,110.200555369682,96.1219420740998,523.997282158828,12.1342968601056,83.5328558453758,96.9310513933264,79.4116385168061,42.3861324096781,7.4558314979472,7.38082963561865,1.43813063413029,6.78776646659695,4931.93987451955,62.1060082203919,783.101457135994,7.08301960944678,1.0000354,1,150,
4325,127.568242822904,109.569888442548,96.2667569440248,542.4644273909,12.4061638994313,79.3387553108063,96.3482184924331,81.1137063083201,42.2584554473703,7.45929152696323,7.38191368043749,0.892387471291547,6.18970129152015,4760.16346035721,58.6850691085847,780.017278500462,7.08649953619015,1.0000354,1,150,
4326,123.759005675921,106.557153517208,93.8427410520715,552.537113647653,12.5921092295314,76.3785466772253,95.9356884232261,82.7667477303188,42.147054685266,7.46546082380296,7.38283558568813,0.373449476506001,5.48223698139758,4642.22218476226,56.0880101256139,776.51778802505,7.09145844768764,1.0000354,1,150,
4327,121.030196685061,104.733258803855,92.6876960220932,565.071489248623,12.8116796704795,73.1947275341283,95.4360698000552,85.0712703315047,41.8479479992597,7.47120958107118,7.38570364704553,0.000990583815531298,4.89960746002449,4520.47164914649,53.1374649929543,772.740384781215,7.09733500746171,1.0000354,1,150,
4328,119.674552752673,104.101373861914,92.5907633774398,570.017072651307,12.9486850556007,71.1137898887949,95.1151339587581,87.7140765265344,41.5419838526736,7.47624832697205,7.38866848575295,-0.323513249906894,4.50168830070753,4453.90951277724,50.7775911136668,779.051985121196,7.1029933863979,1.0000354,1,150,
4329,111.936772732035,96.86115505804,85.7183072120434,598.566515733085,13.3658560968888,66.5684665316242,94.1660713758323,91.1048371436193,41.688048251059,7.4807026855585,7.38692840093405,-0.821409042091404,3.77582324506882,4478.28132895108,49.1552531057318,762.464060049485,7.10858238123006,1.0000354,1,150,
4330,86.875051091131,72.4150711690106,61.727259922226,677.561358323362,14.4118934229183,56.9981747903528,91.4955105163284,87.4991701659294,42.3294890043311,7.49705699305428,7.38009571405491,-1.19101917966568,2.3241099545592,4125.40362507925,47.1479171431686,729.040130694022,7.11721538966367,1.0000354,1,150,
4331,46.5652610507082,33.6289370766351,24.0673063131897,670.809190514345,12.6795844692802,51.7689530307877,89.8770951496928,71.682850176869,42.4323643061444,7.52183532323539,7.37885891622183,-1.28420848321803,0.496807188890827,3023.57656137597,42.1799154737242,491.721670919003,7.11505491867263,1.0000354,0.774068620116511,150,
4332,43.1709614789002,31.392883225545,22.687347125239,648.882593324087,11.1468639418789,48.5893247193816,87.8192241291112,75.0204018778989,44.3327677491216,7.49964681514217,7.35941259768157,-1.44609231039491,0.0654354601261478,2881.03572402656,38.4033629773892,459.171781678338,7.10281986900974,1.0000354,0.596387916983473,150,
4333,42.4648876638218,31.1797290134423,22.8385247935966,652.195619806913,11.1609461955444,50.0075277515456,87.6408540914171,79.4332473985996,49.634686507391,7.45545981815036,7.30877593262476,-1.46807936971061,-0.132601377497759,2922.83842667868,36.7961593211938,452.44887213815,7.07815939892219,1.0000354,0.579359999969849,150,
4334,61.077175117124,51.1914216909088,43.8845604628367,1694.07408579467,30.0572254491074,51.2384405302393,92.2756583560395,135.434911524633,56.4202528860911,7.64059951288244,7.24904137524299,-1.715237337538,-0.271576435295297,4365.51237854767,32.2332870410129,561.420967679678,7.09912523364298,1.0000354,0.943661241515158,150,
4335,48.926484434695,36.9623400283772,28.1192767715337,964.518981691317,18.7143154722837,77.7061218241479,96.79194190284,86.0321003890829,61.7663475962687,7.49374858184208,7.20246425802343,-1.22068305238085,0.166972476796609,3356.1162367124,39.0100465004836,435.407869666955,7.15319910401676,1.0000354,0.968047430650381,150,
4336,46.7801812367899,34.939195627208,26.1871627853431,1532.00961633465,27.9849752313037,56.9162424136975,93.8800841146941,86.4834079426642,79.5723722254364,7.61297431142521,7.08292306233534,-1.2645570618151,0.0815129740053742,3338.99270334024,38.6084774267209,410.013680805898,7.14494204581006,1.0000354,0.956595712867833,150,
4337,47.1029115163669,35.382277237939,26.7191997277967,1608.10303146875,29.6732100671835,55.1539077974084,93.7077416068136,88.5795300531206,80.7955991041526,7.62994664842434,7.06324218544465,-1.28853497606481,0.0482594636438654,3385.16084063321,38.216062318271,407.874134543711,7.16867971524776,1.0000354,0.957429696377847,150,
4338,49.3568992693425,38.014956642719,29.6317816578234,325.307061219287,34.0055347591441,63.4544553405857,93.6376012895453,90.2460892134022,82.5714338054461,7.4499869326492,7.03657774637919,-1.36602573958154,-0.0278353761624492,3337.41842117647,36.9813080019964,401.906917371616,7.1769051924114,1.0000354,0.967381145332189,150,
4339,50.6924748494278,39.5467937800377,31.3086816852711,0,21.7820085165973,39.0109392783034,52.7428792875499,96.8782402402676,115.336472409772,6.89799678332911,6.87047421670527,-1.40568152810315,-0.0433402813726778,3520.68909252223,36.3413815505998,573.268697342149,6.9695468522966,0.99105741991636,0.842603131524883,150,
4340,51.3603900032524,47.6450890050668,44.8989969629296,0,0,13.6972455071086,10.4136420035894,202,95.5184866734062,6.98800063865778,6.92618431471427,0.743028222472585,6.19759090103575,2447.03508045657,12.1140350517652,696.879377677933,6.69884446472978,0.24631285726618,0.000368189135064811,150,
4341,0.00168868960493298,0.00168868960493298,0.00168868960493298,0,0,1.69441595510258,2.95558304460941,0,3.01649864943228,8.43480154411077,8.41018030948229,-0.00344072332946599,5.79243293978918,0,0,0.0272778938121891,6.67056582473085,0,0,150,
4342,1.25035701664254E-11,1.25035701664254E-11,1.25035701664254E-11,0,0,0.291735958223107,6.20156068778503,0,0.018568783710827,10.6438435338376,10.621276452218,1.10360025610178,5.77798086269154,0,0,0,6.66945742247172,0,0,150,
4343,2.38921722925326E-13,2.38921722925326E-13,2.38921722925326E-13,0,0,0.0397921241916068,6.31691045443909,0,0.000124927201151591,12.8163611099303,12.7938066959845,1.03067539657839,5.75736927425415,0,0,0,6.66783159541903,0,0,150,
4344,1.59281148616884E-13,1.59281148616884E-13,1.59281148616884E-13,0,0,0.00149557938819397,0.353193819442428,0,8.41226934181014E-07,14.9883746129737,14.9658202842543,-0.000499880254132723,5.73607539455979,0,0,2.62153255783969E-12,6.66613464810695,0,0,150,
4345,1.59281148616884E-13,1.59281148616884E-13,1.59281148616884E-13,0,0,0.000370909131200132,1.40955338614404,0,5.66369303654287E-09,17.1605291157852,17.1379747876397,0.00503695144620631,5.72581748599682,0,0,2.63762795734521E-12,6.66437591586873,0,0,150,
4346,1.59281148616884E-13,1.59281148616884E-13,1.59281148616884E-13,0,0,5.45722659114175E-05,1.70584287936055,0,3.81372212507934E-11,19.3325580279344,19.3100036997928,-0.000407240239048257,5.71417656805093,0,0,2.65364531273502E-12,6.66268080596759,0,0,150,
4347,1.59281148616884E-13,1.59281148616884E-13,1.59281148616884E-13,0,0,9.02667330776206E-06,2.68427385266021,0,2.56798457245016E-13,21.5045988905403,21.4820445623987,-0.000390142730793297,5.7084730181323,0,0,2.66935431889125E-12,6.66101730404262,0,0,150,
4348,1.59281148616884E-13,1.59281148616884E-13,1.59281148616884E-13,0,0,7.94779798605493E-07,1.01782925092231,0,1.72920683153536E-15,23.6766174165658,23.6540630884242,-0.00016563514865453,5.70438781932469,0,0,2.68468811313453E-12,6.65939924432857,0,0,150,
4349,1.59281148616884E-13,1.59281148616884E-13,1.59281148616884E-13,0,0,1.00517848003609E-07,0.873912105168387,0,1.16457871974424E-17,25.848501192459,25.8259468643174,-0.000138622868214977,5.70362584608515,0,0,2.69965539658701E-12,6.65786272158509,0,0,150,
4350,1.59281148616884E-13,1.59281148616884E-13,1.59281148616884E-13,0,0,2.20082877897563E-08,2.60260882544953,0,7.84161146430611E-20,28.0205558428071,27.9980015146655,-0.000233672304442045,5.70361741090646,0,0,2.71426738025545E-12,6.65630979835939,0,0,150,
4351,1.59281148616884E-13,1.59281148616884E-13,1.59281148616884E-13,0,0,3.95625135402851E-09,4.89346718784861,0,5.28085488209707E-22,30.1924856069749,30.1699312788332,-0.000271526609137318,5.70145670938988,0,0,2.72854709101384E-12,6.65483371845064,0,0,150,
4352,1.59281148616884E-13,1.59281148616884E-13,1.59281148616884E-13,0,0,2.55746345663383E-10,0.933499208512356,0,3.55741514744378E-24,32.3641525640307,32.3415982358891,0.0108263534286412,5.70290410874695,0,0,2.74247955075422E-12,6.65346550703646,0,0,150,
4353,1.59281148616884E-13,1.59281148616884E-13,1.59281148616884E-13,0,0,6.20025654861516E-11,3.47954948978767,0,2.39791388273539E-26,34.5352820902886,34.512727762147,-0.000162542946980704,5.69968029525979,0,0,2.75613390761461E-12,6.65231652272331,0,0,150,
4354,1.59281148616884E-13,1.59281148616884E-13,1.59281148616884E-13,0,0,1.12557466971035E-11,6.62063961839614,0,1.61648472548476E-28,36.7063336344589,36.6837793063173,0.210947664079567,5.6985195582878,0,0,0,6.65121777555406,0,0,150,
4355,1.59281148616884E-13,1.59281148616884E-13,1.59281148616884E-13,0,0,1.52142737825949E-12,6.61389575273895,0,1.08924048924447E-30,38.8777568823389,38.8552025541972,0.181218815876062,5.69691093380313,0,0,0,6.65004446310008,0,0,150,
4356,1.59281148616884E-13,1.59281148616884E-13,1.59281148616884E-13,0,0,1.41459088159845E-13,2.90203564452563,0,7.34436215011791E-33,41.0486238584421,41.0260695303005,0.000923007745341931,5.69790091002207,0,0,2.79534316768442E-12,6.64907056300388,0,0,150,
4357,1.59281148616884E-13,1.59281148616884E-13,1.59281148616884E-13,0,0,2.79077625628962E-14,6.64966691736464,0,4.94961041721933E-35,43.2199175823199,43.1973632541783,0.115935706980358,5.69693435687775,0,0,0,6.64798892353315,0,0,150,
4358,1.59281148616884E-13,1.59281148616884E-13,1.59281148616884E-13,0,0,2.60459870170417E-15,2.94529803055121,0,3.33618458743577E-37,45.3910870635854,45.3685327354438,1.69215850434057E-05,5.69678291619113,0,0,2.82013785463729E-12,6.64697276235927,0,0,150,
4359,1.59281148616884E-13,1.59281148616884E-13,1.59281148616884E-13,0,0,5.13543072812151E-16,6.73745795950928,0,2.24831664289593E-39,47.5623998467967,47.539845518655,0.152708732703742,5.6962466987493,0,0,0,6.64593488048305,0,0,150,
4360,1.59281148616884E-13,1.59281148616884E-13,1.59281148616884E-13,0,0,2.62300192275886E-17,0.763735644646302,0,1.51518140553093E-41,49.7337131240527,49.711158795911,-8.7958088546003E-06,5.69600377143866,0,0,2.84395075860298E-12,6.644925275277,0,0,150,
