4320,114.291147924743,92.0842749005763,75.6704991870615,496.327687763246,11.5079004701635,91.1918031665565,97.781304728912,72.2018216630077,43.5631651441326,7.45734821338162,7.3930561764838,3.36255108406934,7.06154956299351,5227.93748938665,72.4072796083642,765.757421109407,7.08865710213702,1.0000354,1,0,
4321,114.110615385737,91.8455472806613,75.388757811692,494.197901712301,11.5651896696646,90.3207186104495,97.706026710587,71.9728234930771,43.6060768284151,7.45662324085176,7.39235483689253,3.19924914682705,7.01750998597814,5225.01317653568,72.5970293084063,774.534128377757,7.08863396667035,1.0000354,1,150,
4322,112.281483892898,90.3887884806279,74.2072310019938,496.371957743594,11.6722051409375,88.6061237291577,97.52573701126,71.9321843979886,43.6235244190422,7.45612396170837,7.39191553993751,2.71501550222837,6.79341965592441,5134.72637636113,71.3828784616293,767.748654902681,7.0889597679266,1.0000354,1,150,
4323,111.038392560598,89.3842425701187,73.3790012728081,504.599972328074,11.8481292234555,85.574272395221,97.1772538221709,72.445009279757,43.6091776265698,7.45825955159089,7.39179857015238,2.40555296972444,6.55733041260125,5114.98582788837,70.6050820993908,763.63422838483,7.08964898793458,1.0000354,1,150,
4324,108.208132127848,87.0701459481127,71.4464170326563,513.382714930854,12.0172259961268,82.5375980419971,96.8040900657281,72.9201871270069,43.5113181516964,7.46149101067732,7.39251896837091,1.78217334064632,6.02835611299257,5025.81161619681,68.9220888509684,758.939241198113,7.09215461545026,1.0000354,1,150,
4325,101.380678208222,81.6852663807963,67.1277880735685,533.816620436669,12.310269537874,77.4170293797188,96.0866010653253,73.8073175245327,43.2697038311166,7.46982807562429,7.39467952348939,1.17065962401057,5.02223869341292,4739.79228199193,64.2184601874533,747.061048281908,7.09739134497503,1.0000354,1,150,
4326,96.562117089544,77.9327808916676,64.1632715280197,519.187743102809,12.2218258506552,77.7604822424992,96.2362475868842,75.5817922374969,42.9021096317465,7.47453792601036,7.39812386901931,0.689210233323354,4.20071862793805,4591.02214905035,60.7424356202644,729.908949157898,7.10310969618891,1.0000354,1,150,
4327,90.8002460327732,73.5988748178071,60.8848178328321,512.198666474222,12.2167534583355,77.5395037430326,96.2702604934146,77.8202595356116,42.7471421565458,7.47723996951523,7.3994331491113,0.265726886845419,3.44255867180998,4364.66147054918,56.0864419701897,713.667399014736,7.10621377237625,1.0000354,1,150,
4328,86.932540047107,70.5181231209262,58.3857280015751,535.536191704869,12.5556674045542,73.5828214766367,95.6493452691612,82.8625862863998,42.8306387643681,7.48165886831209,7.39833091228482,-0.114339238791035,2.8711779827699,4434.84827432909,53.5205147833646,718.042231421694,7.10929494901434,1.0000354,1,150,
4329,86.1541537746616,71.2027610660789,60.1517316727786,571.052845995107,13.0409516457776,68.8828298005286,94.7427637283403,91.0298760622155,43.1777516407196,7.48451943002479,7.39459332851756,-0.525611919349113,2.33389130021648,4437.72536530363,48.7502077040137,726.326471283346,7.11383420983802,1.0000354,1,150,
4330,79.6875195839982,65.8101676626833,55.5529945034506,609.523622849992,13.5688246373364,63.8509322444398,93.5558014389206,94.1082247782888,44.0886919120995,7.48792034078186,7.3853241649695,-0.860908742856451,1.7124407922536,4258.22891560997,45.24821210518,709.025015601786,7.11776519582933,1.0000354,0.999996588095456,150,
4331,48.7544956439645,35.1963208574812,25.1750612326891,655.084767542435,13.0066448710202,53.9735443816786,90.4736726137795,70.9853657736614,45.3207818980965,7.50652767602624,7.37313093090169,-1.0140249410917,0.725101328596625,3138.08623999225,44.2075096154061,539.669959148148,7.11339917174722,1.0000354,0.845265645635398,150,
4332,46.0134156839917,33.415928366617,24.1047420885574,750.73358638272,13.532462069125,48.9109327890507,88.3455535204658,73.5759452422054,48.2580891398342,7.51751739096242,7.34490330593696,-1.26443205989707,0.327163079226946,3022.14015791421,41.0751115458402,519.386346353279,7.11502338436469,1.0000354,0.738168409932191,150,
4333,51.3321608383375,39.8376135262457,31.34164377383,1121.3247885014,19.3354123038474,48.6649992950319,88.7745074011567,91.9069963032217,53.5145988957545,7.53540947077616,7.29711769698736,-1.38145935675616,0.0620732021517219,3444.57199725464,37.4788877431075,580.021630796424,7.11658120854495,1.0000354,0.799660668650823,150,
4334,78.9630695091846,70.7122556270693,64.613827975071,518.833814328496,12.7568045236862,66.6525139665871,96.834894769735,80.0340438896766,56.5188304154692,7.72262859130563,7.26656847644451,-1.62108393883977,0.083922025774362,2153.11077047124,26.9024363362072,565.103456812839,7.21210593683386,1.0000354,0.99820471797613,150,
4335,49.3764005503261,37.2997644349645,28.373555132306,1365.49644588042,24.8923840206012,62.6768833307399,94.7527546734646,77.8668496081246,76.511621322979,7.57532403685709,7.12592321184374,-1.17597483437103,0.238829720555097,3066.15006442595,39.3768346845515,444.76423442206,7.17152932704895,1.0000354,0.968994746315989,150,
4336,50.6554834002313,38.7837920238198,30.0090636151679,0,27.0364654634782,79.4360928385156,93.7109164470507,77.4540962699322,87.0857144770643,7.15876334899467,7.05679732932349,-1.19737697838896,0.194795834685613,2998.13932315148,38.7085960270298,439.129148820968,7.13321214730466,1.0000354,0.982407583608799,150,
4337,55.1135364034243,43.6384318951894,35.1568329108418,0,19.2715762127582,36.028212425603,45.2737398036116,89.8902246226787,132.037438988305,6.87052145176226,6.8590914519865,-1.28740664221295,0.164359715463559,3363.28706396672,37.4154929313435,684.655812420633,6.87932290292324,0.968075909596285,0.717392514571364,150,
4337.5365109844,90.2154186141239,81.3011184840561,74.7122879531364,0,6.15505114151701,22.9082322980729,18.9966794753851,NaN,150.326531394158,6.78801351286727,6.79002053347452,-1.75557124708777,0.396792684584032,4986.11537070335,29.0657861342414,1289.17808386385,6.7168519391103,0.715207769278848,0.216022787525703,150,
