4320,115.490790114561,92.8766359053423,76.1618262724415,492.408241455298,11.4839693298787,89.1223545620501,97.5612674320448,71.9976384923358,44.2853540679728,7.46281882502226,7.40133187699989,3.60991098777769,7.66236535057228,5308.76404475641,73.735252376667,788.001978573549,7.09841297972347,1.0000354,1,0,
4321,114.753081689856,92.0391227198975,75.2505443507973,484.634392431392,11.4254251172005,90.6928038440806,97.7570890322586,71.6736985493081,44.3116272449697,7.46104514354562,7.40093239120481,3.54051771551613,7.65863945276277,5308.2024050396,74.0606737545127,787.643512646548,7.09795782878337,1.0000354,1,75,
4322,114.425074280138,91.8237422871168,75.1184099444489,487.030826228331,11.497089599951,89.3805890400259,97.6179437229543,71.7681354898728,44.3406593800676,7.46146821449578,7.40051264308044,3.40198260111504,7.60489061617886,5288.84111093312,73.6934445186948,790.522214467839,7.09796559448767,1.0000354,1,75,
4323,113.705136535448,91.3069726493345,74.7518080378594,486.546759371766,11.5292222167758,88.8192881405562,97.56599882457,71.899639367807,44.3329033495948,7.46175693748638,7.4004581432499,3.19625133190335,7.5056496026208,5250.9024700321,73.0309987115621,787.915252508264,7.09842195108336,1.0000354,1,75,
4324,112.874925530942,90.6892327849589,74.2911120596669,494.370546925703,11.6662559782049,86.5831743112418,97.3043017465003,72.0211969968763,44.3024422345981,7.46306454842143,7.4006301757657,2.92740928198365,7.30739660790617,5209.88516587591,72.3382196230627,783.122860000725,7.09901839926484,1.0000354,1,75,
4325,111.486612465639,89.6204321941639,73.4584728630734,497.637708189861,11.7426466707941,85.1181055416043,97.1382814072858,72.2791728874284,44.2199960170484,7.46536623227811,7.40131499426366,2.67028643977299,7.05585960885283,5153.24653714761,71.2964237315439,780.380751586752,7.10059943689383,1.0000354,1,75,
4326,110.166644862108,88.5567295214679,72.5841834001253,505.384516908999,11.8701437261223,83.0122262317252,96.875716653541,72.7213467833339,44.0849724103398,7.46811381031938,7.40252020894632,2.42216523442608,6.76727539409084,5124.00801640888,70.4608514976401,786.094578443611,7.10288465633285,1.0000354,1,75,
4327,109.045998819448,87.7655499987205,72.0365226094872,506.391992682623,11.9150611745766,81.8699642572131,96.7471072124069,73.2969712493329,43.8846704950299,7.47122774167098,7.40437534979993,2.17414578163778,6.46089288987315,5085.82759946213,69.3865996476413,781.139073422221,7.10598787308163,1.0000354,1,75,
4328,108.419811491355,87.513100623673,72.0603143301689,508.52968989899,11.9712676526418,80.8963715360997,96.6257384337384,74.0890603975648,43.6670677579012,7.47236944290476,7.40641094676527,1.92188939057279,6.14920748876875,5050.50286625353,68.1679972610306,784.390071341084,7.10817529628177,1.0000354,1,75,
4329,104.956848085062,84.5694467081065,69.50049786427,498.173190192071,11.8853557524018,81.615194982289,96.7722211431864,74.3299886277947,43.6188140471816,7.47471284627157,7.40676597457522,1.58587997767257,5.6271117968053,4941.06720878416,66.4747472722808,760.105718265113,7.11071875576568,1.0000354,1,75,
4330,102.411485162057,82.6086004260879,67.9716856212412,497.87114488229,11.9148454895952,80.9278330646743,96.7008129212971,75.1760179867997,43.4162626849638,7.47649272633536,7.40865744714705,1.33945036762341,5.15921623259665,4854.03159793489,64.5688841724393,759.863344212316,7.11253179608141,1.0000354,1,75,
4331,100.046422949492,80.7835336558284,66.5457459170338,499.36764810909,11.9642327422325,80.1619710358136,96.6157730497212,76.2650467440021,43.3624185803601,7.47822496128267,7.40906446829898,1.08840938743091,4.74563048204668,4790.0692404094,62.8081859896863,750.76224140157,7.11363908847103,1.0000354,1,75,
4332,97.2874459262366,78.6585423070127,64.8893526754124,497.975314451995,11.9799744298406,79.9657321543162,96.6074769936514,77.361822307563,43.2981286927974,7.478575163847,7.40957521789578,0.873630296349815,4.35610365621134,4699.03639544595,60.741025163087,749.915748047637,7.11466680871604,1.0000354,1,75,
4333,92.6476442968845,74.3506742353571,60.8268267985761,499.319059090094,12.0243703728213,79.4599859517485,96.5554441520382,78.5752239790053,43.4053992801847,7.47962369090973,7.40836794684447,0.66374581731892,3.93675172992675,4687.69802017333,59.6587293397452,737.240393099319,7.11509586557048,1.0000354,1,75,
4334,87.9901884040541,70.2793743752372,57.1887727017638,520.639459181674,12.2901359567457,76.3141634819934,96.0631237928742,80.3780847173009,43.5915161283317,7.48110729273902,7.40638282387249,0.469228203449983,3.5128465828276,4641.63512490476,57.7475208725106,725.70944140352,7.11529442426296,1.0000354,1,75,
4335,82.8387121442634,65.8021837353577,53.2099670852969,531.092124307316,12.4345339326337,74.8438926378719,95.8287498522835,82.0016844795283,43.8902542591055,7.4824783222067,7.4033024413654,0.272833805583068,3.03547286706991,4555.10819771764,55.5489588613856,707.953084895815,7.11531446974029,1.0000354,1,75,
4336,78.4747650595634,62.0000620639051,49.8231076758098,545.086384260145,12.6173891104416,73.1473060507881,95.5318772060531,83.8025312756436,44.359564491538,7.48347627875374,7.39858538888643,0.0914740047750695,2.63485819235394,4501.62747101627,53.7170823183073,696.018934513698,7.11462909362356,1.0000354,0.999866030983528,75,
4337,76.9716672281703,61.0107992891488,49.213636029872,565.801922346839,12.8722114197759,70.6992165416952,95.0520615824025,87.224785033012,44.8155220271242,7.48438108862861,7.39406278229987,-0.0603763539340463,2.39550447047256,4539.32453901198,52.0416821582762,696.433815967018,7.11443936447638,1.0000354,0.999006404104633,75,
4338,81.83149171902,66.947990544265,55.9471418498808,590.108915510552,13.183523440907,68.4952497486796,94.5661654422719,93.7345916856581,45.4988467809797,7.48429949993337,7.38742429763992,-0.316595614519073,2.1884747998182,4548.83118481655,48.5288419463243,730.227132769103,7.11698280166697,1.0000354,0.999984989770073,75,
4339,89.0785549070123,75.424537245328,65.3324372345178,606.842335302094,13.3970612722474,67.7048337505484,94.3553477435601,101.777232343133,46.2445152620742,7.48164782664441,7.38031239804615,-0.517788515912155,2.06167695441243,4531.12370189566,44.5200129496483,762.345140703583,7.11848497165082,1.0000354,1,75,
4340,92.6580370511783,79.5890505194352,69.9293648220598,630.806203775814,13.69350281775,66.4537973786822,93.9848641141363,105.35887406032,47.6034519002979,7.47691289761119,7.36769334709537,-0.695221748451092,1.99923498873282,4489.60210430455,42.6124723175589,771.772560563584,7.11730191535354,1.0000354,1,75,
4341,91.443338371262,78.5666861702666,69.0491606304004,649.906505078002,13.9331433369472,65.0559669575755,93.606092099046,101.542209459753,49.1392448389352,7.47624406284271,7.3538482410495,-0.824251325561681,1.92367800543267,4263.28529544668,41.9853509011586,758.507946529394,7.11586809881363,1.0000354,1,75,
4342,86.099001435869,73.2408314830517,63.7369667353172,683.844351416321,14.3579071474086,61.4451407560302,92.5464192017944,94.5872461681786,51.0913102427683,7.47775049913721,7.3365764296303,-0.911425935336236,1.78205718226803,3965.57862474108,41.9250880577513,747.69284156793,7.11475021255512,1.0000354,1,75,
4343,74.889924301546,61.9015560074907,52.3014577031889,736.967509348873,15.0346233614048,57.6645241346901,91.366400547234,85.8099467291471,53.3069072863644,7.48596785422088,7.31701667529401,-0.977777209065556,1.41639660636381,3634.01778903977,42.3496101274866,707.137978677907,7.11568050863317,1.0000354,1,75,
4344,67.3635863458927,54.9546843259502,45.7828871807753,1263.75307215989,22.1717987189991,51.6461601247287,90.8074521235953,89.5920729655422,54.6624228767525,7.58193646343396,7.30380273424832,-1.12246273665667,0.910283221560392,3624.91445845377,40.4602141514008,664.90299509172,7.13530490344147,1.0000354,0.98873639940962,75,
4345,90.1137982307886,80.0889346107495,72.6792528046336,1792.63759930324,30.8261544469503,61.192314406425,95.717457029745,134.914333722058,50.8115174397099,7.72157991827866,7.33091742408798,-1.46438223059471,0.769590826963845,4409.92687149707,32.6868669164695,649.485378739478,7.23832967821378,1.0000354,0.999517116458692,75,
4346,64.1097253594291,51.2619507908836,41.7657695880455,517.638981802163,12.4428023971119,111.259576361455,99.5791181435146,74.9488442576873,51.8767104794386,7.46371170638696,7.31515926476413,-0.918171589883417,0.984933478533422,3139.69650582537,41.8911930787156,527.140431569485,7.26755658367802,1.0000354,0.995139458478794,75,
4346.02401459108,63.8401857271948,51.0225157284958,41.5485857294574,530.934826682715,12.592887929986,107.791359418097,99.3774008936281,NaN,52.0547402749378,7.46110344553867,7.31351123624674,-0.930429620462003,0.977985273536458,3131.10646913752,41.7930347290913,526.873609071842,7.26406635897492,1.0000354,0.994305057905909,75,
