4320,128.595096428083,108.108540979658,92.9663043438659,517.441881650181,11.7530017651462,90.6202538827199,97.69923236949,75.543744177476,42.3435878473147,7.45260272319626,7.38076804382188,2.79539620185813,7.1439608770176,5046.17457607904,66.7980470258925,756.176758018755,7.08484096218164,1.0000354,1,0,
4321,130.158379956728,110.101978281813,95.2776813916578,509.330845756375,11.7370763840828,92.3758466366299,97.9261285177739,76.2406864449442,42.444862806007,7.45135205514014,7.37950020340578,2.56901797971869,7.15238385350178,4985.79753287493,65.3954963597465,766.868656324009,7.08522142110043,1.0000354,1,150,
4322,129.096324697882,109.111995154947,94.3409689710378,517.28898837235,11.9046637954208,88.4705310575657,97.4880226148177,75.8977515935311,42.4985710437041,7.45070870120518,7.3787291275295,2.21244215890405,7.01279654577499,4945.53539933817,65.1604994285455,766.528678617764,7.08512485962972,1.0000354,1,150,
4323,127.480921278355,107.992486378684,93.5879910180578,526.967053250366,12.0769080284141,84.7686300253279,97.0453807092139,76.3474572752108,42.5048914516039,7.45354779819814,7.37844874950165,1.77628005204191,6.70356849134555,4851.39193616289,63.5435954163478,767.569202397092,7.0861201493394,1.0000354,1,150,
4324,126.0272036476,107.024514575169,92.9790487390249,539.900813273296,12.2840694634718,81.1798747846668,96.5726873821073,77.2789121906679,42.4120386244502,7.4569123936952,7.37918687002592,1.31020458776405,6.27929400379347,4788.18458558777,61.9597824277603,762.926455263631,7.08919501959286,1.0000354,1,150,
4325,123.839747345069,105.756547534273,92.3907041958577,547.432029706577,12.4371634779921,78.5092923819499,96.221835098012,78.5404150815704,42.2758774631814,7.46227036573401,7.38037512617816,0.842627882619049,5.78291909595824,4630.87752270695,58.9617143975801,763.537314294359,7.09349415130548,1.0000354,1,150,
4326,122.203195048496,104.534731327256,91.4754320550356,549.007229887341,12.5274116446095,76.8975764292904,96.0243839753399,79.8529588148198,42.1015680425751,7.46639714132195,7.38196362966899,0.45058749878614,5.34048354933551,4600.28378601264,57.6094343189057,753.923050360148,7.09843903874139,1.0000354,1,150,
4327,120.332006642032,103.606342752764,91.2438955302624,566.318020911408,12.7980386339789,73.3275035742322,95.4413539663963,81.4925536043202,41.8723084808426,7.47067288510122,7.38413198645285,0.0204193908318939,4.88690420871821,4444.22577388652,54.5353603160488,761.822320739727,7.10278409351894,1.0000354,1,150,
4328,118.23599973975,102.241938001148,90.4202401943547,584.855202829957,13.091206046322,69.4826459620869,94.7442407900932,83.5149930728378,41.6430143440733,7.47713744369952,7.38631615438293,-0.384812508593526,4.42247729058898,4355.29963861911,52.1499131876911,763.809059132811,7.10913131905816,1.0000354,1,150,
4329,111.447316356616,96.1676940086521,84.8740600992876,613.194406102752,13.5084472142533,64.4517525726909,93.636970986752,86.3164835358371,41.6772192238444,7.48495495551611,7.38576392163096,-0.880780666188998,3.70564911676745,4300.3240329238,49.8204266064475,761.125307576237,7.11674047532049,1.0000354,1,150,
4330,75.7751123491154,61.5232303673562,50.9892306417081,663.821076703675,14.2078408374918,57.4649123894135,91.6942774683413,76.9929769984691,42.4172766923111,7.49957977869833,7.3779398911455,-1.22479064971161,1.83166342175839,3577.81723137721,46.4693972211043,676.019139853714,7.12495026236199,1.0000354,0.999773057195932,150,
4331,45.0781085449079,32.5058074587573,23.2132370907329,683.6075371932,12.4447153504354,50.3346574516642,89.2520500458955,70.0395482564988,42.3487350834735,7.52629385667565,7.37847974554115,-1.3865525546694,0.318967865597842,2871.13048947001,40.9929898313359,476.194658525759,7.12085537144378,1.0000354,0.725554498629058,150,
4332,42.8054349356849,31.1964662271301,22.6159241381982,653.082346175092,11.0100367934646,47.741238626441,87.3851770059383,73.9146811025357,43.9704125636522,7.50314829853258,7.36182093774552,-1.49352038720426,-0.0491553801748021,2797.81613102293,37.8519678268212,455.191593663931,7.11035571783279,1.0000354,0.574451660170217,150,
4333,42.0467721779248,30.9546512359461,22.7561270614402,611.141391649255,10.628175790788,51.32796460144,88.3371732179332,78.0651927560636,48.7932485268412,7.45480883217575,7.31527796291081,-1.4702740258463,-0.222058080151195,2823.36387965025,36.1667444858893,446.350660650046,7.08670786731332,1.0000354,0.583527542502717,150,
4334,58.6146739266937,48.492070066307,41.0101454738473,1495.92075792003,26.3924239251926,52.5951335704386,91.9546258801736,122.919016396171,56.131653520171,7.59388435292674,7.25091811948849,-1.62904190337224,-0.258493565955794,4057.01057267153,33.0055567610115,551.636711895424,7.08924087175984,1.0000354,0.919415870817935,150,
4335,49.2194796745901,37.2444080454405,28.3932681456343,849.709996941211,17.1334350814514,89.3028704447314,98.1601641547355,84.0526204869536,60.3385763171128,7.4956040240114,7.21282488600817,-1.21431243608917,0.149052815849001,3281.89135131166,39.0456755815372,429.216452784222,7.16337896846372,1.0000354,0.983323753050004,150,
4336,46.6798131704471,34.8401762464951,26.0891402592262,1464.01212082513,26.7335841722373,58.5129749402523,94.1487445166915,84.3599816817274,77.5512679796978,7.60153035933497,7.095226005769,-1.2789603161,0.0334612037257305,3256.63947571118,38.6040799297207,410.775251351233,7.1456802628822,1.0000354,0.957107970006589,150,
4337,46.7907846533784,35.1303034797179,26.5116869600558,1579.68940345865,29.0763421466878,54.3372205235285,93.4753236544637,86.675100451424,79.5789024852013,7.63224070613394,7.07210118549737,-1.30005932008783,-0.0167143088709523,3295.3811067569,38.0199283253644,404.969840557597,7.1697713326748,1.0000354,0.957904497576914,150,
4338,48.648707082743,37.3519638225771,29.0021970650631,975.812510512623,32.2638127499148,55.2486386872979,93.134350778857,89.6135468815109,81.5508927997279,7.58301940920102,7.0456031029534,-1.39925982820112,-0.0982677360560098,3300.81927999784,36.8339318648135,400.785407753454,7.19038159195441,1.0000354,0.964697122274611,150,
4339,49.957025552515,38.858021421215,30.6544096719933,0,17.7730693272942,51.228870607232,72.1247906587098,90.295204204929,101.915303095017,6.96080395858595,6.92900069669812,-1.39960352972231,-0.0961291676100684,3267.71009097396,36.1891876733315,529.503263817076,7.04111000339862,1.0000354,0.981888455844484,150,
4340,103.15008825429,96.311457587959,91.2568175302362,0,0,18.5782836256981,11.8972105932638,202,148.3013723134,6.740345434046,6.7400361138676,-1.71614431828098,1.49988343929037,4504.17587995426,22.2979003958132,1446.18568784747,6.73625097225556,0.531434181691707,0.106202347963948,150,
4341,111.194558443316,105.149839574412,100.682003888701,0,0,10.4789042873135,3.13161066825773,202,165.711216304783,6.68796535561609,6.65940439402073,-1.9611004194368,1.40460895970023,3981.2761148904,19.7092876974772,1592.2479534083,6.6684670618011,0.161826810141033,0,150,
4342,3.7521665856678E-06,3.7521665856678E-06,3.7521665856678E-06,0,0,0.603078280462014,3.61480262250349,0,0.196487167191351,9.58804611619743,9.58363634377204,2.13159045075622,1.45990509480021,0,0,0,6.67098268688343,0,0,150,
4343,8.76046317392861E-13,8.76046317392861E-13,8.76046317392861E-13,0,0,0.0135366670455417,0.0605320719378652,0,0.00131467920730277,11.7629352336732,11.7585520584873,-4.07136360918159E-05,1.45129847784944,0,0,1.40997869846904E-11,6.6695198441407,0,0,150,
4344,1.59281148616884E-13,1.59281148616884E-13,1.59281148616884E-13,0,0,0.0105773026860191,3.30343381064844,0,8.85724963286172E-06,13.9344867429626,13.9301037457338,0.26566332835288,1.44813228041578,0,0,0,6.66805882423925,0,0,150,
4345,1.59281148616884E-13,1.59281148616884E-13,1.59281148616884E-13,0,0,0.000689677946375586,0.635063101898966,0,5.95721321108164E-08,16.1075256949259,16.103142698896,0.182560438719427,1.44696750147314,0,0,2.59779245981518E-12,6.6660730851758,0,0,150,
4346,1.59281148616884E-13,1.59281148616884E-13,1.59281148616884E-13,0,0,8.37683038197483E-05,0.496618203380239,0,4.01139239899108E-10,18.2795492779515,18.2751662819297,-4.36690696137276E-06,1.44653900324665,0,0,2.6147402175452E-12,6.66441897393338,0,0,150,
4347,1.59281148616884E-13,1.59281148616884E-13,1.59281148616884E-13,0,0,1.70393263902175E-05,1.26056026940394,0,2.70071770265256E-12,20.4517087805777,20.447325784556,6.68548711502126E-05,1.44638136755855,0,0,2.63157863061063E-12,6.66275221219615,0,0,150,
4348,1.59281148616884E-13,1.59281148616884E-13,1.59281148616884E-13,0,0,3.22182477919686E-06,2.68677228344296,0,1.81835305198401E-14,22.6238383337795,22.6194553377577,-1.2687057520111E-06,1.4463233766297,0,0,2.64833256633691E-12,6.66112831825487,0,0,150,
4349,1.59281148616884E-13,1.59281148616884E-13,1.59281148616884E-13,0,0,5.0623573833204E-07,3.75455741130679,0,1.22432064098663E-16,24.7959320011817,24.79154900516,0.384772796108872,1.4463020429592,0,0,0,6.65954160654791,0,0,150,
4350,1.59281148616884E-13,1.59281148616884E-13,1.59281148616884E-13,0,0,6.85426139806698E-08,3.76415210881263,0,8.24712476890764E-19,26.9676448045441,26.9632618085223,0.277225725818646,1.44629419474042,0,0,0,6.65811876279044,0,0,150,
4351,1.59281148616884E-13,1.59281148616884E-13,1.59281148616884E-13,0,0,3.41500850262907E-09,0.391867474194505,0,5.55598977868675E-21,29.1392546488099,29.1348716527881,-1.85710131717087E-08,1.44629130754208,0,0,2.69674256658946E-12,6.6567570125519,0,0,150,
4352,1.59281148616884E-13,1.59281148616884E-13,1.59281148616884E-13,0,0,4.53451951262717E-10,0.375272339202135,0,3.74568154216704E-23,31.3102434135271,31.3058604175053,1.32481112302685E-07,1.44629024540117,0,0,2.71211304526407E-12,6.65562947144929,0,0,150,
4353,1.59281148616884E-13,1.59281148616884E-13,1.59281148616884E-13,0,0,7.13630707346936E-11,0.531529020635196,0,2.52232574755551E-25,33.482230359514,33.4778473634923,4.58481883391926E-06,1.44628985466137,0,0,2.72711357020565E-12,6.6542246656275,0,0,150,
4354,1.59281148616884E-13,1.59281148616884E-13,1.59281148616884E-13,0,0,1.06049415128062E-11,0.658673132640224,0,1.70050428981806E-27,35.6532048326678,35.6488218366461,3.68001744632807E-08,1.44628971091622,0,0,2.74176122433584E-12,6.65316664910991,0,0,150,
4355,1.59281148616884E-13,1.59281148616884E-13,1.59281148616884E-13,0,0,2.09580229732092E-12,1.56038476125855,0,1.14642034940735E-29,37.8242001140694,37.8198171180477,1.42072261244408E-06,1.44628965803534,0,0,2.75607030626957E-12,6.65213306810302,0,0,150,
4356,1.59281148616884E-13,1.59281148616884E-13,1.59281148616884E-13,0,0,4.2194232460528E-13,3.80438936246723,0,7.72912635623579E-32,39.9951546627864,39.9907716667647,0.0649615455844716,1.44628963858155,0,0,0,6.65113800788058,0,0,150,
4357,1.59281148616884E-13,1.59281148616884E-13,1.59281148616884E-13,0,0,3.56086176186227E-15,0.00669484244189533,0,5.21085262960179E-34,42.1661254867338,42.1617424907121,9.92671722599425E-10,1.4462896314249,0,0,2.78371672143062E-12,6.65016132455123,0,0,150,
4358,1.59281148616884E-13,1.59281148616884E-13,1.59281148616884E-13,0,0,3.78401681963475E-15,0.761882122418635,0,3.51060534745546E-36,44.3377066392282,44.3333236432065,-2.9819702263012E-11,1.44628962879212,0,0,2.79711034207839E-12,6.64903919916426,0,0,150,
4359,1.59281148616884E-13,1.59281148616884E-13,1.59281148616884E-13,0,0,8.04474486473696E-16,2.12528382700292,0,2.36693165817446E-38,46.5086268127131,46.5042438166913,2.71585925393225E-06,1.44628962782357,0,0,2.8101943602547E-12,6.64813624408081,0,0,150,
4360,1.59281148616884E-13,1.59281148616884E-13,1.59281148616884E-13,0,0,1.39927726257636E-16,3.72876698808385,0,1.59534530817901E-40,48.6798164413225,48.6754334453008,2.64760169343958E-09,1.44628962746726,0,0,2.82300559525315E-12,6.64717316784158,0,0,150,
