4320,115.301687989396,92.8363753139187,76.2315789885659,484.744396833294,11.3796830176456,89.4771878082592,97.6183865529497,72.3527570170406,44.3342534777915,7.46615993057211,7.40599152639155,3.39160304897079,7.04350677493425,5299.83530508637,73.2499426917229,781.137052567625,7.0928953688059,1.0000354,1,0,
4321,115.185973385407,92.7291602989708,76.1306462785618,483.932962080003,11.3901374834976,89.7382720583973,97.6523979204572,72.36154216657,44.3902288290743,7.46511481609409,7.40536947912271,3.36976296717043,7.03934678269674,5298.47341885016,73.2222291041494,786.047378802217,7.09217000383978,1.0000354,1,37.5,
4322,115.080621498703,92.6415497520532,76.0561488958342,483.633184250792,11.4058083247631,89.7268759578152,97.6556435713868,72.3985501373936,44.4238716991432,7.46458773010119,7.40496988530193,3.28998314015371,7.02500507885237,5296.99518223498,73.164382051611,788.490883432252,7.09196376393613,1.0000354,1,37.5,
4323,114.893706632501,92.5128659945524,75.9705055230252,481.100373285176,11.3907146090903,90.025127419635,97.6988785287793,72.4801303080569,44.4477587249024,7.46469963981663,7.40466869107479,3.21444217416632,6.99542723825163,5289.20234767559,72.9745148800821,789.137539863433,7.09206700730696,1.0000354,1,37.5,
4324,114.676021097534,92.386198576299,75.9111123649514,481.724768931436,11.4164333686232,89.7722074962651,97.6735625093987,72.584714202957,44.4656824731384,7.46437031918341,7.40442794619601,3.11237946109626,6.95253543456538,5275.29320859727,72.6777430554706,790.245799282714,7.09201690609321,1.0000354,1,37.5,
4325,114.393914896667,92.227102327673,75.8429365158077,485.07368895595,11.4771421304666,88.8324477644085,97.5674432629648,72.746522988242,44.4803802426412,7.46462446513525,7.40422045691124,3.00413872715191,6.88942224467393,5257.87565735704,72.2766593010483,790.186610714234,7.09210584425585,1.0000354,1,37.5,
4326,114.507878276849,92.3361934022895,75.9484263210934,493.245280787166,11.5984917841424,87.0359608443258,97.3497438620981,72.9890205249193,44.4472776617637,7.46520193291336,7.40448085511338,2.85865160146702,6.78034745359335,5276.56211223964,72.2925458417154,790.388377553872,7.09262131207987,1.0000354,1,37.5,
4327,113.710223866924,91.9837246404507,75.9250078208832,492.852043844736,11.6086778668149,86.4465542475044,97.2934434535959,73.3163905848316,44.4028711492434,7.46752526755011,7.40485214493506,2.6795570159346,6.58616299780847,5193.80514607247,70.8409825503196,789.74270655444,7.09438774244113,1.0000354,1,37.5,
4328,113.567080650509,92.0072665623539,76.0717518015435,499.218588016392,11.7031258203479,85.0636593286628,97.1196982273779,73.8059398071053,44.2811671351954,7.4685310401189,7.40597934763304,2.53770653611564,6.39844739366167,5188.37249047545,70.2974923703358,786.585070107837,7.09539240524135,1.0000354,1,37.5,
4329,114.055634304792,92.7899589670117,77.0718511086521,496.283588919305,11.6805144365189,84.8716495266406,97.1163278504136,74.2595921805504,44.1817956005955,7.47100049276465,7.40688792124869,2.42849546087221,6.25013473180802,5149.04349925573,69.3384295288971,795.492432899129,7.09778212591719,1.0000354,1,37.5,
4330,115.026793302016,94.3227168767539,79.0197038667773,485.24921166702,11.5527818757422,86.5891853207063,97.346384179117,74.4908254019613,44.1619907976632,7.47003224394911,7.40701713272583,2.28314472666413,6.11753025241021,5028.6738651935,67.5072915095005,803.560585751451,7.09958901514209,1.0000354,1,37.5,
4331,115.756014002008,95.4142460185603,80.379026204708,484.642314394502,11.5571481598868,86.5444268397375,97.3467874169204,74.5451299819684,44.1557728869285,7.47015717325828,7.40701500336259,2.21331376168256,6.05930014600209,4944.27700786644,66.3259559553038,803.429364944726,7.09991849480402,1.0000354,1,37.5,
4332,116.518026285303,96.2582100830816,81.2835633249182,476.254623769507,11.4580704812306,87.9846892047764,97.5312025842983,74.4057145082917,44.2149894384285,7.46967313913976,7.40637136054936,2.12375620078965,6.01728771618392,4915.14816888262,66.0587456402274,799.680726984141,7.10053849173418,1.0000354,1,37.5,
4333,116.845503228201,96.9873659461633,82.3096123029177,471.532327760593,11.405537641144,88.6821449812134,97.6249696367815,74.1438849113928,44.3358828662993,7.47046598723309,7.40512545376494,2.02445700846602,5.9733691425265,4800.74533304005,64.7490395030862,809.099176753524,7.10032262899405,1.0000354,1,37.5,
4334,117.028453826449,97.283951621228,82.690189121717,472.128230006527,11.4241526371987,88.911531757573,97.6472921761699,73.8990324132969,44.3829781791273,7.46876798478161,7.40460525269707,1.92388083905962,5.93051838519053,4757.51057838604,64.3785232772547,805.761612017779,7.09998694113093,1.0000354,1,37.5,
4335,117.256004696796,97.6642670931868,83.1834175600844,478.537546255901,11.5200996349726,87.5164578446774,97.485999543535,73.6905115826863,44.4668883152672,7.46959829579102,7.40372715915412,1.8230439720975,5.87526982765472,4707.38098590581,63.8804221168117,811.192784840896,7.09992396965594,1.0000354,1,37.5,
4336,117.370297323139,97.9364062223778,83.5722258435544,479.068153904961,11.5371294277879,87.2046443535446,97.4543610368517,73.5317123493642,44.4865014458868,7.4701297899893,7.40347864348432,1.71831974861049,5.813419565959,4659.39217623845,63.3657510123077,812.080299077752,7.10071675428436,1.0000354,1,37.5,
4337,117.342120714394,98.0924852854542,83.8644938814555,482.225053119026,11.5883272394352,86.4300634118003,97.3649507701939,73.41815996059,44.5063687779739,7.47094034105101,7.40322861702109,1.60856386962252,5.7457217489252,4608.08865930935,62.7649707072871,812.676049454671,7.10130480784673,1.0000354,1,37.5,
4338,117.258064972452,98.2042652781336,84.1210220258114,482.506672872066,11.601681465117,86.1033758660808,97.3324288495561,73.3660481592773,44.5002816480167,7.47180886759077,7.40323251790624,1.50115908392065,5.67285858613399,4557.9708522922,62.1264326844601,811.931560891417,7.102135150727,1.0000354,1,37.5,
4339,117.042472203926,98.1984006652753,84.2701738758377,488.017335323049,11.6819975917467,85.073115943319,97.2043617364675,73.3700919359383,44.5020031975054,7.47237360515387,7.40316069563946,1.39245546287062,5.59439242417601,4508.049013817,61.4425973154446,810.27289889356,7.10290464258072,1.0000354,1,37.5,
4340,116.734549152536,98.1104570896634,84.3448238258007,492.109977905668,11.7428211860248,84.048991168648,97.0825451110603,73.4515329269925,44.4917249601175,7.47438618478501,7.40320638821781,1.28645056393649,5.50843039860292,4460.36906812827,60.725336700075,807.366299846375,7.1037895441682,1.0000354,1,37.5,
4341,116.551930743041,98.1267138817901,84.5080753321697,491.365312406959,11.7428144938414,83.8317510762559,97.0657263266831,73.5975497234519,44.4441157979658,7.4756548786535,7.40361681066637,1.17813904616439,5.42014070698704,4421.51177041685,60.0768882528155,803.76163518583,7.10509198706832,1.0000354,1,37.5,
4342,116.118771100905,97.9043073791029,84.441442889075,492.570526498158,11.7668311304537,83.4936755030184,97.0275061340421,73.7585203110561,44.4388527557621,7.47628411010311,7.40361395333678,1.06861463827448,5.32917808313094,4380.4971934428,59.38971084248,808.266610494944,7.10643153178737,1.0000354,1,37.5,
4343,115.860965769945,97.6277720131807,84.1510635842683,502.0815647899,11.8897604905301,82.0076574140445,96.8240965792988,73.9976946723105,44.4599663058805,7.47711923738591,7.40335395905706,0.963521950529527,5.22703165634828,4399.22078593594,59.4507816144454,804.159595098177,7.10718411073086,1.0000354,1,37.5,
4344,114.885555661978,96.913464748848,83.6297453782739,508.500371832188,11.9704089797792,80.8334632860888,96.6661047757395,74.3245980263681,44.4971111015837,7.47901100611177,7.40293847276713,0.861538192151288,5.11988047441937,4355.37944947794,58.5994349802307,805.358278979311,7.1084403804147,1.0000354,1,37.5,
4345,114.200721224461,96.24597162975,82.9750697553987,523.488228181555,12.1394712170811,78.4966504645323,96.3115406119767,74.8610210943676,44.5151891567668,7.48086170692016,7.40271005132122,0.767925374158542,5.00113105684624,4382.58069009888,58.5428922292461,810.46505116237,7.10961076906649,1.0000354,1,37.5,
4346,113.314910754618,95.3812046409059,82.1258566438146,538.997792973538,12.3146239234806,76.2546449137108,95.940171143581,75.6004774240084,44.4795022234625,7.48243735766688,7.40300748810243,0.673506907774316,4.88088659475357,4420.68335514887,58.4742782820707,808.456742121704,7.11193608987935,1.0000354,1,37.5,
4347,112.32237575965,94.4304672020187,81.2060130507264,549.828332438904,12.4392270405127,74.5795131130798,95.6637576718935,76.5332988210426,44.5192331863669,7.48573809979779,7.40257045078568,0.579829881834538,4.7553420305416,4464.79912885944,58.3379940187794,802.718558065171,7.11436695790374,1.0000354,1,37.5,
4348,111.661905270506,94.0972478311673,81.1146749412209,567.254550865807,12.6365612429021,72.2239288705013,95.2183617415286,77.6282599130991,44.4891196527056,7.48803458315782,7.40281667807871,0.482727762060146,4.61861586885453,4445.8454079115,57.2709656623555,808.107751831271,7.11657674721965,1.0000354,1,37.5,
4349,110.749880971327,93.3995045755635,80.5753133265207,582.665354091072,12.8123722859489,70.2058739043514,94.8053704094248,78.9046546682738,44.4869524649603,7.49017205660451,7.40279162113453,0.362385941920282,4.43527402981848,4463.81663061035,56.5722852394052,819.827237561354,7.11943809191478,1.0000354,1,37.5,
4350,109.688171080994,92.5778902508484,79.9311609416106,587.395874765078,12.8696091312706,69.4831842048125,94.6751105074172,80.3577713428202,44.5543278241569,7.49285876239776,7.40208974174291,0.255696712886426,4.25147347674663,4483.11462167196,55.7894345096532,817.375979143922,7.12213391319069,1.0000354,1,37.5,
4351,108.594643206019,91.9706787897826,79.6834007429989,594.972865774155,12.9579965645706,68.5245688801445,94.471153398309,81.9031227518373,44.6002113655569,7.4944865380211,7.4016000327293,0.156159391923228,4.07034259289605,4439.45729716244,54.2037610777528,805.927847231385,7.12397946812269,1.0000354,1,37.5,
4352,108.001593417534,91.608138022397,79.4912362086002,610.187599603721,13.1316435093912,66.7570194688444,94.0439671776116,83.4363342809813,44.7181921173804,7.49551633182133,7.40041208469294,0.0661706778212032,3.889454381001,4459.85296067445,53.4521680405493,811.349967429775,7.12516535199366,1.0000354,1,37.5,
4353,107.369891834403,91.0843318678901,79.0471788491634,609.966593570085,13.1319056176984,66.9122670902049,94.0912055756974,84.9434763507307,44.8149467510178,7.49579783750382,7.39943446938319,-0.00296718737042578,3.76605439568092,4510.52971710235,53.1003663951593,816.993919944306,7.12638035042175,1.0000354,1,37.5,
4354,107.357062730684,91.4271629718149,79.6528892369988,620.468881773231,13.2520495787434,65.74016465219,93.7904145771194,86.2560662893206,44.9253153477027,7.49634892459148,7.39832900388556,-0.0904906515203754,3.63467135444253,4480.20114704974,51.9407079384101,819.440274469666,7.1269562429696,1.0000354,1,37.5,
4355,106.658810098846,91.0718192057128,79.5509998499186,624.75627612898,13.3016269010761,65.3962008815843,93.7052869309829,87.4251630881238,45.1316890658413,7.49685421011216,7.39630218456554,-0.178526960613854,3.51026211282921,4443.17638833004,50.8226262483646,814.328514807902,7.12783694223424,1.0000354,1,37.5,
4356,106.319204638254,90.8712613257564,79.4532162686933,633.289903607209,13.3988815757294,64.6119082153171,93.4734302276152,88.5784470158072,45.2526141258547,7.49592919507481,7.395104953543,-0.264485620628652,3.38525057420485,4461.62998913785,50.3692505281973,813.713952812027,7.12778416290071,1.0000354,1,37.5,
4357,105.186080522691,90.0495508784361,78.8616811413779,637.223084888417,13.44370949053,64.2328028775162,93.3879710315605,89.7006935543037,45.4953666537064,7.49746497111747,7.39274700149587,-0.373383905493097,3.21903198513555,4427.0756007569,49.3538614400657,817.695189568964,7.12854334204515,1.0000354,1,37.5,
4358,103.917229694673,89.0474103512226,78.0566743147589,643.988013227943,13.5206100628184,63.53535337575,93.2039825483984,91.011776377017,45.7504537152495,7.49881032702176,7.39028517652373,-0.456568622579351,3.05334492039578,4412.63601186115,48.4842312447762,819.800098041002,7.12891798147183,1.0000354,1,37.5,
4359,101.552253745214,87.4033422654795,76.945451171763,651.996997213465,13.6119470756114,62.6320614851242,92.9477414430573,92.6257598830685,45.9058968043693,7.4999416336396,7.3887793578915,-0.576314859677747,2.74459198722655,4273.16472935357,46.1336536914574,814.095980881206,7.12978979813451,1.0000354,1,37.5,
4360,100.25289543175,86.4737759228257,76.2892093292728,648.270529899796,13.5696945348509,63.3460409870791,93.1659049193686,94.5831851240424,46.0137551449316,7.49986662100971,7.38772823480997,-0.640873029548607,2.55403816500054,4249.42553761633,44.9279174944613,805.142820799606,7.1300030631927,1.0000354,1,37.5,
