4320,122.096913702367,100.797258139664,85.054034462884,516.961991030799,11.7547145005725,91.6540761083989,97.8057282558635,74.6804612949206,42.1287246666505,7.44850033678947,7.3780724512617,3.142810495013,7.27467002768885,5186.50014171301,69.4492247608247,758.749688695456,7.08489690117648,1.0000354,1,0,
4321,124.067431008677,102.966103002561,87.3694692589105,513.690647567505,11.735678259799,93.2047360558917,97.986903409625,75.3124626059495,42.1524632082161,7.44812038718814,7.37775893370529,3.08324381217791,7.28983796200501,5181.69037434314,68.8025619538537,765.376505132189,7.08567035941893,1.0000354,1,37.5,
4322,123.164600817562,102.140080920501,86.6002183878902,512.766157094043,11.7427995952806,93.1907129112003,97.9905984797363,75.0151867788985,42.2079741962709,7.44791356543554,7.3771212176161,2.99743532416399,7.27043874708625,5142.45031032715,68.5521229918967,760.308369287268,7.08576156566495,1.0000354,1,37.5,
4323,123.604878583273,102.738488673532,87.3155048272014,514.242345710131,11.777042956661,91.7182261449779,97.8325309509706,74.9597828811613,42.2269741753453,7.44832007606037,7.37686144906296,2.88211069863065,7.20200516355786,5100.00333416124,68.0365275636752,765.354114373231,7.08613529745505,1.0000354,1,37.5,
4324,122.174749573613,101.253437823789,85.7898595739192,515.20184654195,11.804029253954,91.0437538965251,97.7568806499454,74.7474843392922,42.2122423295564,7.44773338531575,7.37694991142598,2.78770100223784,7.13284114936139,5098.94483661548,68.2156046010921,756.380203293868,7.08572262459679,1.0000354,1,37.5,
4325,121.519056471766,100.557652125841,85.0644402179841,514.305997300087,11.8084694395745,90.5414422201385,97.7092620320561,74.9455180540396,42.2074864911137,7.4488841071832,7.37693687172133,2.6815012053936,7.03761810998277,5122.25108694323,68.3463297064652,752.321118420801,7.08562889528201,1.0000354,1,37.5,
4326,122.158757860511,101.526376019755,86.2763546591969,521.676473042608,11.9066561996854,87.878565836444,97.3953315375302,75.4204255407506,42.1436484536779,7.45088953588602,7.37753414926331,2.54892493929167,6.8886702987415,5073.79792852411,67.2735256019296,757.460528278284,7.08674883016572,1.0000354,1,37.5,
4327,121.113804219339,100.759109596029,85.7143353092344,515.881774644119,11.8542395918207,89.0028189474837,97.542381930308,75.5484426823919,42.1249998579007,7.45056715663169,7.37766692551066,2.43318991766657,6.76957039925895,5014.00692326695,66.3681042949621,758.638989362475,7.08767035383997,1.0000354,1,37.5,
4328,121.095904800383,101.030881394095,86.2002119198815,516.518184856431,11.8742874089131,88.4692409423231,97.4853996567433,75.9431538796902,42.1059547949236,7.45132629052554,7.37780372185468,2.30203292703923,6.6228500776018,4968.47514505871,65.4236082021273,758.586427392437,7.08854125781962,1.0000354,1,37.5,
4329,120.439721665843,100.350549868866,85.5020315841448,514.006940772278,11.8578633378664,88.8026244552487,97.5322735168984,75.7812176450229,42.1236291257038,7.45124253764827,7.37756253458259,2.21311334797688,6.53431212015534,4963.84753506309,65.502345954837,753.858825742783,7.08881062064802,1.0000354,1,37.5,
4330,119.474826262224,99.6063979263552,84.9210378520174,516.493922275707,11.8983149411663,87.9671468630323,97.4336206041481,76.1499336559017,42.0915417462666,7.45150392980749,7.37783518772811,2.10551972575386,6.42765811319719,4933.19025833744,64.7825943044024,750.100019896928,7.08853518768194,1.0000354,1,37.5,
4331,119.612754019807,99.7435900726955,85.0576862857003,521.897530157488,11.9694870047218,86.5746869261243,97.2583804041003,76.6168356844184,42.0338491119921,7.45177588470226,7.37837237966064,1.99251128998566,6.3124572814646,4963.62114997386,64.7849928234939,759.736583234988,7.08910124694488,1.0000354,1,37.5,
4332,119.688713081601,100.108389208311,85.6359759106616,523.753252737367,12.0001662202287,85.5704911483846,97.1428420793402,77.027317814818,41.9979872427956,7.45414375325527,7.37868596248302,1.87361698214727,6.18145051495653,4917.6709758265,63.8432067393171,758.791623315731,7.09064047286371,1.0000354,1,37.5,
4333,119.298524852625,99.9899032082152,85.7183132971298,521.819372373395,11.9903343208414,85.729056107884,97.171149393705,77.3856768420022,41.9519260937823,7.45426068947071,7.37910535220118,1.75192368752148,6.05592753860423,4871.99326990766,62.9572999646276,755.032377699675,7.09183074346446,1.0000354,1,37.5,
4334,118.763855406375,99.7192187491192,85.6427481763646,518.186382080665,11.9617839616819,86.2206374090723,97.2455305664385,77.7423521635628,41.9412048336159,7.45460242769726,7.37915897970486,1.63337692442962,5.93264234644895,4827.53231472454,62.096555871732,752.670944190469,7.09220981611444,1.0000354,1,37.5,
4335,118.217208808542,99.4295512461385,85.5430217434922,516.473305741505,11.9535509661708,86.3556343300331,97.2713987026374,78.1221417848313,41.9384328119017,7.45498763616752,7.37913020106523,1.51873807846485,5.81134977331528,4785.6573352958,61.2586550491248,750.57358945742,7.09246660163805,1.0000354,1,37.5,
4336,118.560238289969,99.815531335332,85.9607479340784,525.455379663393,12.0595699691276,84.4864850704304,97.0207645220696,78.5086987718539,41.8881170714812,7.4551347869834,7.37959420933222,1.40260096068241,5.68450723552284,4798.34263361347,61.118611168903,764.144666940441,7.09262018001288,1.0000354,1,37.5,
4337,118.012473292816,99.5740111140204,85.9455825470848,523.021078435669,12.0437920200577,84.5278529569333,97.043802725172,78.8388802997138,41.9024687310863,7.45681730824069,7.37938874797972,1.28785277502384,5.55219344256956,4739.79944907732,60.1200756664543,757.529000096007,7.09441437850755,1.0000354,1,37.5,
4338,117.309951097745,99.1544472764814,85.7351618433738,518.870435637535,12.0096132270792,85.1097687187617,97.1312196730881,79.2029188282961,41.8734846603971,7.45692819265608,7.37963210983416,1.17630647240247,5.42640732848041,4688.61220429876,59.1974673870694,752.974015713446,7.09512221108939,1.0000354,1,37.5,
4339,117.812227491385,99.7763121196113,86.4454181491696,529.456549967707,12.1323197622035,82.8707282354137,96.8282765789116,79.8096846871065,41.8029587663947,7.45864878704077,7.38030715056567,1.04192320953834,5.26288898140147,4693.41120188643,58.8075397150976,757.882568052537,7.09544558521821,1.0000354,1,37.5,
4340,117.187801827492,99.4729319475758,86.379332471116,519.925796162691,12.0403490175156,84.2142015112561,97.0336946474879,79.9298263139198,41.8122023712728,7.45937308600559,7.3801545923873,0.944615319790508,5.13436710977206,4616.80633945666,57.7607452983123,751.488479391054,7.0971914300696,1.0000354,1,37.5,
4341,116.10193384903,98.596959035514,85.658499390741,515.433807808347,12.0019830947823,85.0067699960003,97.1446225927063,80.0329984567918,41.8247290250629,7.45867823923308,7.37996751253588,0.864083653540488,5.04813113322809,4567.99268827145,57.0763657035493,755.122993615696,7.09738090948743,1.0000354,1,37.5,
4342,116.080576826748,98.5442996508036,85.5827034772797,523.382179102967,12.0967047709985,83.4240245231488,96.927843852353,80.4025076380576,41.7602928461976,7.45879649933098,7.38058016304778,0.774613873025467,4.95072257684607,4597.28911873543,57.1784295513609,757.098997856468,7.09708807251107,1.0000354,1,37.5,
4343,115.712366631651,98.4177956742561,85.6348519231379,521.933524459709,12.0908580302945,83.3451513039775,96.9319839726279,80.8108208322338,41.7628243421331,7.46019724226942,7.38049724957641,0.677189737777087,4.84838686440523,4556.94862474485,56.3903271593446,754.388502996893,7.09810287983551,1.0000354,1,37.5,
4344,115.145585885825,98.0916425197094,85.4865539447543,522.810001575491,12.109912571024,83.0333593284048,96.8949239322521,81.2295045356643,41.7451599875572,7.46056176125254,7.38062447476847,0.573999190961017,4.74799833879059,4516.82684905206,55.6057417175174,751.255150959413,7.09871619971925,1.0000354,1,37.5,
4345,114.787432202696,97.8896597752979,85.4000018941772,520.839264110902,12.0982790720965,83.1838891305421,96.9244226393083,81.5055406111565,41.7332764223212,7.46084283552181,7.38069180350735,0.507394054573585,4.68330796976811,4490.67278322945,55.0965339234222,750.086709582825,7.0991400610395,1.0000354,1,37.5,
4346,115.04804587223,98.304502085231,85.9288392861447,530.136624845288,12.208394074738,81.3859250392884,96.6736153548197,82.1646914684431,41.6825992671869,7.46243963977196,7.38116376234106,0.375282393215828,4.53511336494872,4485.67116001337,54.5936591478126,761.957483219079,7.09990126001305,1.0000354,1,37.5,
4347,114.415726327533,97.9664734795357,85.808330070146,531.265629328308,12.2303158353565,80.8760368700618,96.6141674611902,82.52442561965,41.6739017641865,7.46419479448849,7.38119908278193,0.282870546440868,4.4303319539426,4426.12330299498,53.6341000832251,754.764736332951,7.1018574420036,1.0000354,1,37.5,
4348,113.669460615707,97.2585747099949,85.128789475338,532.413408786762,12.2524859845053,80.4604559406961,96.5637992159637,82.984800704651,41.6555559165014,7.46530941059953,7.38133527443166,0.190311184528741,4.33237039648698,4440.43383448319,53.5090016096686,755.633178206329,7.10349617194062,1.0000354,1,37.5,
4349,112.969683271077,97.1059302329182,85.3805475525401,543.011786909747,12.378110915527,78.4715727414379,96.2730161374188,83.7459449921119,41.6141700347649,7.46863032347682,7.38171283497921,0.0600887326209874,4.14855252700709,4331.7616245389,51.7250312829703,759.100282679826,7.10542881126124,1.0000354,1,37.5,
4350,112.754447984564,96.9737791696145,85.3098065672606,548.984969591254,12.4537233572807,77.5026907955802,96.1134989079353,84.3831303721878,41.4889569763535,7.46863897932375,7.3829682072896,-0.00937210594396687,4.04576333535009,4341.86043766759,51.4541285505407,764.524298368377,7.10760575557991,1.0000354,1,37.5,
4351,111.47784431685,96.1226774512633,84.7732062897424,546.241324621835,12.4333691486439,77.5383477871092,96.1501504891284,85.0556327777461,41.5513632360018,7.47131896693225,7.38226332434599,-0.107617672781426,3.90460250162861,4258.45872199139,50.0667455278232,752.671403500459,7.10969846492654,1.0000354,1,37.5,
4352,110.266199942206,95.0608603372467,83.8221310640159,559.476212372778,12.5889197066282,75.6621081703325,95.831371779483,85.9423660468799,41.5554443468851,7.47254816625248,7.38217029606868,-0.201471588710265,3.7603578954714,4260.86968604313,49.5782218017934,753.979061987499,7.11056059146539,1.0000354,1,37.5,
4353,108.953513103626,93.735516287021,82.4874316834438,573.789297272148,12.7570045839939,73.6000062272998,95.4679109907405,87.1774877520427,41.5936256285436,7.47534206264341,7.38172334432623,-0.290353811242052,3.60418159516534,4325.70262551689,49.6194916492708,753.044793811267,7.11221395087226,1.0000354,1,37.5,
4354,107.743144635563,92.8069355217069,81.7671287853786,589.775936417646,12.9443650733392,71.4096467215218,95.0411306503024,88.7924667996217,41.5468961857313,7.47758785367207,7.38216599303632,-0.378820189433235,3.43350971941633,4324.25532188653,48.7007003831202,764.498811945822,7.11495255210226,1.0000354,1,37.5,
4355,106.485461600233,91.7675340770423,80.8890659077272,600.752251783247,13.0755382733805,69.9784007945455,94.7456363339804,90.6964176843012,41.5512477771012,7.47921231600504,7.38207786529137,-0.469140588890095,3.26082502870727,4352.4281986137,47.9889758575004,760.2236898136,7.11790004659633,1.0000354,1,37.5,
4356,104.263554091492,89.8912189646044,79.2681886534264,607.191181548794,13.1548320328067,69.0515237958753,94.5703934000629,92.7874493649208,41.651976623663,7.48219675732228,7.38098717778038,-0.593260870680097,2.99988433662311,4348.21884156589,46.8621443021342,750.451093403773,7.12003290782853,1.0000354,1,37.5,
4357,100.734686753521,86.9395062603975,76.7430685046104,614.685437353101,13.2456965051225,68.0284897840352,94.366177438472,95.5733096211813,41.7391736565059,7.48526658030734,7.38004443574907,-0.707492369541304,2.60953621969521,4298.91476380412,44.9802856136665,741.901582741764,7.12214493124703,1.0000354,1,37.5,
4358,99.3504481588902,86.0854611611896,76.2809055541935,616.55367930755,13.2719420718525,68.1152542771849,94.3753952192712,98.2740207555448,41.789767829438,7.48393260695827,7.37948815839963,-0.788805905348227,2.35699538274646,4250.50347279729,43.2515474600389,744.262766893178,7.12279884725303,1.0000354,1,37.5,
4359,94.0727471212854,80.9034275000847,71.1695825626755,611.197059759686,13.2151537845174,69.2195655201743,94.6277734108701,96.9144770003028,42.2851608749766,7.48252075652449,7.37434314520345,-0.859802508856221,2.08092277730507,4161.47046147377,42.9396163533005,725.355671593471,7.12081369032022,1.0000354,1,37.5,
4360,87.6414057874178,74.6423326203903,65.0343220186743,624.196008154094,13.3684154856785,67.8296149925696,94.2995710924661,95.5578005629811,42.6859254175804,7.48283617706591,7.37022349501116,-0.886937321588803,1.80828922624864,4050.17095670754,42.3845142190994,710.122340149981,7.11832283457193,1.0000354,1,37.5,
