4320,131.872592711512,110.652310553162,94.9677541752514,513.797649080254,11.7449502384744,90.8351192860191,97.7326791347173,76.8663493836594,42.2845325295164,7.45206509774124,7.38418364511613,3.29308996265906,8.08388404783939,5318.41510910661,69.1904214490667,790.018813722617,7.08098750774879,1.0000354,1,0,
4321,134.117239165869,113.368464959819,98.0324144596952,506.853592807487,11.701523972325,93.5614146907666,98.0506564939392,77.2498839689328,42.3833199267609,7.45110827310993,7.38304395823845,3.16470411204873,8.12027053571486,5226.18888656324,67.6530321866247,802.34451405402,7.08205006010449,1.0000354,1,75,
4322,132.156321276793,111.286700680205,95.8613289349014,511.11442701813,11.7902514087455,90.8485227218758,97.7547717027194,76.9448699335973,42.4137504301482,7.45032849240146,7.38260946693024,2.97518398624425,8.04267007827773,5235.87229460791,68.0470614756567,792.585963685493,7.08120060222906,1.0000354,1,75,
4323,131.592703505401,110.905284658347,95.6145837713938,516.687562513576,11.8897763790246,88.1394209312497,97.4482359979492,77.0715431574768,42.4086115118943,7.45228038520223,7.38254317233283,2.74798832819595,7.8580600724274,5198.70511643197,67.4529781479746,798.129744689253,7.08177941892853,1.0000354,1,75,
4324,130.328703363345,109.758755688395,94.5548813199535,519.054000930996,11.948884945641,86.8039536571301,97.2914321235001,76.9219945220018,42.3227997167057,7.45257662249401,7.38330690765236,2.55425775343843,7.67674640124939,5159.15463630853,67.0699540276855,797.741114974808,7.08303470396271,1.0000354,1,75,
4325,129.408651361297,109.076492468295,94.048375025642,526.070538456317,12.0543813516642,84.5445393943405,97.0091203274989,77.5088566159618,42.2308298684988,7.45450428496821,7.38413824419672,2.32480864853239,7.45134381537141,5138.42056415388,66.2946247499631,790.756812814285,7.08432388057324,1.0000354,1,75,
4326,128.494648892635,108.713512205635,94.0926720456786,522.820257020143,12.050096283482,84.1417148849395,96.9887633630973,78.2924481339645,42.1731102272211,7.45745942517326,7.38462152925656,2.08049724348298,7.19502031162243,5049.7041999949,64.4979729252361,792.094108189948,7.08657790197468,1.0000354,1,75,
4327,128.328180459196,108.882536402408,94.5096690560863,526.635134243953,12.1207138836695,82.8272254543691,96.8234067192206,79.1392198573483,42.0638842064572,7.45879198384709,7.38563901547681,1.83070706618297,6.92535352311794,5017.74883044226,63.4040724622628,790.624826551654,7.08816229552242,1.0000354,1,75,
4328,127.23574754853,108.109349112023,93.9724459198222,520.683311706827,12.0864216191208,83.2478502780975,96.9097629213021,79.9591021025946,42.0353513495723,7.45982918818945,7.3858267654461,1.58383356491334,6.65386328616267,4986.50121204344,62.363146670223,789.667277762346,7.09025476415066,1.0000354,1,75,
4329,126.61770423421,108.130658097459,94.4663196485554,528.371894453767,12.1991359364255,81.3483991750125,96.6576169332302,80.8034326334528,41.9686828181904,7.46191229448615,7.3864105666292,1.33967596232221,6.36784664386426,4870.70870670036,60.2784875340045,787.142626632021,7.0919058754083,1.0000354,1,75,
4330,125.873921927092,107.784446388182,94.4139644681184,526.933744845165,12.2133107195558,81.0013016080077,96.6306222297793,81.6845896296103,41.8804555350517,7.46306608779654,7.38721940704246,1.10188841415378,6.08288582759571,4817.9349162999,58.9821769093325,790.097079027911,7.09368089981296,1.0000354,1,75,
4331,124.991725561313,107.14809638938,93.959327001429,527.498818555511,12.2493190643071,80.5412619146884,96.5757301572725,82.3478441759772,41.8141417006372,7.46294099034115,7.38780304116586,0.90283427888125,5.85687865009397,4791.04494338503,58.180575233355,784.356085965014,7.09492294850693,1.0000354,1,75,
4332,123.941048143238,106.38141678311,93.4025588212768,527.63131970236,12.2807114620724,79.9020423052218,96.5112090169898,83.2849627209259,41.8043792647821,7.46526929577882,7.38780060546758,0.680873176289964,5.62179000667845,4768.44537188344,57.2545777304567,785.689012299628,7.0964513275779,1.0000354,1,75,
4333,123.478165736949,106.52758358568,93.9988924303935,536.996591023125,12.4151558902355,77.8416417859878,96.2176081567758,84.2366818631481,41.7247375857258,7.46852473566882,7.38852524524889,0.469264840082702,5.36226690664923,4655.65394058263,55.2687242375746,791.508434257461,7.0989482099997,1.0000354,1,75,
4334,122.692821493017,106.116939234729,93.8652001742553,534.027684371517,12.4125690251779,77.9033073798102,96.2426801353157,85.309960082873,41.5668391021476,7.46792909215001,7.39006859961186,0.250566384836369,5.12243636345044,4610.74616443962,54.0469853691244,785.575591182574,7.10093125489068,1.0000354,1,75,
4335,120.742605089189,104.915447656327,93.2171139016033,542.872402635096,12.5431157033047,76.1201531649929,95.9827377644266,86.6023005933868,41.6167555915295,7.47140514967387,7.38944574129906,-0.0165529555066413,4.75605278084653,4469.17307074627,51.6057083948593,782.802358481494,7.10246413552975,1.0000354,1,75,
4336,118.682327905545,103.156319885424,91.6805748270739,549.741510882507,12.6526650528353,74.5701796440687,95.7560117256186,88.0339653953708,41.634864986701,7.47532885105749,7.38915640628009,-0.200256823205089,4.4575454446365,4456.61268916734,50.6237867299533,785.717020141667,7.10544989003411,1.0000354,1,75,
4337,114.254125835058,98.9424690807506,87.6251575666971,590.037707729277,13.1485492618303,68.911775012899,94.6428030080014,90.5088088625056,41.6627266428356,7.48038439170293,7.3887692206956,-0.404877835442023,4.01541491094068,4518.64118081294,49.9248773417993,779.792344104822,7.10930013853104,1.0000354,1,75,
4338,109.647744728148,94.8686985398991,83.945055705106,618.543759167005,13.5134011658465,64.650935661566,93.6512341325274,94.427631592196,41.6000072162814,7.48600520799356,7.38933354124199,-0.581734073103515,3.54332780664694,4550.30308640202,48.1882581367007,789.839372725027,7.11493845505834,1.0000354,1,75,
4339,103.128118939331,89.1122333309177,78.7526657073076,638.007008283246,13.7725275063686,61.7234299464469,92.87417036216,99.5418784171265,41.6864123309256,7.49035300379971,7.38835279338313,-0.797096974329868,2.88383132404045,4549.05510732056,45.6999122345062,780.9414163098,7.12012448518849,1.0000354,1,75,
4340,93.8562669639653,80.2507183105738,70.1944432189367,637.49349953809,13.7912411408355,61.8247409561494,92.9437614275187,99.3735753772423,42.097443587323,7.49124934761061,7.38402337476835,-0.948896121867316,2.25805579882995,4408.40815445547,44.3619758846379,750.472279222565,7.12243652741151,1.0000354,1,75,
4341,66.3687073809119,52.2665886278594,41.8432834625597,634.251613716098,13.6975563965129,60.4395524033466,92.6088122783077,78.8418697458526,43.2943598827064,7.49635792055886,7.37179192784253,-0.932549661020924,1.42755856718979,3625.234499598,45.9810822762573,650.136272801983,7.11916789634711,1.0000354,0.989535537962272,75,
4342,50.4933411078787,37.0172976941085,27.0567438665393,659.135183122435,12.7506410781286,54.0300639518357,90.4023238363745,73.6731498479677,43.5841071725773,7.50661036477356,7.36883371036707,-0.962639198485812,0.757654361616381,3237.17711375762,43.9397137279712,550.98630905849,7.11122618632419,1.0000354,0.823891469754975,75,
4343,49.0385128055391,36.1485134190465,26.6211225681607,709.113475769316,13.1040292123204,51.9059675713059,89.3961582667375,76.1305126586078,45.3930053671551,7.50344955947875,7.35086547044937,-1.10309007232491,0.537481092088349,3199.6794548392,42.0288704633782,543.73381256191,7.10435818113064,1.0000354,0.782533903609448,75,
4344,48.7132384278142,36.3250638298546,27.1685869531018,736.054248175352,13.523674635775,51.724704947079,89.1379169525395,79.8856030636307,48.1661175448835,7.4938358967661,7.32407300946041,-1.20380252330558,0.37095680391664,3226.78966597866,40.3926307398399,546.266687180949,7.09993281288693,1.0000354,0.786559320917556,75,
4345,51.5293770941267,39.6355212099151,30.8444103389761,918.322060170758,16.648105119062,53.8235356484103,90.3570296569115,91.1112128156735,52.4822553855867,7.50202792157935,7.28452416316898,-1.28286747971007,0.216887671223914,3533.37165981175,38.7808651714481,558.390174768805,7.09446411686022,1.0000354,0.873548416448982,75,
4346,69.4375751662613,58.9224384229556,51.1503808300774,1449.00941403121,25.4409225681628,65.1163731564973,95.4160783074126,128.095262339078,55.0054751700111,7.60459807279392,7.25999261300686,-1.43076544525506,0.208178847449851,4391.80262522663,34.2854415146222,567.429344565877,7.12858664909824,1.0000354,0.991428138853718,75,
4347,83.7078848719658,73.4943855223685,65.9452773074488,1665.68469209258,29.1658940019921,79.9773835864054,97.9217224557807,147.865426097498,54.3640929042475,7.65465125450746,7.25891263576769,-1.46149583865084,0.475934320822033,4924.20388432096,33.3019287488752,556.950333780971,7.18932906721058,1.0000354,1,75,
4348,92.6552754500192,82.3979480196259,74.8164451362918,1781.15949025749,31.2364816116094,80.8165892471738,98.1209520457715,157.430790369183,51.4478147804475,7.67872747560973,7.27520365555903,-1.43165644216805,0.72601632867166,5265.24660313381,33.4448336998534,573.569291498207,7.23693934254634,1.0000354,1,75,
4349,97.8749547527594,87.6105411492195,80.0238006596465,1815.9797447222,31.9070598530653,80.6836756218241,98.1548101805565,161.67106902659,49.0419637618321,7.687078767354,7.2870757567677,-1.4095870520944,0.898218673920674,5410.79743295731,33.4679387322378,589.488739877381,7.27191351232635,1.0000354,1,75,
4350,100.092410999467,89.7968877548568,82.1871531827539,1813.81449091383,31.904880920342,79.8896257552525,98.1033165028734,162.377599641113,46.8824915427498,7.6892000183185,7.29678676403416,-1.41135790096354,0.983395707078551,5450.91440351447,33.5693741967,598.273391848034,7.29416885074808,1.0000354,1,75,
4351,100.453312907319,90.1806121271302,82.587746333078,1793.0380954837,31.560747997012,78.8082554065684,98.0237172572716,160.948773741964,45.0521746254239,7.69115808078317,7.30373116430233,-1.41976826548651,1.02802766216141,5390.97269544564,33.494959732272,598.093356448514,7.30822131856131,1.0000354,1,75,
4352,100.089558522313,89.8030093781939,82.1999078368883,1781.60737754302,31.3786590558769,74.0288485855354,97.5665439957991,159.183616381939,43.1348637722694,7.69355080299208,7.31204068303305,-1.43566179599669,1.04076479624604,5339.03654912634,33.540113426724,612.854036000469,7.31619966551831,1.0000354,1,75,
4353,99.7306537661521,89.490270433881,81.9212914491589,1810.54972224437,31.9235017077434,67.5828682771252,96.8285076550026,160.471225666203,41.2203883378614,7.70233202032936,7.32107503958103,-1.4458740165958,1.02293658505278,5358.06780873188,33.3895861173094,624.253995772558,7.32569422842204,1.0000354,1,75,
4354,101.758574150607,91.7035553066423,84.2715848567552,1826.51112166061,32.2459422348236,67.1435636598883,96.8146382154488,162.725615159585,39.7984125718779,7.70688466266387,7.32534314458241,-1.45285998838176,1.00402393100449,5334.99028048089,32.7851904277569,638.92718186766,7.33782945591818,1.0000354,1,75,
4355,105.119497286022,94.9511309306744,87.4353818854178,1761.92984111777,31.1137553125287,79.6944502843314,98.1849954852723,162.738725536695,38.5999862357713,7.70208256598267,7.32729938051046,-1.41666649661143,1.12501641645308,5395.56485635852,33.1547690235654,633.702143745767,7.34657813475751,1.0000354,1,75,
4356,108.265328296381,98.0354962011732,90.4743159568894,1699.47049231393,30.0160230407998,84.1462227646342,98.4997627255787,161.684758223567,37.5951974616039,7.69192607586972,7.32724423358168,-1.3704326636967,1.3160891964924,5393.02469365532,33.3551829678232,636.963779810252,7.34735913127767,1.0000354,1,75,
4357,108.54622296163,98.2042239972642,90.5601378062111,1651.80862118419,29.1744293072112,83.4808946122063,98.3881306280523,157.481618005407,37.1570173933632,7.6736749921069,7.32087384697095,-1.36574147986578,1.37163402507507,5310.42378010252,33.7209119855512,641.373379603125,7.34111089931938,1.0000354,1,75,
4358,107.981035476724,97.6690676492306,90.047178385431,1724.99948717271,30.4326883693434,70.5927286675852,97.1435187203883,158.453249065364,36.6554064491759,7.68056802922875,7.31556151361242,-1.39177167662064,1.3593602436245,5327.67249524255,33.6229930699926,649.284035781472,7.33491872467668,1.0000354,1,75,
4359,109.985467023253,99.7734337962767,92.2254092372074,1789.00335171804,31.5763166013181,68.8280938624403,97.0195237549803,162.74685571463,35.7941259878884,7.69446550520744,7.31471245330762,-1.41921660221394,1.35431304392167,5419.00619646911,33.2971483392044,663.571634397433,7.34025381706926,1.0000354,1,75,
4360,111.676273318572,101.748950424491,94.4113639375609,1798.88899495901,31.7719064008837,72.1356425315286,97.5091074021297,164.522110530943,35.4707486998326,7.70560284314079,7.30723158026011,-1.44735483975869,1.3750490665462,5325.38783290447,32.3688276044994,658.939504694536,7.34855799111686,1.0000354,1,75,
