4320,121.398646987431,99.6764119942084,83.6208469992181,505.909412722938,11.6338266124124,91.2746273992189,97.7825292125677,74.1466100727248,43.1348960786985,7.45424232890633,7.38805091635134,3.24906807794226,7.22886686705452,5251.58778532048,70.8270786779004,787.017387947462,7.06898260949174,1.0000354,1,0,
4321,122.947588393927,101.553154713672,85.7398776456572,500.317400973038,11.6472051189493,91.729895114319,97.8628675800971,75.1356457148006,43.1620614171432,7.45382863253391,7.38748963109868,3.04244831195786,7.22306314976233,5241.33163613929,69.7582563678803,788.756787141114,7.06931764107715,1.0000354,1,150,
4322,122.707938826145,101.576164884944,85.9570276240571,502.82693805765,11.755645277677,89.5368329756992,97.6324395761173,74.8258390203983,43.2429309028083,7.45340590912677,7.38639889598219,2.74392647628792,7.12266066488949,5155.6374906106,68.9018333520473,794.815901105954,7.06998094542421,1.0000354,1,150,
4323,121.012598911285,100.069607933801,84.5900059069645,500.033873652056,11.7961560796383,88.9593770607148,97.5893042008088,74.8693632994912,43.2447272543577,7.45285490153847,7.38610929502396,2.40499663787822,6.94900750908495,5112.55116301485,68.2862914509331,788.484889250976,7.07030467520319,1.0000354,1,150,
4324,119.835249311065,99.278895892338,84.0850694524091,507.938740895831,11.9591114664859,85.8327064939899,97.231264151395,75.4618222699557,43.2427212716527,7.45458164525883,7.3858635277382,1.99962058432464,6.67952760523471,5057.87609344604,67.0256288716709,786.236857486883,7.07084940748785,1.0000354,1,150,
4325,118.826032753276,98.796994899037,83.9929234415559,515.739704223994,12.1109741781146,82.9519136374674,96.8820530299954,76.4107698276836,43.1660348111659,7.45729208173532,7.38637301575472,1.56086171432255,6.33078340957672,4990.10270463442,65.3062744412569,788.554710020284,7.07332114856176,1.0000354,1,150,
4326,117.622044538849,98.2940834702594,84.0081992021713,526.097605924756,12.2940037167277,80.0200574306449,96.4959283242913,77.5776977631054,43.0581330681579,7.46024909679308,7.38720214764828,1.10866001562146,5.92321297892273,4888.9742624737,63.0203576987149,798.58939270512,7.07676265592664,1.0000354,1,150,
4327,116.147873142327,97.5943644150016,83.8809014426308,536.864236649712,12.4864374969086,77.1198856453649,96.0910167519203,78.9225051274217,42.9288073059766,7.46453994568672,7.38825332882784,0.655122192409494,5.47292634959297,4774.43226719773,60.4951941083133,794.128640824921,7.08107436258636,1.0000354,1,150,
4328,113.777628782764,96.0784838868064,82.9965072245771,558.672435304957,12.8116061994398,72.8187920775532,95.3847141687869,80.6402728843984,42.7712686777292,7.47023561988451,7.38959693380787,0.145455641643355,4.89802816443373,4653.70762933884,57.7094727346737,793.789282946159,7.08678877160139,1.0000354,1,150,
4329,104.595494911554,87.6166257718295,75.0670268424681,623.119898363757,13.6530773947344,62.6912401627469,93.0756503446158,83.8560059697961,42.8280868973357,7.48231752379021,7.38877116122731,-0.39210965796985,3.97080704895882,4642.34867512622,55.3609562181907,804.282563697628,7.0961786030971,1.0000354,1,150,
4330,90.1757013224491,74.3403618917462,62.6359805734005,771.062958841599,15.5818161270533,53.6385211264274,90.2094628587909,90.6241597459408,42.8336777983416,7.50472596661503,7.38848167878094,-0.830889592119406,2.7720933648502,4679.14163780028,51.6323864510078,790.833612247733,7.10976755096039,1.0000354,1,150,
4331,47.4112852218836,33.4179855009759,23.0751117942181,691.3515487721,13.5569407257906,52.4860686110986,90.2652441908726,69.2672390752431,42.843358252227,7.52718457811612,7.38817552243331,-1.05878086021475,0.824890976122201,3160.40569318371,45.6262691479683,508.675184321162,7.12500564363851,1.0000354,0.85654949035433,150,
4332,43.0151845068393,30.4856636854955,21.2247135131979,603.519244503149,10.2913855290802,49.1925395882136,87.7995426066736,72.9660306282223,44.4051629440893,7.48812243551656,7.37220183725545,-1.30564369616362,0.260864654995598,2980.91783208119,40.853501367912,468.103918399312,7.10159469912247,1.0000354,0.564066058193241,150,
4333,41.4748906498554,29.6883821849576,20.9766150587288,630.382379885307,10.1834227750694,47.4821625477831,85.894566011825,77.464710504112,49.9999379829174,7.45173914021193,7.31913536866851,-1.39290608866998,-0.0422729048847996,2977.03469710699,38.4308503540972,451.946929359199,7.06939995038218,0.999856817504985,0.491539847786583,150,
4334,58.8829662945449,48.6585483167043,41.101369811344,1719.10891128449,30.1072032083996,50.066135972758,91.7023735550102,133.965719147567,57.429440367111,7.63697754665422,7.2549600783493,-1.62379727368058,-0.243482113014701,4466.086155143,33.3375298065878,581.669984902989,7.08763386698235,1.0000354,0.91912919054545,150,
4335,45.8421878681965,33.6742040572851,24.6804768926984,928.069605041322,17.9694579509686,76.6039783257201,96.5578829707696,83.365948777491,62.0970832040315,7.48794180220919,7.21406115296172,-1.16715043051535,0.118694756894633,3307.51743461592,39.6746811272296,447.711512834443,7.14128802554736,1.0000354,0.945613778828556,150,
4336,43.6689823180448,31.5886965685828,22.6597897102848,1467.1335428699,26.55002641491,58.565201277247,94.159207386094,83.1159998298044,80.4296878736808,7.60319882294445,7.09242740812127,-1.20754047652055,0.0488853847862472,3273.83405892892,39.3887346074488,419.113086612161,7.13238289882522,1.0000354,0.930041773125747,150,
4337,43.6340215403943,31.6992134615047,22.877833577108,1568.906326147,28.6247914346063,55.4887134579909,93.7107638204315,84.4576589887356,82.3878358802817,7.62640470263666,7.06905208008017,-1.22467138761462,0.00963511781228243,3286.61853936419,38.9143930665013,410.410243117446,7.15709280679445,1.0000354,0.931410417828309,150,
4338,46.5805263670026,34.8588997663649,26.1950888006762,0,15.5614896641628,71.3885137399839,89.2170757868711,86.0988757501514,93.3669235854236,7.05278426172408,6.99742715121418,-1.23545198534614,0.00915838087372256,3290.63857804491,38.2192978639343,445.395419642773,7.07169854531849,1.0000354,0.96955735475729,150,
4339,80.7292040527763,72.4768429901531,66.3772717699533,0,7.31341992351055,23.6725152269154,20.8351673417721,187.319693680013,141.532634867977,6.79444377744636,6.79413946207422,-1.7840154501031,0.0520448780649287,5040.30110640937,26.9074810415792,1129.9599002033,6.78674979022653,0.714586137791579,0.254776713437753,150,
4340,42.9832983281659,39.6906225288224,37.2569056336554,0,0,12.4424569406854,8.45678051637752,202,101.660582687969,6.98874608997686,6.91586084918318,0.322170456801541,4.33888378100032,2168.67844449183,10.7360319034249,620.672204619924,6.67344736069957,0.177379049520053,0,150,
4341,5.87747438396302E-10,5.87747438396302E-10,5.87747438396302E-10,0,0,0.631673892281777,3.25177381418238,0,0.283381463025066,9.48850677409373,9.46692648970715,-0.000349103954861985,3.07801335694715,0,0,9.9940966713116E-09,6.68852471239139,0,0,150,
4342,1.59281148616884E-13,1.59281148616884E-13,1.59281148616884E-13,0,0,0.0980829813442136,4.44185104749088,0,0.0018913172280969,11.664261505446,11.6428648274019,-0.000146287636004327,3.07187543021465,0,0,2.72304280337585E-12,6.68717210241997,0,0,150,
4343,1.59281148616884E-13,1.59281148616884E-13,1.59281148616884E-13,0,0,0.01559384263925,6.31334751872153,0,1.27339348345337E-05,13.8363658866135,13.8149704341654,-7.90030573472045E-05,3.06961741315837,0,0,2.73736456662864E-12,6.68553034465926,0,0,150,
4344,1.59281148616884E-13,1.59281148616884E-13,1.59281148616884E-13,0,0,0.00197532827726188,5.4777258944361,0,8.57382169934759E-08,16.008469647846,15.9870742036496,-2.50643495731673E-05,3.06878673510553,0,0,2.75138327528265E-12,6.68381027490613,0,0,150,
4345,1.59281148616884E-13,1.59281148616884E-13,1.59281148616884E-13,0,0,0.000325809722947011,8.38128668055971,0,5.77296215134975E-10,18.180548712186,18.1591532680452,0.38762050352333,3.06848114572767,0,0,0,6.68209869822002,0,0,150,
4346,1.59281148616884E-13,1.59281148616884E-13,1.59281148616884E-13,0,0,2.42352405473591E-05,2.26105510995823,0,3.88712918986547E-12,20.3526157731212,20.3312203289808,-1.62961870620038E-06,3.0683687256781,0,0,2.77849579330584E-12,6.68043318250485,0,0,150,
4347,1.59281148616884E-13,1.59281148616884E-13,1.59281148616884E-13,0,0,4.87673615927873E-06,5.45669200289744,0,2.61738843921261E-14,22.5246649534846,22.5032695093442,1.35537762400162E-05,3.0683273686531,0,0,2.79160174940431E-12,6.67880106992287,0,0,150,
4348,1.59281148616884E-13,1.59281148616884E-13,1.59281148616884E-13,0,0,6.26486883876394E-07,4.879600380629,0,1.76254137257416E-16,24.6966502634525,24.675254819312,-3.91825989876082E-07,3.06831215425385,0,0,2.8044335983008E-12,6.67722663356441,0,0,150,
4349,1.59281148616884E-13,1.59281148616884E-13,1.59281148616884E-13,0,0,1.05655374607474E-07,7.85750661215446,0,1.18692483004144E-18,26.868610063664,26.8472146195236,-1.83297196088006E-07,3.06830655718916,0,0,2.81698610515552E-12,6.675696411994,0,0,150,
4350,1.59281148616884E-13,1.59281148616884E-13,1.59281148616884E-13,0,0,4.57046582791723E-09,0.615482297216864,0,7.99917564143346E-21,29.0398936187762,29.0184981746358,0.000125108030987864,3.06830449814413,0,0,2.82925872493336E-12,6.67440938945404,0,0,150,
4351,1.59281148616884E-13,1.59281148616884E-13,1.59281148616884E-13,0,0,6.52098351897098E-10,0.695085364823625,0,5.39106472808621E-23,31.2111625825307,31.1897671383903,0.0100583692524485,3.06830374066379,0,0,2.84130191286252E-12,6.67317715365461,0,0,150,
4352,1.59281148616884E-13,1.59281148616884E-13,1.59281148616884E-13,0,0,4.07352567165513E-11,0.11824642956935,0,3.63334458367999E-25,33.3824260894269,33.3610306452865,3.19231703116429E-06,3.06830346200235,0,0,2.85309869436011E-12,6.67198269874337,0,0,150,
4353,1.59281148616884E-13,1.59281148616884E-13,1.59281148616884E-13,0,0,3.22091403844973E-11,6.4332378342648,0,2.4477726806088E-27,35.5540246891684,35.532629245028,-3.05565928115925E-09,3.06830335948853,0,0,2.86467092265793E-12,6.67072457370526,0,0,150,
4354,1.59281148616884E-13,1.59281148616884E-13,1.59281148616884E-13,0,0,5.02028344252486E-12,8.69544262338438,0,1.65005775639489E-29,37.7250961545566,37.7037007104162,0.144127523726776,3.06830332177581,0,0,0,6.66965155680512,0,0,150,
4355,1.59281148616884E-13,1.59281148616884E-13,1.59281148616884E-13,0,0,6.54178400888441E-13,8.03928859841154,0,1.11206057521335E-31,39.8963651482637,39.8749697041232,-5.206901576571E-10,3.06830330790207,0,0,2.88710174968272E-12,6.66855579770508,0,0,150,
4356,1.59281148616884E-13,1.59281148616884E-13,1.59281148616884E-13,0,0,4.01568985907132E-14,1.39979619464763,0,7.49869354420315E-34,42.0671784170419,42.0457829729014,0.00239211209990753,3.06830330279821,0,0,2.89797642524456E-12,6.66761902564678,0,0,150,
4357,1.59281148616884E-13,1.59281148616884E-13,1.59281148616884E-13,0,0,9.55983404744509E-15,4.95429758282403,0,5.05374857931936E-36,44.2384499536106,44.2170545094702,0.000491886458151125,3.0683033009206,0,0,2.9086611110757E-12,6.66657178418604,0,0,150,
4358,1.59281148616884E-13,1.59281148616884E-13,1.59281148616884E-13,0,0,1.29896966312513E-15,5.00743063598533,0,3.40543523472386E-38,46.4098595581745,46.388464114034,-1.61364255291119E-11,3.06830330022987,0,0,2.91915155164528E-12,6.66550614905061,0,0,150,
4359,1.59281148616884E-13,1.59281148616884E-13,1.59281148616884E-13,0,0,2.24567880476627E-16,8.48866400434794,0,2.29485722988271E-40,48.581221055172,48.5598256110316,2.74650209242111E-08,3.06830329997576,0,0,2.92944653554089E-12,6.66447968254096,0,0,150,
4360,1.59281148616884E-13,1.59281148616884E-13,1.59281148616884E-13,0,0,5.69177133300476E-18,0.196783010536909,0,1.54673199453951E-42,50.752429851237,50.7310344070966,1.19459997449667E-13,3.06830329988228,0,0,2.93954594826953E-12,6.66351479436048,0,0,150,
