4320,122.454655937317,100.748123900037,84.704165437699,508.370006180305,11.6582586668928,92.317725892431,97.8919310233773,74.7969206794716,42.6893498562965,7.45153457675299,7.38457167934184,3.30893925131917,7.35913905208674,5293.81772817606,70.7758779383678,778.548272429426,7.07521561037039,1.0000354,1,0,
4321,123.977035759883,102.433327883229,86.509717713529,505.274966414284,11.7023909361482,91.8841045050417,97.8669483426188,75.3903432204954,42.7167387177546,7.45057131877859,7.38401564193375,3.13294498158234,7.35711153927966,5295.79290925436,70.2449767839055,782.872254912947,7.07523461353522,1.0000354,1,150,
4322,122.860642342807,101.536115375027,85.7745084857982,502.363212075705,11.743635369399,91.4476305299727,97.8416294550011,75.6772875550252,42.804852981234,7.44991495807689,7.38285292234425,2.72908855841999,7.23811700092206,5261.86601737419,69.5303199595819,782.190507866709,7.07537861433856,1.0000354,1,150,
4323,122.57507993005,101.836700273639,86.5083327015091,513.352021571807,11.9441385972934,86.7621312517214,97.3082393890555,75.9458083954986,42.8198690342406,7.45208296902248,7.38244033256896,2.3491789784619,6.98393707218247,5135.3902449144,67.6191399289757,785.654191664252,7.07690533111873,1.0000354,1,150,
4324,120.831709786449,100.619329799689,85.679744592084,510.451383821888,11.9795359030797,86.091890082896,97.2555218205639,76.6991511388381,42.7497192024523,7.45254845965454,7.38289735359417,1.89146001110515,6.64711068584357,5054.78669181569,65.9040760785695,785.847386490537,7.07809229248877,1.0000354,1,150,
4325,119.914206020745,100.219683952609,85.6628632935521,521.032632789835,12.1604904126518,82.8282019065127,96.8486281445579,77.6053653018811,42.7349075796782,7.45485875337239,7.3827972190409,1.5129161514582,6.3016290767261,4983.47191863382,64.2155590563663,790.979192911158,7.08018555942646,1.0000354,1,150,
4326,118.626130001502,99.576905958854,85.4970447099404,526.038586267538,12.2836600462009,80.7705961355818,96.5937817638754,78.7668497889176,42.6377856194763,7.45734684272767,7.38353848961455,1.07930036135274,5.91340192774018,4892.32824672793,62.1115134074624,791.073845306901,7.08319971529737,1.0000354,1,150,
4327,116.74576727971,98.3489892337207,84.7513706779895,532.791738003934,12.429121105522,78.464236397433,96.2948845063052,80.2698041462786,42.5593710367718,7.46131665632635,7.38409327084805,0.554352998889579,5.39332537002435,4814.91687371394,59.9841612287921,782.621511786793,7.08715395519666,1.0000354,1,150,
4328,112.97285271148,95.7551291252504,83.0289856049941,573.149684505481,12.9664305627815,71.3619468693812,95.0877808362701,82.4584101906649,42.4526147042788,7.47092061260661,7.38493983060696,0.0299035077592227,4.63859573337316,4629.19537293974,56.1397601801425,793.024861764283,7.09377564391774,1.0000354,1,150,
4329,106.703568545286,90.236625653124,78.0654069937001,591.23567488908,13.2589494671322,67.5660620490067,94.3541038238385,85.2030369171376,42.2730162660817,7.47777861708092,7.38654126485041,-0.421075197322661,3.94229653503058,4574.70270345824,53.6917798822977,772.356315237305,7.10236363571374,1.0000354,1,150,
4330,92.5856259117653,77.1570682644966,65.7533517426023,671.291690992783,14.3108666916955,57.4651472468301,91.4871672943017,91.0203165104239,42.3569927063359,7.48895332760966,7.3854556574676,-0.834937827005355,2.78449299133449,4578.87186718232,50.3060420214858,782.480275914465,7.11138280440039,1.0000354,1,150,
4331,46.9092570130646,32.8920004388564,22.5314194927026,607.535297230246,12.6861989120798,56.401387637314,91.4340158865106,68.5156399763474,42.7538545274886,7.50323719490618,7.38120652633966,-1.05149619911921,0.829836196308102,3131.46500833584,45.7043823777587,500.659794453069,7.1163057494966,1.0000354,0.882050802746899,150,
4332,42.1077251162761,29.6481154497233,20.4388387396625,575.554218725384,9.82053741481748,50.1535187439076,88.0356646117063,72.1766419840201,44.3721125010362,7.47583830818033,7.36477565162948,-1.31249927388166,0.216934878874342,2932.21581204414,40.6255504750877,454.717022351545,7.09095623036655,1.0000354,0.551226079355244,150,
4333,40.4785462594376,28.7874050624369,20.1461267863928,591.132615820177,9.31523487648498,47.9943775478192,85.836349865092,77.0480329521571,49.5271731072363,7.43787507828271,7.3158142804594,-1.37923550783938,-0.0698983031348535,2937.06313993035,38.1198977753801,437.229263495629,7.06011652736315,0.994578661265347,0.446766989713037,150,
4334,50.8795316134976,40.1237553002522,32.1738336774186,1385.20297627761,23.2343009213522,48.8757708174509,89.1609794070552,112.189166879831,58.9409386047662,7.54054571652081,7.23680086752659,-1.51224300890822,-0.217329181881011,3934.48148851174,35.0700660138254,560.264063747441,7.04895471953761,1.0000354,0.776356458133535,150,
4335,48.372631041096,35.9535783123245,26.7742784693195,597.9600915936,13.8079368044892,109.018623275095,99.6368388044838,84.8153781520812,63.4474123836359,7.60897177079317,7.19769984647228,-1.11007922000495,0.253363378861919,3434.45551449628,40.4933113466524,430.206102358998,7.15764105391449,1.0000354,0.996244867982014,150,
4336,44.0208484468236,31.9523969465455,23.0322371419921,1461.64852336535,26.4464155093709,61.9913453586163,94.7323259974238,84.3305550851016,78.1674368240937,7.58066641966262,7.09811397186376,-1.18705343322386,0.0824804899035492,3318.41983150488,39.3501480946748,416.552466325947,7.13586176205281,1.0000354,0.936965974025452,150,
4337,43.9531428233045,31.973281789294,23.1186018945906,1639.61398149672,30.8903219988796,54.3918768381107,93.7012979650496,86.2108770268048,85.9649289809503,7.6490365191932,7.0442583124782,-1.20467669807895,0.0318882703990222,3367.50822541684,39.0612918178504,402.747534693107,7.1639714621826,1.0000354,0.943135652901316,150,
4338,47.4485034647178,35.6803253118276,26.9821066770827,0,13.9935680380717,65.8132560517269,85.2445119187198,88.3648543032535,99.9927619474059,7.00975410658554,6.96133700226327,-1.22802969135101,0.0278812122947758,3390.6551508607,38.3710829106845,455.464681302283,7.06363427887579,1.0000354,0.979279537894374,150,
4339,89.4164880656606,81.6574814706159,75.9225635525394,0,0,21.3394463863635,16.173424847508,201.893501555295,148.983250094331,6.76525509511138,6.76485474901695,-1.77989222622837,0.498935068467024,5107.67532469918,25.2988594746834,1282.09049565801,6.76139946745374,0.626980589848607,0.181650527196909,150,
4340,0.00159809660455329,0.00159809660455329,0.00159809660455329,0,0,1.01862042884507,0.998626536411855,0,2.9993143027909,8.47286020663495,8.44807996185303,-0.000479302399175818,2.73577223777098,0,0,0.0269386386487952,6.71083433050758,0,0,150,
4341,3.9820287154221E-13,3.9820287154221E-13,3.9820287154221E-13,0,0,0.18179501533339,2.3179961950506,0,0.018481709275175,10.6812324136522,10.658508438975,0.0202127482267458,2.71651746655458,0,0,6.74909941003483E-12,6.71020191590966,0,0,150,
4342,1.59281148616884E-13,1.59281148616884E-13,1.59281148616884E-13,0,0,0.0333759401814802,4.57068573848095,0,0.00012438529017631,12.8534444641702,12.8307331831522,-0.000137204426254645,2.70943403208024,0,0,2.71407546716386E-12,6.7088516389121,0,0,150,
4343,1.59281148616884E-13,1.59281148616884E-13,1.59281148616884E-13,0,0,0.00259638473555017,1.32343697152245,0,8.3766529909791E-07,15.0253672901807,15.0026560945943,-2.89674330860024E-05,2.70682818216414,0,0,2.72823070600656E-12,6.70727233590804,0,0,150,
4344,7.9640574308442E-14,7.9640574308442E-14,7.9640574308442E-14,0,0,0.0005123690753787,3.09826716289945,0,5.64031251452616E-09,17.1974295829982,17.1747183879871,0.000752053716115419,2.70586954355317,0,0,1.37103283632836E-12,6.70559807369129,0,0,150,
4345,7.9640574308442E-14,7.9640574308442E-14,7.9640574308442E-14,0,0,8.90438226930632E-05,5.38536849693316,0,3.79787609832967E-11,19.3694819244985,19.3467707294913,-8.07481441311708E-06,2.70551688011669,0,0,1.37780499379404E-12,6.70393906741477,0,0,150,
4346,7.9640574308442E-14,7.9640574308442E-14,7.9640574308442E-14,0,0,1.58570310040822E-05,9.67922646537389,0,2.55777628454849E-13,21.5413659868681,21.518654791861,-4.79266387864996E-06,2.70538714248875,0,0,1.38443254767139E-12,6.70236329300288,0,0,150,
4347,7.9640574308442E-14,7.9640574308442E-14,7.9640574308442E-14,0,0,1.61198913780753E-06,5.2661268805529,0,1.72251171994052E-15,23.7132943186784,23.6905831236713,-9.95890501176433E-07,2.70533941468268,0,0,1.39092342780178E-12,6.70080894587332,0,0,150,
4348,7.9640574308442E-14,7.9640574308442E-14,7.9640574308442E-14,0,0,3.04729920462796E-07,10.7234934727814,0,1.1600832426096E-17,25.8851679733329,25.8624567783258,0.0251811764663907,2.70532185660406,0,0,0,6.69930575713015,0,0,150,
4349,7.9640574308442E-14,7.9640574308442E-14,7.9640574308442E-14,0,0,4.32793106561157E-09,0.0673181641406779,0,7.81525313181599E-20,28.0567877722996,28.0340765772924,-2.17968310067818E-08,2.70531539734791,0,0,1.40348310964738E-12,6.69791166847413,0,0,150,
4350,7.9640574308442E-14,7.9640574308442E-14,7.9640574308442E-14,0,0,3.91873219762679E-09,5.07039123181439,0,5.26506361896384E-22,30.2283942147002,30.205683019693,-5.33211879094608E-08,2.70531302112036,0,0,1.40958725669567E-12,6.69658085795893,0,0,150,
4351,7.9640574308442E-14,7.9640574308442E-14,7.9640574308442E-14,0,0,7.34385331191667E-10,10.166321256244,0,3.54613650454861E-24,32.4002181530671,32.37750695806,3.32092754184998E-07,2.7053121469551,0,0,1.41555540310641E-12,6.69520194114331,0,0,150,
4352,7.9640574308442E-14,7.9640574308442E-14,7.9640574308442E-14,0,0,5.96177654647658E-11,3.37885100791243,0,2.38997986784938E-26,34.571468157037,34.5487569620299,-5.44315525985439E-09,2.70531182536767,0,0,1.42140962162609E-12,6.69404367298446,0,0,150,
4353,7.9640574308442E-14,7.9640574308442E-14,7.9640574308442E-14,0,0,9.83279591600531E-12,5.23244221340792,0,1.6102436381955E-28,36.7430010488051,36.720289853798,1.35459310435238E-08,2.70531170706227,0,0,1.42714632902208E-12,6.69282536100747,0,0,150,
4354,7.9640574308442E-14,7.9640574308442E-14,7.9640574308442E-14,0,0,1.62350076311112E-12,8.03297183156884,0,1.08529604415993E-30,38.9142153832504,38.8915041882433,-1.07728492793058E-10,2.70531166354015,0,0,1.43277427391208E-12,6.69174118726129,0,0,150,
4355,7.9640574308442E-14,7.9640574308442E-14,7.9640574308442E-14,0,0,1.84104735812412E-13,5.50464198029295,0,7.31389446178841E-33,41.0855420351662,41.062830840159,-3.60580010294598E-10,2.70531164752925,0,0,1.4382965532767E-12,6.69065019890575,0,0,150,
4356,7.9640574308442E-14,7.9640574308442E-14,7.9640574308442E-14,0,0,1.93528599216711E-14,3.15956868051961,0,4.9296220207623E-35,43.2567397621196,43.2340285671124,-9.16275944007339E-11,2.70531164163917,0,0,1.44371490089819E-12,6.68962829472731,0,0,150,
4357,7.9640574308442E-14,7.9640574308442E-14,7.9640574308442E-14,0,0,2.98730094526093E-15,4.23615890171351,0,3.32198543898148E-37,45.4280991456656,45.4053879506585,3.01775493483092E-09,2.70531163947233,0,0,1.44903183864921E-12,6.68857966434295,0,0,150,
4358,7.9640574308442E-14,7.9640574308442E-14,7.9640574308442E-14,0,0,4.97557164637657E-16,6.66660287650837,0,2.23891711518982E-39,47.5993461525094,47.5766349575023,2.93242141680139E-09,2.7053116386752,0,0,1.45425350415421E-12,6.68759226367638,0,0,150,
4359,7.9640574308442E-14,7.9640574308442E-14,7.9640574308442E-14,0,0,8.77389283902466E-17,11.6203010088567,0,1.50922571103629E-41,49.7704413851652,49.7477301901581,0.175458707878622,2.70531163838195,0,0,0,6.68666840565362,0,0,150,
4360,7.9640574308442E-14,7.9640574308442E-14,7.9640574308442E-14,0,0,8.99536148093214E-18,6.50167663882365,0,1.01729460432399E-43,51.9415838839956,51.9188726889885,6.08893721527615E-05,2.70531163827407,0,0,1.46441285717515E-12,6.6857566847101,0,0,150,
