4320,113.8285296704,91.7876837871623,75.4966237865085,501.59830200556,11.5483774596642,91.8092202014434,97.8350076221037,72.0768301268527,43.084765814693,7.45443844932445,7.38831132210171,3.24350539597698,6.88394987925092,5179.86878034802,71.8659348813153,752.9248573766,7.09344039196113,1.0000354,1,0,
4321,112.710608551534,90.7374395891917,74.4964016605038,499.185853006906,11.5389803289711,92.3560718511605,97.9025204607742,71.7280972671841,43.1303366713848,7.45396969992027,7.38778827581132,3.22055540153369,6.88079647597201,5138.97881540293,71.6452688862003,747.965050634438,7.0929620999231,1.0000354,1,37.5,
4322,112.836498263598,90.7442921738296,74.4152702813923,502.282665615964,11.597159912483,90.6395100997907,97.7122674295372,71.7263554397125,43.1183246915075,7.45438598859026,7.38784811984114,3.150556417578,6.84962700379945,5166.69317508608,72.0333989286378,751.776925219424,7.09259610635872,1.0000354,1,37.5,
4323,112.691237254529,90.6723247304494,74.3974763430858,502.475701608356,11.6173942533065,90.2637148523194,97.6735129408528,71.9394965494902,43.0997517488229,7.45428674497366,7.38797647043629,3.07185969593415,6.80919507074168,5164.85438781198,71.7944194154717,751.778267316706,7.0929672066894,1.0000354,1,37.5,
4324,112.487658323369,90.5815840507603,74.3901378492671,501.534795913213,11.6223201928463,90.1279743825757,97.6646522086065,72.0997514418243,43.0910248810304,7.45447887444309,7.38800775014233,2.97170986917093,6.75380449592321,5149.83299024738,71.4265013021947,751.530581595078,7.09330550010121,1.0000354,1,37.5,
4325,112.077288879593,90.3220422834466,74.242077408034,502.266614685009,11.6471378196203,89.6179493550138,97.6100819971423,72.2519031117101,43.0889475399849,7.45470006525713,7.38797380223451,2.86116473074095,6.68276421448096,5125.16820172094,70.9347156405945,749.85686509243,7.0935647484934,1.0000354,1,37.5,
4326,111.522313146479,89.9381404352999,73.9846214748629,503.765181935484,11.6806097579378,88.8990443961462,97.5300373864508,72.4268708567119,43.0781277612009,7.45519609076767,7.38802937630339,2.74407285821338,6.60044323751254,5097.17977762408,70.3769156023357,746.947036476603,7.09380917879203,1.0000354,1,37.5,
4327,111.022196668677,89.5685783681243,73.7115561459769,506.926388487835,11.733502293309,87.7129576128008,97.3917914766939,72.4716217219366,43.0475352531868,7.45632429919647,7.38828576007274,2.59458784065461,6.46153396934231,5069.47926362028,69.9512325399749,752.252446480591,7.09429482724352,1.0000354,1,37.5,
4328,110.476373427293,89.122503000784,73.339207468147,513.072905318641,11.8204060692769,86.1495917321033,97.1952743222372,72.6455907853648,42.9656950966049,7.45713105667979,7.3890605811381,2.45958426338559,6.30839022737882,5058.02166034952,69.6259966457388,755.051000441873,7.09525082457413,1.0000354,1,37.5,
4329,108.364375460413,87.1840455505509,71.5290190954353,510.016651041293,11.7978373459824,85.9990219563747,97.1950103391117,72.4054975473954,42.9503045307124,7.45925330445687,7.3891649930659,2.29314354967357,6.08607805427801,5000.33480804845,69.0601539582725,741.120773967199,7.09702925084616,1.0000354,1,37.5,
4330,107.485952778339,86.5937403490445,71.1516702926096,513.072864968361,11.8469058494873,85.0614059659155,97.0785292338112,73.0882270086147,42.8187114146697,7.46023711730804,7.39044546858709,2.19662840263141,5.93181454535052,4978.82293582909,68.1207239469943,742.122657363724,7.09816923080948,1.0000354,1,37.5,
4331,107.646247933141,86.9091438328321,71.5817190630389,515.034688187941,11.8821793552842,84.3391972996332,96.991277977009,73.9673869110418,42.7047083773653,7.46147103771635,7.391551376862,2.10779995229303,5.82182879153077,5001.3034514843,67.6149808766289,742.925697940047,7.09918390829733,1.0000354,1,37.5,
4332,107.209336852322,86.8751273930389,71.8454943144383,504.862645823595,11.7752968927168,85.8681432314759,97.2065927907784,74.1590335847326,42.6614645862164,7.460876114054,7.39194015205881,1.9451719302836,5.65183319853099,4916.8411332,66.3013107847761,740.154221053596,7.10024741910078,1.0000354,1,37.5,
4333,105.760177736098,85.5556151724164,70.6218080601301,510.658387301284,11.8561789034557,84.4259567955417,97.0267712389309,74.0254989151638,42.680470450092,7.46294983604468,7.39169499753996,1.7803734698524,5.41119850287665,4876.69525180912,65.8785867474936,736.562861957572,7.10083723685818,1.0000354,1,37.5,
4334,104.302395211221,84.3370756470036,69.5801003169296,509.176621429357,11.8511221596924,84.5343554561578,97.043908841288,74.2289044443344,42.5953925754908,7.46227983003519,7.39250788199176,1.66841610935685,5.21389232184241,4832.19151454992,65.098515877648,735.329649665967,7.10103277089025,1.0000354,1,37.5,
4335,103.544179409208,83.8700367750607,69.3282791759082,503.720052033362,11.7988420540639,84.9231791845014,97.1171110921529,75.0984762963267,42.5387162728141,7.46415456982541,7.39303149740628,1.56328166467271,5.06217801511611,4817.50043834866,64.1491102873988,729.976958546396,7.10167927582639,1.0000354,1,37.5,
4336,103.72361413777,84.1355507262645,69.6574169003694,508.790546676362,11.8705280687803,84.0830783998528,97.0025271224435,75.8845089790822,42.4819609202594,7.46372773138197,7.39355614210896,1.44603704166091,4.92010392345423,4846.62536957959,63.8684421205859,733.009307738315,7.10196379578585,1.0000354,1,37.5,
4337,102.298701870899,82.9765425172736,68.6949464732899,495.255819303161,11.719600312034,85.9873750220194,97.2747552981208,76.0510514120027,42.5194344498968,7.46445678754858,7.39311737036356,1.30121614725297,4.72461748595866,4791.3258090991,63.0014407446168,730.026243208864,7.10301855384365,1.0000354,1,37.5,
4338,101.157780411751,82.0898139863781,67.9960996719724,498.767348085626,11.7747318287902,85.256444261231,97.1849897410691,76.3905222192883,42.5269344130436,7.46484193644383,7.39298318057724,1.18248736503261,4.53849263841112,4749.39924873776,62.1726244402942,723.210263654553,7.10294431214322,1.0000354,1,37.5,
4339,100.446435071231,81.7493572430151,67.9297779786813,498.832405655643,11.7872746723621,85.0807769326306,97.1681525719033,76.829561547535,42.5013750119231,7.46503189496685,7.39318529549659,1.0733643543287,4.38628001226024,4683.78457797989,60.9633126056823,731.346617859362,7.10298744188803,1.0000354,1,37.5,
4340,99.6481789540751,81.160270264535,67.4952942766142,498.968367883191,11.8005594116755,84.86629291091,97.1477136834504,77.3619909134436,42.484061730528,7.46549323715598,7.39330188155496,0.963473745616477,4.2345413816191,4663.48137945641,60.2812999561263,725.527197075147,7.10349290660893,1.0000354,1,37.5,
4341,99.2112357031124,80.9307793141631,67.4191376353745,505.168770040306,11.8854333311743,83.7142864238415,96.9949199266402,77.9574012651415,42.4281146657563,7.46577908814055,7.39381278782968,0.861656606503884,4.09357633591582,4646.64195243114,59.6048851939972,724.967002775541,7.10349639019049,1.0000354,1,37.5,
4342,98.1922692447117,80.1088743947975,66.7428868970347,500.932680150199,11.8468830029894,84.1814104012439,97.0698849124868,78.6092846602095,42.4095291437658,7.46625329668474,7.39394104536027,0.763575511148774,3.95966175553959,4634.98818196819,58.9623503381698,725.581668850715,7.10443475539484,1.0000354,1,37.5,
4343,96.8727402864743,79.0526311517554,65.8812461391371,502.463385182357,11.8760736015194,83.5537572114563,97.0011550632451,78.988656927924,42.4354776199949,7.46823568426513,7.39361314751033,0.659133633850792,3.8087624914183,4589.54793933143,58.1038862772325,724.761436061596,7.10508509528765,1.0000354,1,37.5,
4344,95.7996528262923,78.2560934840243,65.2891148397392,498.998917664809,11.8462902556047,83.8662422878405,97.053780014713,79.5345969652514,42.3852810919764,7.46863105334404,7.39406464992951,0.56159764145534,3.6606521534638,4549.55182560581,57.2021736351227,715.990323923848,7.10591617300004,1.0000354,1,37.5,
4345,94.3593719751577,77.1790664894169,64.4805798260432,506.498108784198,11.9441908716027,82.5718443848994,96.8778760558662,79.7821529917983,42.3979393546875,7.46905939300115,7.39387280712611,0.458712101156911,3.49280807183658,4469.21713803416,56.0177554808981,715.613598806749,7.10639410277781,1.0000354,1,37.5,
4346,91.9538592050067,74.9565406153351,62.3933051360126,516.973347163801,12.068454922477,80.669484674996,96.6108178242515,80.3174379566906,42.4250522914831,7.47088536165917,7.39353399226492,0.38356673270616,3.32432803508564,4451.28173421721,55.4211121203525,714.223868154924,7.10715673242386,1.0000354,1,37.5,
4347,90.0496432224614,73.2249874363979,60.789372290177,519.512242184521,12.1057291066358,80.0566387103347,96.5318000254458,81.0650700747955,42.4413698295053,7.47228236332014,7.39330785865272,0.295430412517026,3.14996990196528,4447.07825688904,54.8581312862112,705.289224486001,7.10809258639932,1.0000354,1,37.5,
4348,86.5741665593791,69.8773907750801,57.5362956301636,529.803368173731,12.2269186739497,78.3707738508606,96.2795594401102,81.1210000146926,42.5659396438571,7.47434359746649,7.3919791174513,0.20760495110195,2.93571906600621,4416.32201828694,54.4411683471242,700.518699406546,7.10863986320828,1.0000354,1,37.5,
4349,82.1265659482114,65.6507757575823,53.4730177905955,527.948460953896,12.2159504942228,78.4987003162737,96.3120171880798,80.7061423968853,42.6590096603682,7.47489264646484,7.39097910638467,0.135179219472491,2.68261180328013,4335.58458878975,53.7206272041702,684.588287184705,7.10905461459091,1.0000354,1,37.5,
4350,79.7808362647003,63.4525357765131,51.3837919374182,538.24600947171,12.3372235225067,77.1141111182765,96.0909498839565,81.8609062673324,42.8390247523947,7.47602889116053,7.38910371588701,0.0574151059612085,2.51606215075982,4358.25216026608,53.2397252729328,681.853993123904,7.10837264212479,1.0000354,1,37.5,
4351,75.7473175636103,59.6811199312502,47.8061042899406,545.885170763864,12.4228721004152,76.1993451705946,95.9324652799793,82.0496470078953,43.0584362419949,7.47591320395135,7.38684352872301,-0.0183826225956034,2.27483169519944,4298.18044194654,52.3851180192517,671.480350328031,7.10764581350918,1.0000354,0.999188091375885,37.5,
4352,72.495109064179,56.7620988833637,45.1333522279785,553.834759342915,12.4959358307779,75.2063321411292,95.7535429764479,82.9531590503502,43.2904944471487,7.47583227881294,7.38447332209401,-0.0862643658481423,2.07241901254845,4255.39202192493,51.2987337750698,655.841442744122,7.10662030454483,1.0000354,0.996371608713971,37.5,
4353,68.5658965369284,53.0024579364624,41.4990467969875,551.978675846809,12.4524025851144,75.522213823116,95.8100261306964,81.7712863128818,43.6728084063861,7.47498963415897,7.38062494505922,-0.156306740940728,1.8549303675073,4149.55196753258,50.7458321207659,638.419489256169,7.10463114187819,1.0000354,0.992608349155251,37.5,
4354,51.4936298443689,35.4587966450453,23.6069634107627,510.602451944652,11.4331458147195,76.8409490131011,96.04723933657,61.5230100365829,44.6243133490595,7.47406042111126,7.37124590606082,0.00985877845419614,1.58695696172475,3216.59841512652,52.2828517852729,514.75336066159,7.09618022462319,1.0000354,0.920921658332637,37.5,
4355,48.1583309538539,32.1943241576453,20.3948408734911,494.104332586727,9.59730245911737,67.9667224838423,93.8961157130768,59.8361974085202,45.666763392973,7.45391926794103,7.36120537173222,0.0798785103234549,1.52521742137487,3114.58876030087,52.0519166523336,470.110262430292,7.07415237561554,1.0000354,0.710595543400237,37.5,
4356,46.9982961989072,31.1505729231805,19.4370383280782,500.765754196511,8.82948491908885,60.1377379523353,91.1111687768401,60.5688327742959,47.3557229876729,7.43749189442762,7.34542387138174,-0.00404047576441879,1.41971319479116,3129.75906014005,51.6727649648261,455.924492708455,7.05110423306929,1.0000354,0.602748330534471,37.5,
4356.34937517543,45.8028850206983,30.4434381820729,19.0908035622194,506.080584930892,8.59968424597514,58.2186481776481,90.2267749879514,NaN,47.9645753584828,7.43233569746327,7.33987298592118,-0.0549285183551436,1.27966008657041,3050.2779581436,50.0807007210715,444.539121330116,7.0430516110203,1.0000354,0.565122281996284,37.5,
