4320,116.183895733406,93.5051122276917,76.7425331147726,487.605209269714,11.3880041173174,89.7947088232007,97.6400204904015,72.1172257693964,44.4095291890116,7.46499006112032,7.40459901701298,3.65845760187939,7.65378327284387,5332.7790317215,73.9459813495005,786.874623407165,7.08849179246605,1.0000354,1,0,
4321,116.346388806733,93.6442056062543,76.86433106677,482.213791058746,11.3595911859435,90.7666743413239,97.7662425906962,72.1817912048471,44.4525705084855,7.46398445349649,7.40403331857842,3.57054080628461,7.65202856580922,5343.06060929062,74.0222779194738,783.793023018205,7.08827767088117,1.0000354,1,75,
4322,116.097613087127,93.500382324869,76.7980813266784,484.298104518813,11.4268789431223,89.843577236786,97.6689550647792,72.2226832699202,44.4871148187705,7.4634555652715,7.403557264027,3.41411053646765,7.60424147094591,5321.37251266903,73.6800721288807,789.59044446644,7.08773077851556,1.0000354,1,75,
4323,115.45222011673,93.0371016098356,76.4694053221313,481.31685850643,11.4251529756982,89.9904910334167,97.7003606449781,72.3820007775755,44.5042263312243,7.46339490714994,7.40325624923397,3.21017854706846,7.50736899191809,5290.13121951411,73.086280604073,788.417618834521,7.0879409602066,1.0000354,1,75,
4324,115.323489373405,92.9295395836721,76.377489739087,492.124503669074,11.6016306766967,87.5280953662,97.4072848373225,72.7024422439994,44.4784672822019,7.4628067959606,7.40337709581331,2.98176247038745,7.35565785479064,5308.53300541834,73.0172583144068,790.491352585264,7.08799487560293,1.0000354,1,75,
4325,114.325146915812,92.5193989210406,76.402106924905,498.588560003328,11.7171114697115,85.3219216641308,97.1549041909166,73.2715333546707,44.4482488977947,7.46678288502551,7.40354253325579,2.66240591413007,7.05691131058348,5209.56055479306,71.0993794762857,790.996030655132,7.08971006085123,1.0000354,1,75,
4326,115.131411141494,93.5808483537661,77.6521715106631,509.074074492694,11.8752150459699,82.8710351117683,96.8406747773881,74.028791176745,44.2545347047824,7.46942759084511,7.40530617844986,2.41564544634919,6.79349388853785,5201.80533387549,70.2673277678693,793.445663771843,7.09211419275151,1.0000354,1,75,
4327,115.239626250066,94.4693696949291,79.1174409367841,494.296837635974,11.729170415228,84.3937218905273,97.0862928134997,74.6914479917634,44.1705453311926,7.47096543204731,7.40599697063364,2.16753708542211,6.55123850622741,5058.33469092131,67.7230770981855,789.962888927735,7.09560327881247,1.0000354,1,75,
4328,115.871057128464,95.3604718579013,80.2004740492246,493.957426032257,11.7560182698358,84.1733530267124,97.0673728969297,75.1820455044041,44.0840687620015,7.4704255222029,7.40671633615718,2.00849484468457,6.40409809881305,5027.90441086828,66.8763981763937,796.341256689964,7.09683191729244,1.0000354,1,75,
4329,116.029125808963,96.3230923900761,81.7577633413333,490.967680651281,11.7491665928575,84.0670511933337,97.0812256816565,75.517729624446,44.1425480056136,7.47243644208078,7.40601180734424,1.70629094734772,6.16697133035681,4852.24768454981,64.2530927330617,798.30228870021,7.09907360858323,1.0000354,1,75,
4330,116.325321711466,97.0074653251985,82.7290497353484,489.070294241274,11.7553458894132,83.9823218179789,97.0859597744667,75.819416290296,44.097800492079,7.472680808636,7.40632518495845,1.49652200744432,5.98752824417119,4775.66870355189,62.9874105765586,803.251532417086,7.10011525376552,1.0000354,1,75,
4331,116.551519880138,97.566970485648,83.5349122375467,492.688800558071,11.8290454903946,82.909354662204,96.9619503176423,75.9438823498496,44.1002827888707,7.47440216954846,7.40617588297593,1.32216315782702,5.84218078247568,4700.97466043911,61.9006365619181,805.651473162057,7.1016148424464,1.0000354,1,75,
4332,116.60506961599,97.9740137789694,84.2032333776937,492.129022490329,11.8506538012124,82.4810084044407,96.9249525121124,75.9927785666108,44.0824456692635,7.47570797797815,7.40622851211787,1.1263469767952,5.69189773731725,4616.4125527547,60.7480426407651,805.314233411893,7.1034819597314,1.0000354,1,75,
4333,116.097877375568,97.8601044358369,84.3800113934267,494.327808983649,11.9045547695138,81.7879585422426,96.8453392341133,76.0565923815394,44.1135297271162,7.47650823637893,7.40580169216824,0.920195804672341,5.53349392900779,4522.75944910437,59.4657124055185,801.69119398025,7.10500780466269,1.0000354,1,75,
4334,113.487187029939,95.2870536685512,81.8347811840472,516.470902648321,12.1765931662196,78.2227402847172,96.3224252556001,76.4748463223846,44.2907136951501,7.47878458119285,7.40394439829127,0.619838283712929,5.25527239497022,4538.24570101805,59.3429855600727,801.139356013669,7.10625375764406,1.0000354,1,75,
4335,109.470622073271,91.757690260772,78.6655232689247,567.601189526076,12.7746439322591,70.6049854107521,94.9645832889872,78.1896433673886,44.2585759093648,7.48742960375352,7.40414937907495,0.3640152737429,4.80225049494896,4515.79797769368,57.7544260750156,798.355617147556,7.11130229901518,1.0000354,1,75,
4336,104.502762918239,87.4899150456216,74.9152014006435,600.785769273636,13.1797722996466,65.4856078324049,93.843417733199,81.2159071200912,44.1305162178138,7.49597896288627,7.40530574043824,0.126469399092738,4.22819352228843,4505.18821845598,55.4717465852387,793.252973370495,7.11944036031884,1.0000354,1,75,
4337,103.058265789542,86.2573616435546,73.8393020573901,612.239110296925,13.3370745729141,63.7547980482313,93.4080100707644,84.8956428333951,44.0404765876398,7.49775892411681,7.40610017916918,-0.00320533249984445,3.92929010944098,4650.64165219438,54.780687170496,793.280844079114,7.12536580156519,1.0000354,1,75,
4338,102.04034934378,85.8337060338027,73.8548827177328,623.244538162469,13.4869666495518,62.456049492927,93.0515156607605,88.4113652194787,44.3269505917622,7.49836391196299,7.40320219562795,-0.178488370312767,3.68595704315745,4671.92640028012,52.8430523460665,797.168709050459,7.12781415259883,1.0000354,1,75,
4339,99.1107264509597,83.6058058647708,72.1456471706312,676.905691006598,14.1408915673292,57.5613756916641,91.4477757766866,92.0978256145001,44.8795297029757,7.50154064664581,7.39775055229371,-0.446471990054651,3.23066771325079,4656.00828813175,50.5550294707359,812.844107166844,7.12950667908781,1.0000354,1,75,
4340,95.8342969575216,81.3621224805549,70.6652978671447,734.297471532416,14.8554952495836,55.1708233778436,90.748716632961,97.2766416694206,45.092338943933,7.51381228857439,7.39563549810394,-0.669919685738567,2.67333906098769,4590.25888888929,47.1876784612751,817.797927780303,7.13701372959906,1.0000354,1,75,
4341,94.8106304533388,81.1735115072539,71.093901851452,743.927448439846,14.9945206793911,54.7809878042392,90.7526994741404,101.94537439391,45.3149894011295,7.52106072685421,7.39344442783742,-0.83944078207469,2.31619760263567,4532.99223788366,44.4649133404373,811.222848317935,7.14505382993318,1.0000354,0.999972538403298,75,
4342,80.0395483042325,66.4101165888485,56.3361887992168,803.328742037336,15.7296986880032,52.9725483373975,90.1508351090559,91.1275420025996,46.429278425185,7.52909046122456,7.3828472534563,-0.954578449511753,1.73948118470903,4049.69416186526,44.439848511987,747.483763711911,7.14596482969456,1.0000354,0.996452323411978,75,
4343,58.9327255200224,45.5962670121847,35.7388846368264,703.145351670065,14.1598169377949,54.622333307579,90.9932496579542,74.3621636225157,46.693383579664,7.53351562560391,7.38002676376394,-0.929148285860299,1.02331722129151,3233.60790036765,43.4845860158454,634.109760445024,7.15472881439454,1.0000354,0.94979404828629,75,
4344,57.3306071285992,44.5682333756642,35.1351745147993,704.515336996782,14.011660696389,54.9843557981452,90.7944437647566,76.3675617189232,49.7604580458549,7.51365237518537,7.35086146381975,-1.07267112767786,0.763246571670652,3177.86325442857,41.612736912106,629.095639912031,7.142291685827,1.0000354,0.923725100971816,75,
4345,67.6161415746464,56.295512376434,47.9280907951465,1313.91419050166,22.7215923851997,52.7808792181853,91.7114933534907,101.834544482545,53.8852012105187,7.60596663936934,7.3128581492592,-1.34098051715918,0.531614943856591,3758.89775145206,36.9118138697657,643.443516876785,7.15384209334893,1.0000354,0.970267033468918,75,
4346,88.2637478646555,78.2671492315034,70.8783589374344,1733.069516889,29.7154639265999,70.5095659222715,97.1006287418429,137.899543448293,52.5213435974971,7.70983628874828,7.31797484276195,-1.49873114223423,0.623731664790774,4494.79516913678,32.5947066737184,609.183822165452,7.23273710889926,1.0000354,0.999769733489321,75,
4347,101.488337820238,91.5946476425161,84.2819201198521,1812.05908384019,31.1953676705289,89.787305586829,98.9128914972271,146.709348111812,49.4879300271344,7.73687923608675,7.33559106462075,-1.44967901574085,1.06823540725032,4732.72113408519,32.25916545194,626.30444754156,7.30137568028161,1.0000354,1,75,
4348,61.2650152010617,48.2440203220319,38.6198067157926,834.038971006057,16.2441015501052,71.7759335321523,95.3192299248926,75.9192773672737,57.7230636335245,7.47276957561835,7.26025427903364,-0.939802356911665,0.93109063065297,3223.22821041765,42.4559917084654,543.523276836462,7.20777362459912,1.0000354,0.979974237240748,75,
4349,58.3022207272094,45.4534304692548,35.9564985394622,1428.25464105909,24.8916883244069,54.5921674716459,92.2894240366985,76.2487778568363,74.631806925428,7.58938672662385,7.13882691367768,-1.07215958105682,0.782593884296752,3194.40479106069,41.8945048149947,506.636298054116,7.17060830447206,1.0000354,0.986331712743122,75,
4350,57.6145810593139,45.1904243254086,36.0073519568698,1082.24267168368,26.2097106830129,52.841221173093,91.8202837488834,78.0185369267102,74.4015189298278,7.59583649626489,7.1279998977638,-1.10818207341201,0.626083794890044,3160.52729229062,40.5099533622322,496.927271396574,7.19396328022964,1.0000354,0.983952545146598,75,
4351,58.597476368615,46.4900842700272,37.5411422841146,0,16.9611287433649,60.3857099743785,81.8196968957299,78.8545188426328,94.6293847603744,7.0471558463269,7.00875563851069,-1.10592235989658,0.582655176555786,3112.949067861,39.4771170194242,598.502756995318,7.03722028325131,1.0000354,1,75,
4352,0.0264639306603559,0.0264639306603559,0.0264639306603559,0,0,4.10445434086994,20.0899807641153,0,2.90148848217396,8.51837819168742,8.51307129610337,0.00648351965697236,0.550100792951499,0,0,0.448598161610606,6.88492689155558,0.000272732445652624,0,75,
4353,0.000506022053760522,0.000506022053760522,0.000506022053760522,0,0,0.585462956171627,26.1248738243936,0,0.0179372184358872,10.7267506845936,10.7218797940487,0.0167284422648648,0.550100782681976,0,0,0.00861398075061076,6.88632078230198,0,0,75,
4354,0.00190635745331033,0.00190635745331033,0.00190635745331033,0,0,0.0355956953250828,5.31801038657302,0,0.000120742094353548,12.8988266324496,12.8939584371917,0.0557388067816706,0.55010077890403,0,0,0.0325860610193138,6.88641967647887,0,0,75,
4355,0.00937857174667974,0.00937857174667974,0.00937857174667974,0,0,0.00354662226320832,2.70339063004427,0,8.13130128376513E-07,15.0707498804976,15.0658817033827,0.257906872542744,0.550100777514201,0,0,0.160958682754957,6.88566036941039,0,0,75,
4356,0.028957786062354,0.028957786062354,0.028957786062354,0,0,0.000475451621239827,2.64958547085283,0,5.47494592506683E-09,17.2428378976386,17.2379697206459,1.47062979319521,0.550100777002911,0,0,0.498938162653379,6.88459739506098,0,0,75,
4357,0.0354928568939514,0.0354928568939514,0.0354928568939514,0,0,0.000308208844183116,50.0158182677267,0,3.68608814979363E-11,19.414993722603,19.4101255456111,2.09586115397873,0.550100776814819,0,0,0,6.88354841951437,0,0,75,
4358,0.0299721822327057,0.0299721822327057,0.0299721822327057,0,0,4.16884546649784E-05,50.0287327454805,0,2.48174929854437E-13,21.5871369311887,21.5822687541968,2.10662490333059,0.550100776745623,0,0,0,6.88253022991119,0,0,75,
4359,0.00654864138803059,0.00654864138803059,0.00654864138803059,0,0,5.40486066546275E-06,47.6078109210559,0,1.67108628512751E-15,23.7591825874586,23.7543144104668,1.49407492366703,0.550100776720167,0,0,0,6.8815670949535,0,0,75,
4360,0.0372128131936367,0.0372128131936367,0.0372128131936367,0,0,7.65685719420171E-07,50.2860490688357,0,1.12513575235536E-17,25.9312980776569,25.926429900665,2.19628980127467,0.550100776710803,0,0,0,6.88060800486349,0,0,75,
