4320,114.394712061135,92.4023537311019,76.14713235673,499.562387604864,11.5334910889481,91.2287364194315,97.7768911046537,72.2626422408043,43.3652724867898,7.45624734106201,7.39123852432673,3.3753534475306,7.35242315106603,5181.79779622278,71.7078373491412,756.405498593673,7.09394966651642,1.0000354,1,0,
4321,113.905956877835,91.8267222144058,75.507287897958,499.52438473466,11.5540466449121,90.6506235066136,97.7175567164434,71.9753966404,43.3893334668749,7.4564694810981,7.39093404653076,3.34848518343601,7.33156986390716,5181.5883052222,71.9911045591065,755.257576226005,7.0936365807799,1.0000354,1,37.5,
4322,113.928655476369,91.845630054672,75.5233938734176,498.740832461188,11.5636089134352,90.6256989841034,97.7191340655382,72.1256202935513,43.3643426010851,7.45594563224419,7.39112292039575,3.28453065832749,7.31312822711428,5193.29454962256,72.0034646286001,757.526222850736,7.09369344614408,1.0000354,1,37.5,
4323,113.488561164811,91.5456324576178,75.3269460218665,499.129205849902,11.5864988939267,90.0601312644973,97.660813293819,72.1548352627568,43.3847622646374,7.45642570167006,7.39085996597524,3.17541993407161,7.25687886234524,5162.43805207408,71.54666812383,755.752841179241,7.09394607957443,1.0000354,1,37.5,
4324,113.181453834935,91.1699110641546,74.9005098857518,495.357602932784,11.5556915742855,90.74372076681,97.7476714755988,72.2461196928578,43.3676573325141,7.45622423387537,7.39097460869511,3.06059110003048,7.18380035461999,5185.13216809323,71.7703897473933,753.618993826504,7.09408104893533,1.0000354,1,37.5,
4325,113.192482249157,91.3155332282413,75.1456143866946,503.123851892071,11.6691251991246,88.551462097466,97.4896803985058,72.5225323484251,43.3572250032332,7.45677739468878,7.39102464553196,2.96742654804803,7.0962418050348,5173.1436340919,71.3315360974738,756.534738357626,7.09410065024577,1.0000354,1,37.5,
4326,113.263222364114,91.5432565393462,75.4893687558219,505.028390118591,11.7076300243864,87.801555055311,97.4033846303591,72.7897452834656,43.3064777633367,7.45729373563804,7.39148032336469,2.85567790796006,7.00089973256557,5154.94645903263,70.8196798732801,757.125626304149,7.09488462995206,1.0000354,1,37.5,
4327,112.554365322613,91.1514156001443,75.3318440661454,503.854479054984,11.7077410944348,87.499535730555,97.3782953433832,72.8300948245232,43.2932931321769,7.45856362879629,7.3915608893859,2.69958481939943,6.86609794893116,5082.52271638443,69.7860236023344,751.381299784593,7.09579911484713,1.0000354,1,37.5,
4328,112.095565735383,90.7282388548575,74.9349972475123,511.983810398316,11.819134900074,85.6881527624537,97.1470371929255,73.0854052655028,43.2140415408006,7.45932127784123,7.39230507427946,2.56758013757362,6.71474138363656,5091.85086548468,69.6698724866768,756.474523316429,7.09643500960501,1.0000354,1,37.5,
4329,110.203214533041,89.1671249509266,73.6187109119722,508.161468275791,11.7874926124983,85.7309004097161,97.1709430387948,73.0630817058387,43.1743419749807,7.46105484243595,7.39265274478715,2.39819206087267,6.4913536119034,5011.38558621703,68.5898468722345,746.247583199036,7.0981947766947,1.0000354,1,37.5,
4330,109.866248908505,88.9057828651137,73.4132644852158,513.18172325046,11.8597081045672,84.3046806779018,96.9924708082881,73.6511527311829,43.0363013920864,7.46319842546497,7.39399083628691,2.27951819581589,6.29990856334146,5033.56063873861,68.3432702962633,750.995140795432,7.09930299596111,1.0000354,1,37.5,
4331,108.74540460776,88.130125680341,72.8927456035526,504.587598656681,11.7712897082411,85.3132254273832,97.1430793260212,73.791231952203,42.9591942030911,7.4635569057,7.39471632008844,2.12270576020193,6.06699392714609,4960.08133346736,67.2177601897224,740.446977235387,7.10054674360782,1.0000354,1,37.5,
4332,107.63722840914,87.2512930872752,72.183427849375,506.037961004061,11.8015821404871,84.9125867721382,97.0948443578284,74.2405984937257,42.920661604458,7.46367584653135,7.39505144025538,1.99272815478377,5.84776107047761,4934.7701380853,66.4699670827997,743.562539520313,7.10056842243081,1.0000354,1,37.5,
4333,106.645443844063,86.5378921125522,71.6757886588269,502.257335529569,11.7688437956447,85.2978865694454,97.1565516970757,74.5552325424283,42.9099756752731,7.46400331623129,7.39510378450661,1.85796115644854,5.63615916643046,4888.01067328224,65.5622751964531,736.647888309594,7.1009912437324,1.0000354,1,37.5,
4334,104.95199790473,85.1480598599323,70.5103665224734,495.281166266346,11.6957557472481,86.3066474623091,97.2966584467795,74.694640662673,42.9179604743101,7.46376471530772,7.39496582750454,1.72940791380565,5.42341902879956,4823.20613232933,64.5723185698331,734.511707156015,7.10101141246317,1.0000354,1,37.5,
4335,104.395748774902,84.7260055681403,70.1874997196641,498.852563997857,11.7525319803357,85.6582199959494,97.2169278260636,75.507745063669,42.9245948221389,7.46388422577456,7.39484028205556,1.61237539289162,5.25492392020724,4842.67153092455,64.1347656037291,733.560070762126,7.10048632479586,1.0000354,1,37.5,
4336,103.335590938958,84.0144494910758,69.7336058122065,494.957555205898,11.7168956891998,86.1473499280054,97.2876491002229,75.7195669270304,42.9191267538793,7.46382300556708,7.39483619461256,1.47649760071615,5.04135334757647,4770.19049853451,62.9981217818039,728.660211117714,7.10037474779876,1.0000354,1,37.5,
4337,102.50590902904,83.3478376192814,69.1875239685901,492.777351072487,11.7020447726667,86.4307662255547,97.3311911588625,76.2768397023546,42.9478904911335,7.46392554951053,7.39448483384521,1.35215429941416,4.87637685098593,4764.74102305882,62.466418924167,733.246509647402,7.10030336265623,1.0000354,1,37.5,
4338,101.583044518385,82.8001437491512,68.9171301371087,493.124973626224,11.7186287659173,86.1690796720271,97.3062368471688,76.91941741289,42.9439831364496,7.46451486098144,7.39446317081454,1.23493052434054,4.7125145565091,4710.7870451503,61.2431451458299,727.860837866944,7.10077123304609,1.0000354,1,37.5,
4339,100.686674285967,82.1630141935119,68.4716132556106,491.374656958129,11.7088370812446,86.1425585602174,97.3145118293639,77.1741795266776,42.9486166807154,7.46550333721027,7.39435436103693,1.10926428615703,4.53271501212391,4661.15608209444,60.3978702550789,722.248837257977,7.10114318987317,1.0000354,1,37.5,
4340,100.154814484284,81.8086712450123,68.2484784159857,493.640560970466,11.7490920462907,85.6346850740816,97.253986336668,77.7762138948573,42.9272803952035,7.46563181526668,7.39450744817337,1.00755918466078,4.38623022761654,4652.5001926307,59.8190624053806,728.859362805776,7.10153809736284,1.0000354,1,37.5,
4341,99.4140164424109,81.3046638987157,67.9194902794627,496.157329036325,11.7918392255703,85.0605907243794,97.1853685165816,78.2827167104781,42.9264226841817,7.46604023666622,7.39445304338029,0.911761271857146,4.2399765428571,4622.3585925516,59.046987467834,725.980150021176,7.10146514026114,1.0000354,1,37.5,
4342,98.2025821109809,80.293913852,67.0570720953619,491.375376823069,11.7446533659449,85.7762797937705,97.2849307312682,78.8905593679884,42.92165846326,7.46578943067253,7.39443780151937,0.815518780917404,4.10747858893575,4606.62806104909,58.3926403609496,726.095487157243,7.1018856073114,1.0000354,1,37.5,
4343,97.5304565237242,79.8874930834828,66.8470418450435,501.407897410508,11.8776804442598,83.8496365629366,97.0376428630387,79.3976520219033,42.9115117925431,7.46714468297797,7.39447695355301,0.71442050024457,3.95765175486898,4567.45224596867,57.5262886200798,722.798382601857,7.1022140400257,1.0000354,1,37.5,
4344,96.3746667479581,78.9763971776065,66.1168066256075,490.818946584094,11.761100307854,85.4219839809409,97.2572156936759,79.9876745912771,42.9038114778965,7.46705155903197,7.39449166333958,0.618061639226446,3.81857422795182,4537.57637894983,56.7284447527203,721.88727616891,7.10335396108325,1.0000354,1,37.5,
4345,95.347142987624,78.1998605865468,65.5257822900985,502.761101601751,11.9153021247605,83.2451855325356,96.9756609436245,80.6871891092461,42.9515468479758,7.46882164826474,7.39394666551127,0.52632804561918,3.67623999617533,4511.22728530217,55.9100810810774,723.687636200443,7.10390001295484,1.0000354,1,37.5,
4346,93.6409883994655,76.8605442075015,64.4576071960499,506.056599637919,11.9625100836839,82.5495545244009,96.8876335228453,81.0196608647832,43.002416513233,7.4697411214294,7.39337261749678,0.427406729492744,3.5001955086281,4432.90776870362,54.713975859537,719.963793460907,7.10450021154917,1.0000354,1,37.5,
4347,91.735528437804,75.2292277591992,63.0289185619695,504.553107216672,11.9546854575041,82.7381981635209,96.9249512842462,81.8420649067795,43.1125218461834,7.47039805269457,7.39220501053709,0.332731490729727,3.34491668943611,4404.74886079623,53.8201090822106,712.501143215886,7.10514194593447,1.0000354,1,37.5,
4348,90.6329137895656,74.3636133952545,62.3384783211984,515.231081570143,12.0790974092997,81.1121374181136,96.6937219819629,83.2326548080127,43.2304364531179,7.47108565643575,7.39096578348673,0.247614271160655,3.19298243801646,4415.27183461491,53.0473507639438,713.213890618197,7.10552435884787,1.0000354,1,37.5,
4349,94.0000007532451,78.152399560009,66.438955199791,524.554222245742,12.1872428078904,79.9563491447814,96.5224043830509,86.4332851959435,43.3127813012908,7.47164636094235,7.39009185035842,0.126684668322856,3.0862850159415,4466.2124254609,51.6723669051343,736.146699456006,7.10673290369673,1.0000354,1,37.5,
4350,97.6487198844142,82.5513269316378,71.3923843143684,532.519836801166,12.2789074669281,79.6510666884017,96.4580858318512,91.2537471447826,43.4224528825513,7.46933183441848,7.38895176672932,0.0231262481300605,3.03199620963364,4492.08005673168,49.2262531379076,741.496623834859,7.10757363935892,1.0000354,1,37.5,
4351,104.55565050429,90.3370857707453,79.8277118372559,516.393287320633,12.104487936911,83.3579199001432,97.0024043776211,93.9682139879317,43.9485520629546,7.46697814137604,7.38368753024125,-0.102790764143641,3.08907043848238,4356.43816189856,46.3607636775777,758.677419746422,7.10818981802624,1.0000354,1,37.5,
4352,105.901265775883,91.6769801701223,81.1633777658641,522.132813087461,12.1665717616301,83.633583193167,97.0233143137828,93.710015854723,44.5352188986627,7.46433394700691,7.3778989626331,-0.149152626787457,3.14070588782214,4346.21590591235,46.3794170374511,757.188967496271,7.10590831374775,1.0000354,1,37.5,
4353,106.376270987652,92.3178802573103,81.9268958044489,519.017943235488,12.1312099595856,85.6922997008601,97.2751116804835,91.6407987425228,45.1697971459248,7.45998448391017,7.37172834240179,-0.211280137945039,3.18842295041429,4200.67708055892,45.8385035726422,757.875331148033,7.10424564007137,1.0000354,1,37.5,
4354,104.702582607077,90.5387699528587,80.069864947567,541.528149941942,12.3757563301741,82.3565759320949,96.8049028285381,89.7407816900299,45.7420201877262,7.45972306793371,7.3662360360991,-0.252945569527569,3.19217549470557,4144.43033203287,46.1822401586381,755.247088729005,7.10120678103825,1.0000354,1,37.5,
4355,103.22409958952,88.8180201832225,78.1700484481333,575.68517105365,12.7517222722099,77.1971246959367,95.9932534827551,89.0171558280435,46.0769240270887,7.46382215556814,7.3630438799492,-0.310198467784141,3.13979237448411,4181.32899560194,46.972170214909,753.772144294179,7.10114865963202,1.0000354,1,37.5,
4356,102.061431058852,87.5985513931462,76.9085968576243,585.425672425794,12.8589073398178,75.6969618659124,95.7454952512236,89.1347779868866,46.2113733425706,7.46691521939263,7.36175531578281,-0.35839332818065,3.08453882575485,4203.36188261938,47.1573719882689,757.919191204402,7.10382168411815,1.0000354,1,37.5,
4357,101.228456467435,87.0653235495418,76.5969209580558,609.328397005573,13.1252473790248,72.307658218976,95.1097272280003,89.7467733806729,46.2919066472504,7.47158080153113,7.36097686408392,-0.432345084409076,2.98998699936658,4144.50813286159,46.180023824167,753.336571312311,7.10703320174491,1.0000354,1,37.5,
4358,101.258160887531,87.1537301955207,76.7287162057736,625.614938928308,13.3073184318971,70.3310329101058,94.6705358337403,90.627088056388,46.2367812404118,7.47189801877297,7.36147271663159,-0.503159895182436,2.89991833189857,4167.81476304526,45.9886205375158,758.910471304544,7.10937377106642,1.0000354,1,37.5,
4359,100.620356651216,86.7805597184919,76.5511445943045,632.438469847582,13.382815865975,69.3010152524347,94.4718607831882,91.5428325433925,46.3983680261346,7.47567804568737,7.35993592563325,-0.578570721807894,2.80718175724676,4130.93998914921,45.1257610713661,756.360853682269,7.11264697574628,1.0000354,1,37.5,
4360,99.6110302254846,85.9638435960327,75.8767926090465,638.861833869445,13.4538238136552,68.4353957930364,94.2949854897302,92.5595620880856,46.5621556897771,7.47852815042821,7.35838389748406,-0.689568102817023,2.66537414443197,4118.6913120701,44.497739824552,753.646598128418,7.11486468856145,1.0000354,1,37.5,
