4320,114.015669091247,91.4019358759072,74.687437412395,498.811812456176,11.5431363367622,91.505958932699,97.8081984280457,72.1099048766108,43.2376049662505,7.45455780606664,7.39076206336386,3.57397614605173,7.21240927076284,5316.94305081454,73.733879692568,769.107700067889,7.10167854963778,1.0000354,1,0,
4321,112.976075660093,90.3425329950175,73.6133927643096,493.720944922354,11.5628056074667,91.3120205575542,97.8118814129525,71.3482092304088,43.2807798432723,7.4537365406834,7.39004801255501,3.37860933786978,7.17007177584625,5265.38867719148,73.7984699824443,771.025673882585,7.10147703819568,1.0000354,1,150,
4322,111.807017522841,89.3220775747415,72.702774134842,495.993362132416,11.671345251291,89.2417230414265,97.5946402757664,71.4507075324344,43.2929830470497,7.45351282790263,7.38965371214544,3.06105249221703,7.01883671845277,5238.33281201066,73.3139389785996,769.969945831427,7.10157621353247,1.0000354,1,150,
4323,110.132720343078,87.9825518934479,71.6106882567646,503.707439191523,11.841288199102,86.16418201569,97.2432992645804,71.7921589079609,43.2764114189652,7.45522755508439,7.3895542365374,2.64777905611643,6.75216879344274,5185.00128689677,72.2223898231569,762.075655055058,7.10235955588623,1.0000354,1,150,
4324,108.335437619061,86.5252597573704,70.4046935117733,509.644627061924,11.98037929214,83.6704156840291,96.9461038553783,72.2916996790921,43.1523910181554,7.45721076898578,7.39053841239259,2.18352583401881,6.38181616307263,5140.93916502234,71.113823410479,768.593825255832,7.1044537155576,1.0000354,1,150,
4325,105.795408998665,84.4293553105728,68.6370547585045,518.805204338664,12.1484527995871,80.5498773141273,96.5483240165056,73.0753593365294,43.0356567818956,7.46170590374281,7.39145417995502,1.70873915623652,5.93247922505146,5090.84760583611,69.6657211412611,765.88501457894,7.10776552242827,1.0000354,1,150,
4326,103.335473776417,82.8700343367821,67.7434051857474,530.449278009391,12.3484218326076,77.4037484497576,96.1011607528515,74.2444652383082,42.7545882024219,7.46544313061457,7.39403867623082,1.22801205419845,5.42205662193906,4954.27351705745,66.729196596074,766.640075480206,7.11201408819016,1.0000354,1,150,
4327,97.9111790521569,78.4537446616135,64.0721627207772,551.602209896595,12.6624097180117,72.8960207029613,95.3750901626367,75.3276554455295,42.5821702387219,7.47301904698049,7.39553099531956,0.608147879403226,4.58970228974623,4778.97596967127,63.4425157852817,759.208968232853,7.11778134888575,1.0000354,1,150,
4328,82.9420969816111,65.0269826622299,51.7853764261655,563.789563304176,12.8818810197002,69.5356610276422,94.8133760162417,76.2589137105788,42.4740051128096,7.48218599990623,7.39637282689724,0.121067030708344,3.32649536918169,4454.5621243645,58.4136582547013,709.686029329447,7.12439253969359,1.0000354,1,150,
4329,66.5029351068906,49.7944594470169,37.4447165679798,572.599987751146,12.9657355848154,66.6458477214823,94.2485258217916,77.8384651650458,42.6833133380599,7.48739692501203,7.39399646044046,-0.259506089792305,2.17670570857174,4240.58639703927,54.4793167240347,642.976607227543,7.12764794108862,1.0000354,0.987756713584504,150,
4330,43.2048057819856,27.428654890536,15.7680216229428,382.873196596727,7.55621101450036,60.7681768361746,92.1331192714365,60.0569087562943,43.7837999767287,7.45749836987694,7.38272411139218,-0.296501249379119,1.31361260416115,3089.29120218703,51.4393975008455,409.002500187037,7.1089342726661,0.990446650343287,0.541562413373626,150,
4331,39.3651025036305,26.2341017920861,16.5285795270315,461.815070134967,7.36026935423714,53.1934835524073,88.2554564794347,73.6726718089767,48.2684761950027,7.42303620898765,7.33995770594536,-0.947067610960674,0.322265769917457,3154.27146260171,42.8146744939604,392.64059504245,7.06856990619103,0.965632952829129,0.421745921518091,150,
4331.32960794514,37.9250542150188,25.6322883435797,16.5463309603421,503.235656986944,7.46253086600747,49.6134382157929,85.9214281247298,NaN,49.5715970196188,7.41244417025218,7.32804262574907,-1.07377322878252,0.0723503876107747,2924.97857726512,40.0815429819763,384.508669185725,7.05601745078932,0.953162712523683,0.36469978929884,150,
