4320,121.424816740459,100.026412027595,84.2101998485211,514.415778485679,11.7013727882479,92.5816201378513,97.9047776083948,74.9318116562625,42.2985787300791,7.44909652962866,7.38019619746029,3.14890486476578,7.13300778846426,5228.08273486015,69.7712042362345,760.742530481811,7.08155617450526,1.0000354,1,0,
4321,123.636972314953,102.359809336849,86.6332106139028,514.185245293451,11.7387723032248,91.7142505874065,97.8194024323342,75.6360525000201,42.2903848252529,7.4490214629259,7.3801488860686,3.05115097021029,7.1278310456359,5247.31814785407,69.3758858958521,772.4217502578,7.08226501861275,1.0000354,1,75,
4322,122.852582860222,101.718540325076,86.0977262773598,510.849890651035,11.7357101531218,92.0736126935885,97.8726727032886,75.1319280772983,42.3634304004844,7.44871973212607,7.37927344672642,2.90916550460045,7.09200432167315,5177.28333351713,68.9092302834364,769.615971669325,7.08278174705183,1.0000354,1,75,
4323,121.53145702845,100.572802552523,85.0816231572723,510.214106965773,11.7626979033061,91.3773198922008,97.8045560536271,75.1640495765966,42.372284903679,7.44856822882579,7.37906001472851,2.7207411676091,7.01406413271275,5136.51298076486,68.3373635361471,764.378450912029,7.08254124618784,1.0000354,1,75,
4324,121.577219168981,100.670467008275,85.21765019384,519.221631308146,11.899540587602,87.9617995725107,97.4061131995091,75.5005461755025,42.3385486439981,7.44978987146109,7.37928683576174,2.50659896485704,6.8737288330417,5146.73119023079,68.1681319002264,767.882380210735,7.08262929980094,1.0000354,1,75,
4325,120.814174406564,100.285407661359,85.111971371425,520.745250965623,11.9465565479513,86.8222506677402,97.2790300957287,75.9740182251382,42.304695255681,7.45114551755998,7.37951826456032,2.27545724499286,6.69701047706989,5085.37259682581,66.9356803237132,762.517808704608,7.08399431433357,1.0000354,1,75,
4326,120.617567441319,100.414231158281,85.4813304273405,530.436042187804,12.0776032032181,84.2699889017058,96.9485600043961,76.9198184325233,42.210811413068,7.45259617996217,7.38036913762753,1.98562291568908,6.4291905492152,5067.06137609975,65.8745883617075,768.770814466582,7.08558435314835,1.0000354,1,75,
4327,119.935684285562,100.245315346304,85.691564391201,527.274915103364,12.0721085447564,83.9961575846758,96.9410186819188,77.3538307561715,42.1839898568645,7.45492607245608,7.38053320057221,1.77381021145944,6.20159008843263,4966.2719919246,64.2020174486107,769.271946617839,7.08839508699535,1.0000354,1,75,
4328,119.091675352026,99.672933357259,85.3199501437356,528.740493149458,12.1152808577236,83.2777631277931,96.8516138078187,78.0416131795515,42.0656754090823,7.45494159633324,7.38164149348493,1.53842592879734,5.97072598160695,4941.31057418158,63.3163561446767,762.74091901381,7.08965996040408,1.0000354,1,75,
4329,118.140329899985,98.9939931598785,84.8423529606696,526.173687854151,12.1153593844982,82.9153212444176,96.8336477221397,78.8286080013878,42.0423021250782,7.45767303599182,7.3817725687977,1.30311936968671,5.72928283960288,4921.12472415826,62.4281570983927,763.232975482327,7.09165525045119,1.0000354,1,75,
4330,117.660745151035,99.120432856709,85.4167237695985,533.858247140839,12.2256655685816,80.9502066737808,96.5691253628326,79.6305957280029,41.9473911499904,7.46031481044061,7.38264457717177,1.07734657300541,5.46738338789666,4813.84199852648,60.4521660866295,769.69736563496,7.09370503096729,1.0000354,1,75,
4331,117.139593228116,98.8096212132677,85.2613810283798,535.046464616362,12.2664289744489,80.4232844976934,96.4980894814589,80.2904810866864,41.8169253288567,7.45977162958961,7.38388806189299,0.89635948866822,5.27587705625246,4798.66777702243,59.7663348391386,763.444023680307,7.09577467632002,1.0000354,1,75,
4332,116.249375660368,98.3869226261216,85.1842399486353,536.946786235669,12.3151405924787,79.4097199084384,96.3776318977621,81.0434080866623,41.8010964469854,7.46306482550948,7.38394445743592,0.699488789423646,5.07266017171001,4720.12627858432,58.2419519368798,768.133380866903,7.0974592540908,1.0000354,1,75,
4333,115.559275722981,98.1582503831963,85.2966229581378,539.075669465304,12.3667090637433,78.4949641073992,96.2587927018999,82.0466154990436,41.6677618175885,7.46494611713142,7.385224128157,0.44009192891023,4.7925582048008,4655.11411662822,56.7374301586211,762.27690959913,7.09942032656302,1.0000354,1,75,
4334,113.981839954042,97.240521752628,84.8665039515832,549.86402321269,12.5148720789068,76.3320210301951,95.9299846669218,83.1833353986205,41.5951477644702,7.46848133398528,7.38587431025751,0.171113851935416,4.46331493117711,4540.67902308673,54.5864024486091,772.118934167039,7.10208917154109,1.0000354,1,75,
4335,112.070498292864,95.8801170610147,83.9133135418217,559.050926296876,12.6473631302832,74.3568158467687,95.6195574541285,84.5865918528487,41.4678023321107,7.47261655709771,7.38709908280293,-0.0698723302407847,4.08526850089119,4465.32859835826,52.7900285440792,760.931104448262,7.1064457938347,1.0000354,1,75,
4336,110.448572192892,94.8176694694705,83.2643935434632,570.919081449656,12.8120712813376,72.0156665896758,95.2166633386057,86.225205826664,41.279443585514,7.47719773666994,7.38897084530508,-0.233377733396939,3.79121823134731,4394.53696340894,50.9658042712377,768.026195494581,7.11056256358979,1.0000354,1,75,
4337,107.655644052528,92.25721798873,80.8757726372274,567.399458934166,12.8022818868158,71.9807968801969,95.2594195632377,88.0810604096381,41.2837434249903,7.47972310117229,7.38882357320999,-0.423439373849179,3.50688238611923,4422.35587655479,50.2077955917852,752.033008619493,7.11465522771459,1.0000354,1,75,
4338,100.175129268451,85.6702927668877,74.9493266570369,612.193463539704,13.3472181324266,65.671641307056,93.8734623530707,91.5371591017245,41.3304721975788,7.4867016836401,7.38823762142828,-0.671265312262841,2.82805587160014,4329.17447611277,47.2941755959653,761.033259086255,7.11891710164452,1.0000354,1,75,
4339,91.819783125635,78.0188187141819,67.8181058883254,608.258225719062,13.3304473800236,65.7526986541911,93.9730427986934,94.7238057385737,41.4489214882725,7.49056667897835,7.38691159930883,-0.859175842507743,2.15183810679538,4262.49022584836,44.9991445404159,733.172438868634,7.12337454506981,1.0000354,1,75,
4340,76.180777961375,62.3949976215338,52.2055078051294,620.702681581686,13.4842747569739,63.5453342276864,93.4132163282467,85.9924950256747,42.0756004205724,7.49237735777874,7.38032477099243,-0.930199148904324,1.57225595751603,3865.33132129411,44.9496356646012,688.1904525159,7.12261159586978,1.0000354,0.997352881271548,75,
4341,50.0006729901434,36.2617801219788,26.1069462629007,576.315755350225,11.820371222922,58.703535550802,91.8749741036927,71.8038373371796,42.5434128730737,7.49212993827036,7.37546071170062,-0.907728515483956,0.7815697448695,3216.57893264662,44.7967553257922,538.541036031482,7.11167380499447,1.0000354,0.847858020056001,75,
4342,47.4123712274313,34.3483412663557,24.6923191212129,616.16722421164,11.500853699971,54.3367750944698,89.9938731824571,73.1830616119315,43.9148384605778,7.48446256151208,7.36162452642397,-1.05460287259241,0.507855708203164,3117.32845409636,42.5963110238084,514.958293906049,7.09632976593955,1.0000354,0.74095147163691,75,
4343,45.5259484354811,33.1564675838956,24.0138078240281,655.67449816588,11.6716571923252,52.2115863472093,88.9301595477964,75.217624039833,46.0081053137914,7.48042051977885,7.34115786879993,-1.18421325307377,0.259398908916371,3033.65301449058,40.3316782897057,498.954436089221,7.08483184501187,1.0000354,0.695053890041838,75,
4344,45.5090730568109,33.4084126523082,24.4644462663714,657.41682120678,11.7210150067192,53.3550123417656,89.1622511462625,77.9838486228952,49.0083755485118,7.4636251898698,7.31283232229307,-1.23343586655359,0.165633676503301,3076.86583265972,39.4551677942756,503.480779835756,7.07513711743336,1.0000354,0.693900417963604,75,
4345,46.9764401629285,35.0359400330809,26.2103529805849,847.865138503914,14.9087192451327,53.3932920381695,89.589507104973,83.3171351546259,53.5075875981373,7.47955800014509,7.27273325490567,-1.28202786107771,0.0933130184133555,3243.78206144222,38.9329524523638,522.021013496972,7.06733776403145,1.0000354,0.785724480739075,75,
4346,59.5985751357222,48.732028823403,40.7002337229932,1324.65602104795,23.1247713810985,60.7475089600622,93.9458998173917,113.559905609676,56.6643980969174,7.57232083032471,7.24422142190366,-1.40712715647912,0.0203979238978178,4023.5683183306,35.4312404252982,556.3701036515,7.10115137014619,1.0000354,0.972483577352553,75,
4347,73.5206022301721,63.2546540497473,55.6667793076942,1645.27604248724,28.5217915579613,73.2386306700872,97.0967504443966,138.687328933769,55.7027694912894,7.64697552982167,7.24622386951658,-1.48003081026407,0.131647804005271,4642.27296503432,33.4729423424923,544.521049777623,7.16683332428559,1.0000354,0.999105215761568,75,
4348,83.1632685107945,73.0527451856732,65.5797496844966,1782.16768088417,30.941610431139,77.3909322965839,97.7717427930459,150.781636110934,52.5152356136923,7.677463784384,7.26487251393131,-1.47070429146701,0.346666599291267,4970.69262865826,32.9661672128375,557.964550799548,7.22375089537732,1.0000354,0.99997559682954,75,
4349,88.5566708874134,78.3123015472334,70.7403763827525,1833.68671805925,31.9104357433307,78.4779657984272,97.973315423485,155.995818849745,49.9319261481777,7.6944853369802,7.27856567199595,-1.44106009401744,0.536805660414106,5210.66325773854,33.4025828138218,564.229585349014,7.2657508356872,1.0000354,1,75,
4350,92.0155981313236,81.742714505948,74.149713565453,1835.82215349081,31.9959808345405,78.1856690891725,97.9654704120348,156.948930383269,47.3588328828918,7.69659658936607,7.29234287611366,-1.41714874364994,0.660303171241276,5257.09167322932,33.4955559135797,579.329464252836,7.2939307561532,1.0000354,1,75,
4351,93.1583498711978,82.7256745906955,75.014566774672,1834.03439878736,31.9986808521392,73.575265063158,97.5191055095418,156.155241004907,45.3232277008621,7.69959214024187,7.30162600522925,-1.43291513704239,0.70613643090756,5311.86558378146,34.0165693421365,584.586664911953,7.31026315321417,1.0000354,1,75,
4352,91.4365817681387,81.1064198418438,73.4710827658868,1830.24648849337,31.9608303999697,67.8293508573882,96.8581415861447,155.119578925536,43.1295012605492,7.7071542729035,7.31312930621212,-1.44178012972832,0.679241990837506,5224.78673400742,33.6823163793886,596.491967662815,7.32390285237062,1.0000354,0.999505181312908,75,
4353,92.6562378117896,82.3143420936459,74.670332215018,1825.19206047075,31.9049674772387,68.057948821743,96.9302649354021,155.932320428457,41.2217618258652,7.71071346982873,7.32255741711468,-1.45722841279785,0.680472849563442,5258.12755941876,33.7205753430139,605.189122337084,7.33489710953352,1.0000354,0.999120919987158,75,
4354,93.0749731433129,82.9015549590813,75.3820719533448,1823.20206418208,31.9053498215565,68.1594979067002,96.9933691693055,156.738407005543,40.0412426008886,7.71564390058629,7.32463581000167,-1.49482262917448,0.66947291990293,5199.20745930842,33.1712409143253,608.536430983715,7.34536993883748,1.0000354,0.99911287140522,75,
4355,94.1899735402401,84.031460961483,76.5229951424017,1826.22902143323,31.9941362458713,67.2860215851278,96.883037085899,157.319652901407,38.8271075404264,7.71500692292849,7.32724767677354,-1.51337612218328,0.663097381400668,5210.84222790705,33.1226399995474,617.361608069317,7.35211970989443,1.0000354,0.999112723652312,75,
4356,95.2661444352068,85.1856031718526,77.7347683250256,1799.91384606247,31.5589536847551,70.9812488482072,97.3923907752864,157.404353124843,37.6614489630799,7.71818253935538,7.32957193517108,-1.48860055638029,0.67993468575705,5173.63054836869,32.8684083105714,623.622525391421,7.35921621568911,1.0000354,0.999112720946008,75,
4357,98.0471190505394,87.7552563655205,80.1482274244195,1725.21271487545,30.2679898200362,79.1221024183597,98.1342250688752,154.421205264567,36.7907824198832,7.70131725400666,7.32864362089643,-1.43267691997727,0.87777855763123,5181.98012198196,33.5574386503704,624.171438573963,7.36122628914351,1.0000354,0.999945316345149,75,
4358,96.9525539448264,86.6186515489393,78.9805497780662,1700.45598515433,29.8385471130379,76.3821646569249,97.8419170693503,151.212589174376,36.4222505831422,7.69130757386397,7.32198241162459,-1.43640873123685,0.902494979666312,5095.03447286462,33.6945124786476,619.062585071552,7.35566814397074,1.0000354,0.99996960920744,75,
4359,96.7534208033016,86.4647120896838,78.8600143448359,1776.20572489481,31.1689339611365,65.4273344326141,96.5696705726417,153.12930174351,35.646787014296,7.70256625460887,7.32049550791287,-1.46066218063347,0.844766369634087,5137.0524015228,33.5471548752133,627.390306809277,7.35258580448856,1.0000354,0.999789245865011,75,
4360,98.904148453522,88.7917987045133,81.3174532378547,1808.35384431196,31.7673818206234,67.202466108702,96.9368865660475,156.867412137087,35.024859529312,7.7147792162573,7.31723059023442,-1.49433217199235,0.83468079570412,5172.25151567406,32.9721224135069,636.350038446871,7.35853928968159,1.0000354,0.999783859364897,75,
