4320,117.906431923056,95.1863001844834,78.3931593342343,498.161160058389,11.5252448261211,90.3743837333056,97.6860070819404,73.4219887434262,43.9743178086363,7.45918166281267,7.39737732729028,3.70893051082147,7.67201384100084,5439.15970471817,74.0808005586088,801.870233397036,7.05531634186946,1.0000354,1,0,
4321,119.959129131904,97.3865202896116,80.70241810183,495.538727829159,11.5334430048447,90.42936914042,97.7085034930872,73.8967513229349,43.9785595451815,7.45922346436952,7.39717281791303,3.61454212482876,7.66675931796013,5438.78540832943,73.5997903962177,812.370607552356,7.05671066979572,1.0000354,1,75,
4322,118.468001417603,96.0280558926736,79.4420092003347,490.161264087036,11.5030922102638,91.4557340797626,97.8386014936529,73.7947416344623,44.0032495061204,7.45847462623413,7.39677163637634,3.43507876303275,7.61591106609479,5399.35691331382,73.1672310753414,803.785870587975,7.05687069665431,1.0000354,1,75,
4323,119.178770552958,97.0562264739545,80.7047808503434,498.921324593544,11.6508698924857,88.3631288185384,97.4893337130865,74.432730811522,43.9676182632556,7.46000173512448,7.39697077487697,3.16517508505498,7.43646006023112,5369.00543535928,72.1323183607845,812.395025194395,7.05769638964545,1.0000354,1,75,
4324,118.509088439343,96.5119557562268,80.2532055121846,500.981309486812,11.7108759413412,87.3735593175216,97.3769516843607,74.3467687614407,43.8985021248716,7.45990038290833,7.39750471643165,2.96279406400018,7.27200772834756,5332.40336973464,71.723404507934,806.928766907911,7.05871127449484,1.0000354,1,75,
4325,117.326763645556,95.7581967815119,79.8162125776534,502.088149521035,11.7576108631666,86.3397639012995,97.2677421767639,74.6866481161711,43.8648926035565,7.46180065123548,7.39769082812227,2.73576131962017,7.07468610971174,5252.41556758463,70.3260314938057,808.35510580374,7.05974795980972,1.0000354,1,75,
4326,116.529834752036,95.1073455418469,79.2733317777938,504.3816352349,11.8173435504227,85.2267565447953,97.1417965748738,74.9996782442878,43.7995366849946,7.46325725321788,7.39819364342832,2.53165083035463,6.89116914953454,5238.7075499149,69.8497336595426,801.072187031399,7.06095182663503,1.0000354,1,75,
4327,116.195908927495,94.918361782721,79.1914791104969,508.627348817139,11.8979593706131,83.948060093441,96.984527486192,75.6328998585304,43.6796381117713,7.46416764476561,7.39924056820383,2.30845259627194,6.68648265101834,5247.1941687857,69.3771385019014,805.785546387221,7.06268955893608,1.0000354,1,75,
4328,115.851535927761,95.0715095871605,79.7123596832385,511.968628486869,11.9651262133255,82.5624772509723,96.8202160390004,76.3688868091493,43.5782482029835,7.4671389185815,7.40010817839681,2.07407946365102,6.45483449811835,5174.36875271176,67.7549322624387,801.439739934891,7.0649043148917,1.0000354,1,75,
4329,115.055245299356,94.7678530391051,79.7728239771803,509.147842100208,11.9627411559033,82.3991315996831,96.8220728653387,77.1641522948462,43.4627668038129,7.46841871219871,7.4011192758081,1.83551834002909,6.22096304846363,5104.30524158584,66.1486595755262,802.647809780686,7.06742508926088,1.0000354,1,75,
4330,115.12630129359,95.1441220527735,80.374685222605,515.079727114411,12.0550841946078,80.8924279319997,96.6209592168155,78.0014459144938,43.3331092237139,7.46984774407598,7.40227579025577,1.59778672565262,5.97494687708231,5082.06628574548,65.1534881970843,803.169909435427,7.0689143905775,1.0000354,1,75,
4331,114.252407899616,94.8401435026272,80.4919480787661,513.546163381577,12.0664231020505,80.5711774464917,96.6002036369959,78.7807672685911,43.2675341096611,7.47136350210914,7.40279331374213,1.36083623773071,5.72391115914679,4986.44721089592,63.2952354207897,803.839813887235,7.07165480138189,1.0000354,1,75,
4332,113.956625210257,94.8954653828633,80.8067820321809,518.255225462824,12.1458736293383,79.3604047201389,96.4349826000353,79.6048067054464,43.1486157605077,7.47257704287692,7.40384818332998,1.12840218590099,5.46956586828155,4947.47304522348,62.1504309850298,813.079844868225,7.07305601958964,1.0000354,1,75,
4333,112.930550427176,94.2154317136852,80.3825178819747,516.509298036185,12.1549464184537,79.0005348743493,96.414186502483,80.4224023315156,43.1060309068822,7.47494363532586,7.4041372199264,0.899232526641612,5.21684290152284,4907.54680068127,61.0221363501612,800.079750576216,7.07568887218092,1.0000354,1,75,
4334,112.071033903439,93.9881895051542,80.6226088629436,521.162446256528,12.2347424227368,77.7185392218205,96.2414539555914,81.2861708533446,43.0214543634501,7.47750279847541,7.40485078411033,0.690184717509708,4.96759150751374,4792.67779178169,58.9605555467556,802.655217218397,7.07814493125109,1.0000354,1,75,
4335,111.367104457273,93.537608106344,80.3592847165267,523.860398527147,12.2932813967137,76.9269262119522,96.1341903599046,82.0547758825704,42.9718287278644,7.4785576944151,7.40521353528592,0.532567941717477,4.78624698138778,4770.21287982235,58.1344940439428,807.580212547017,7.07997576707417,1.0000354,1,75,
4336,106.464957729789,89.1989542327147,76.437125560964,553.539165917256,12.6553020863962,72.610046162568,95.3816187189537,83.9579067925892,43.0797704425717,7.4826133585889,7.4039885855751,0.196825883047894,4.26853415737873,4726.59344803669,56.2971806778524,801.794474716238,7.08250790152753,1.0000354,1,75,
4337,101.451280042392,84.7469919961692,72.4003443098308,578.796653828375,12.9714167264454,68.8797715125915,94.6460470204505,86.9597622842251,43.1031176209171,7.48779592338185,7.40362406256248,-0.00483018783007783,3.74922428535664,4736.32107895162,54.4656626759294,793.393662161703,7.08717844951633,1.0000354,1,75,
4338,98.2667398364075,81.9236261049522,69.84393334692,600.899870641735,13.2532188125067,65.883819512968,93.9541298500219,91.1356636560864,43.1443148333328,7.49039117078,7.40309076461238,-0.148505839198048,3.38075917490827,4856.43952633871,53.2880250333742,792.363622431806,7.09125607260685,1.0000354,1,75,
4339,96.9102253344177,80.9792330447774,69.2041517872173,616.934021417045,13.4636896860286,64.0435757206885,93.4656397018579,95.5850693552491,43.3454474235136,7.49026786565641,7.40096397444563,-0.299527663729795,3.12954867602564,4965.09667178496,51.9442702220762,791.899806389407,7.09294168462894,1.0000354,1,75,
4340,95.4519973125075,79.9891165410594,68.5600307534673,636.312829126986,13.7121449416782,61.9507427562461,92.8437849525308,99.9632213251359,43.7551575538483,7.48956342267268,7.39678293370382,-0.476604763521501,2.86284548569015,5039.94122479197,50.417955303774,796.637221179037,7.09331867466301,1.0000354,1,75,
4341,93.6427519313572,78.5725325140191,67.4336746838127,656.41754868941,13.9688529697731,59.7653163924594,92.1328857644673,104.298318359185,44.3309414907905,7.48939911094407,7.39102089836095,-0.656056408514424,2.57932298783859,5124.9744362162,49.1376516596047,808.903246148845,7.0935230497885,1.0000354,1,75,
4342,82.2433563997702,68.1650815924124,57.7594002130609,703.549968429494,14.5535399722813,56.8016980898939,91.207530783375,101.591220578935,45.3203695094558,7.49809617164495,7.3813613762837,-0.915501987688604,1.81671893136604,4663.37605385121,45.9033371907156,764.323995423314,7.0956925020961,1.0000354,0.999677095813315,75,
4343,50.2408451714884,36.2269592655971,25.8688696829818,626.363331267802,12.373551763277,55.6881438036803,90.8614898077837,73.3823076844868,46.0635926459392,7.50168838102939,7.3742020843572,-0.76896598868122,0.908924321409451,3353.08655419665,45.6933920450351,556.971618404563,7.08724100080154,1.0000354,0.836531143793732,75,
4344,48.157441137425,34.8313681414553,24.9816620139995,640.290427102544,11.9486566546974,54.1391755329997,89.8446256442121,75.0581810771193,48.7781225635839,7.48320620526587,7.3487809370519,-0.923516821665558,0.632940827419105,3261.3322518716,43.4507232265689,540.085586947818,7.06841244413277,1.0000354,0.755205506543593,75,
4345,48.3761148559674,35.2951717902687,25.6266486547524,790.884224716482,13.9761063100772,52.0817315296563,88.7703845881279,79.210150956938,53.0802902073534,7.47798210857121,7.31052478107235,-1.05053237166257,0.508060776985071,3378.4283910355,42.651457549578,552.450850302869,7.0533296351261,1.0000354,0.76612099231045,75,
4346,58.8377996618203,47.3613568457371,38.8787686773278,1406.41916654444,24.0380802840151,51.9593128926244,91.3602761004037,111.037806247824,55.9924666726246,7.59984980631659,7.28414613640029,-1.35135265334963,0.221541658758833,4155.01878594612,37.4198565907594,616.32040896263,7.09149179201732,1.0000354,0.939001932004595,75,
4347,73.1482278169232,62.8635115214605,55.2617646943794,1681.11251563754,29.0048410650716,66.6358152184828,96.2986768901724,140.140529239689,54.0487141792662,7.67484873724849,7.29436169333451,-1.46350116812791,0.174349607433723,4699.4917456768,33.5341372775824,599.199833419252,7.17468352178557,1.0000354,0.992131939627921,75,
4348,83.7792571848803,73.4784916704867,65.8648823772393,1788.93553232227,31.0172141267703,78.3488560131373,97.9702262669243,152.488098984807,50.9963046551164,7.70319557331868,7.31269199562285,-1.44370597535656,0.452644075402162,5121.53650981237,33.5864670351924,599.209386460708,7.23579925267488,1.0000354,0.998457122049983,75,
4349,89.0522097349769,78.7250252447438,71.0918888823975,1826.87611909381,31.775405367294,78.7157875169512,98.0664534685578,156.299386004695,48.0829182139035,7.71419528984956,7.32985749879031,-1.40364723901703,0.624117028983596,5263.00798867746,33.6726082117775,617.715000036389,7.27587426276512,1.0000354,0.998716786693272,75,
4350,91.2926977060994,80.8958506200159,73.2112245129107,1826.02140073747,31.8394314545942,77.6724468043589,98.0118160263756,157.016998144867,45.6740688500342,7.72042044437192,7.34271326831147,-1.38981040385998,0.722689370691888,5322.83677220169,33.8997486583633,617.69822312046,7.2984489953415,1.0000354,0.999224451029942,75,
4351,92.5510908926819,82.0859312987642,74.3508133380425,1823.19003587595,31.8487956974395,74.8929608213354,97.7726162751009,156.442400954809,43.6875667658992,7.72377551881345,7.35188564038012,-1.40582809320269,0.780279879792911,5338.20379836051,34.1224870353565,633.127499165086,7.31316274699688,1.0000354,0.999186160372775,75,
4352,92.6580824940954,82.1622107114723,74.4043924373597,1804.21602862591,31.5566937113839,72.3020703587673,97.5409483579033,155.092987565606,41.2867658077914,7.72926027456073,7.36599665604842,-1.4005952427947,0.794908640908817,5307.68939781284,34.2226265747033,642.026333480561,7.32664108874236,1.0000354,0.997995461312755,75,
4353,92.1376936271029,81.6969113843331,73.9798114657641,1800.66979189732,31.5310041558672,67.7355805235032,97.0225500089378,154.312654845067,39.2856702115295,7.73312110041178,7.37698515136438,-1.41303151464456,0.782439218235962,5253.2661315247,34.0430027388167,657.610700997683,7.33675194930003,1.0000354,0.996572822051646,75,
4354,93.5217194050573,83.0799602139819,75.3621382031871,1806.59704435347,31.687292339961,66.9230927575029,96.9507693361369,155.458343649971,37.6833112173003,7.73630791619662,7.38434998540017,-1.43505126382564,0.779259254740362,5292.76401842649,34.0461881566398,670.266777167853,7.34505511212398,1.0000354,0.996168059480316,75,
4355,94.429433048913,84.17959550788,76.6036286297252,1820.29865088208,31.9875268758631,64.3146979449549,96.6819043755318,156.016303833078,36.5510045139901,7.7483282859785,7.38664909489441,-1.49232137443818,0.767544777440786,5214.12920252138,33.420412318574,679.02909683821,7.35642820981447,1.0000354,0.996160440726871,75,
4356,95.0225389577474,85.0097502561875,77.6089933898171,1814.47223950473,31.9421554622683,65.1701466184582,96.8681250538623,156.790927824864,35.3879405354202,7.75408599478477,7.38962456093752,-1.4955841326085,0.743678497789773,5118.83113918209,32.6474956822746,684.804766468445,7.36673311881918,1.0000354,0.996160301115775,75,
4357,97.3648575288967,87.2624368307162,79.7954302277133,1766.7220161745,31.1489621649951,72.2514040513015,97.7098566225479,155.892759245474,34.1234296542482,7.7489940293256,7.3943037871573,-1.47445369151222,0.813652783701265,5135.06819706208,32.9397479518354,691.722712399642,7.37561899065911,1.0000354,0.996766114865422,75,
4358,99.7329458028897,89.3848294793775,81.7362217619988,1707.84591815242,30.1556021768554,76.1123502855027,98.0387288163009,152.601564557177,33.1577039193372,7.73840998467803,7.39564309221687,-1.4053817045376,1.03517826286033,5148.90773902021,33.7408581226636,698.202435899797,7.37644313093047,1.0000354,0.997930704746961,75,
4359,99.7314571284915,89.3059843648436,81.6002001482342,1686.87711039404,29.810425741325,74.3825352033721,97.8560422222608,149.770210277472,32.5478847757349,7.73210360083299,7.39275046611283,-1.39937141526864,1.07321031356567,5091.15148271162,33.9930849618191,700.160676233129,7.37259353956191,1.0000354,0.997969598557252,75,
4360,100.770733652597,90.4190995266328,82.7678916943985,1744.22691000587,30.8413152585466,66.5463906014084,96.9939567668704,150.862497093946,32.0609734017428,7.73676375352684,7.38855418116374,-1.45263381740476,1.04884732255854,5091.96051467899,33.7523281979623,712.526244047737,7.36981982362256,1.0000354,0.997970307543834,75,
