4320,113.245794760438,90.8821166691591,74.3524415582136,499.140680936403,11.54427441936,90.673883605077,97.7169613826822,72.0153313528067,43.4593730787425,7.45644437773212,7.39207751016219,3.44423368749916,7.10433680120457,5251.25390215521,72.9185550286376,758.840306749235,7.09364395138069,1.0000354,1,0,
4321,111.922863596211,89.3227384251296,72.6182980812872,490.009907011644,11.5120738328663,91.8205096555809,97.8751163677335,71.0452035639319,43.516798372344,7.45535198951263,7.3912310372993,3.26653913101704,7.05498074507403,5235.28620860631,73.6895095795622,755.585290836842,7.09357070222037,1.0000354,1,150,
4322,110.769493021087,88.303122628448,71.6975445121497,492.542880524527,11.6248241030783,89.4139280524509,97.6239642302756,71.1348036588446,43.5331012069326,7.45562057572867,7.39080401486948,2.9509248271416,6.90399251401416,5210.86561905356,73.2533914628393,755.529643768789,7.09346985385348,1.0000354,1,150,
4323,108.633833055075,86.7342068774432,70.5475266591939,502.26926703404,11.8213527766035,86.0026576757419,97.2284585615907,71.3246215788702,43.4770178082274,7.4569005182824,7.39110596050253,2.47034502311219,6.56621891236305,5092.96860960313,71.4054767745436,753.829497406173,7.09462737385015,1.0000354,1,150,
4324,106.641522751054,85.0899490528701,69.1605250150818,513.834704421182,12.0232594197779,82.477183517915,96.7864599963049,72.0107820458922,43.3486287837906,7.46000274365021,7.39213597112818,2.04458384488744,6.18934890015979,5060.24258347543,70.270623921992,759.116104101794,7.09727364931061,1.0000354,1,150,
4325,104.336371643838,83.254541920325,67.6723199507719,520.384463985633,12.1635751838325,79.8360107339188,96.4516054388075,72.8561354660293,43.1777326851695,7.46445891105789,7.39359825050458,1.58498565460668,5.74926589648242,5008.05689397047,68.7389862492168,760.075533474486,7.10097012544726,1.0000354,1,150,
4326,101.959925900012,81.7365443529901,66.7888275573651,531.778497766003,12.3612858313678,76.786996731333,96.011881544802,74.077845892997,42.8926670982258,7.46816924416725,7.39622120788223,1.11448350024709,5.2511919369736,4884.68927226335,65.9399475427394,755.999898444094,7.10569579115894,1.0000354,1,150,
4327,95.4674106279168,76.3760548641433,62.265052777876,539.005457339767,12.5174549272803,74.0855434094782,95.6302424231981,74.7822372088471,42.7191285678807,7.47534498044838,7.3977271399117,0.482493810468236,4.36420307374126,4655.11105175677,62.2488872425182,738.867904885054,7.11133349429249,1.0000354,1,150,
4328,79.4860288863792,61.7243716192823,48.5961901609933,557.793471058826,12.8114163241025,69.9361672815584,94.921656886578,75.468872609907,42.6767096872177,7.48417137669821,7.3979033812108,0.0310308983245675,3.09201405903141,4370.65140756615,57.9132993036444,696.748862749177,7.11663448143923,1.0000354,1,150,
4329,61.0452857895363,45.0745230682583,33.2700462742702,547.801058871291,12.5831190280053,68.7242420581734,94.7674890017085,74.3621708895521,42.9418748356988,7.48921910892378,7.39498072069846,-0.36513077472104,1.80776166674138,3872.33158839714,52.0739448845381,611.919983007614,7.11856994391435,1.0000354,0.976280726710491,150,
4330,43.1621413597245,27.7151051211524,16.2977305100339,351.535451857822,6.94714803954662,60.6053902183016,91.8432491186222,59.634826771801,44.2280959381319,7.44446458264008,7.38195220998095,-0.347533782369958,1.24177994364645,3003.58515469588,50.3662929413616,412.119453424612,7.09257928597483,0.993370427542837,0.492017062854565,150,
4330.97195914069,38.4778265438452,25.9919417836206,16.7632443521503,458.692594242162,7.02639651109651,51.5519958521402,87.2684922236363,NaN,48.4556368000089,7.42029889625517,7.34189939896535,-1.04791038817104,0.129232815184963,2915.03210362212,40.7112225123959,385.697316254904,7.05399252120316,0.959279115703883,0.382359401088216,150,
