4320,115.342707628843,92.5998012723732,75.7898270088955,491.450020271604,11.4521329789491,89.5213640197302,97.6028524710912,71.890323753317,44.4824899368197,7.46312363547454,7.40209467475174,3.57289310889711,7.27165595361286,5331.03120058009,74.1550590156316,790.569314077173,7.08730872120577,1.0000354,1,0,
4321,114.834734710014,91.9827332574509,75.092123488165,484.827942859079,11.4083935697432,90.3362610840884,97.7151808058584,71.3130050810039,44.5024443869517,7.46272464337019,7.40175370388819,3.5227634394472,7.25995441254382,5313.58708165332,74.5107722724299,791.153534580769,7.08723645510737,1.0000354,1,75,
4322,114.152628423871,91.4270249773869,74.6298398212899,483.195461801418,11.4269111745794,90.2656308281558,97.7175200491989,71.2435401261187,44.5041012127265,7.4619383416136,7.40159779606217,3.35596607605816,7.21450882936487,5279.04953888258,74.0986414984061,790.67720815702,7.0872810999697,1.0000354,1,75,
4323,113.637566805043,90.9801327054352,74.233333588334,489.522280068561,11.5474504239269,88.2207776425148,97.4859671856485,71.3634669819726,44.5090173707669,7.46251348661955,7.40141590269761,3.15154203038933,7.10028860158363,5272.0738847579,73.8763699091258,790.251328897235,7.08737328761682,1.0000354,1,75,
4324,113.010492324818,90.3617609370579,73.6213942591479,488.376448993004,11.5692314942536,87.7528688759358,97.4462411317063,71.7709538922511,44.4715501303116,7.46324067148762,7.40165138373458,2.97415961890911,6.98370069486571,5300.14097409257,73.8479940234543,785.394887478937,7.08811183468185,1.0000354,1,75,
4325,112.699590914143,90.381418449588,73.8853779323083,494.877869188702,11.6871288002332,85.8844482206671,97.2261101878351,72.1041401318123,44.4037359654128,7.4646512360626,7.40218726982322,2.76114166698087,6.83213783873224,5247.0312781609,72.7701803054429,786.088111378769,7.08893749092749,1.0000354,1,75,
4326,111.793266186616,89.5809150067686,73.163090221664,493.315672844785,11.701808734591,85.6428131194418,97.2108650429932,72.4474155867227,44.3425293303068,7.46486844424949,7.40266149050778,2.53124961512489,6.66043876449557,5247.01433036668,72.4251415716241,787.722415793389,7.09009932929914,1.0000354,1,75,
4327,110.863084436935,89.1106152879246,73.0327033082213,502.192212930242,11.8433905667164,83.4736872285721,96.9405292447422,72.8735130974881,44.2683743702179,7.46722512474089,7.40326506548124,2.29339713993862,6.45477239650206,5168.60198037017,70.9256595528167,781.03038783741,7.09149990515707,1.0000354,1,75,
4328,109.360936051588,87.8060027213737,71.874095477302,507.472219837338,11.9364147103945,81.8032319233179,96.7320096708038,73.27614905303,44.1445871258527,7.47010476860471,7.40435788240426,1.99106326674017,6.15354531949166,5149.9634049965,70.2815782700243,787.535707062206,7.09395063861022,1.0000354,1,75,
4329,105.854481850509,85.0287746764324,69.635860678202,509.531375863185,11.9900326541842,80.5665722810534,96.5815382533918,73.3882125046538,43.9649007924004,7.47292633380196,7.40600410009088,1.59654033216827,5.62414256642872,4983.34424772408,67.9038782612135,773.015293192515,7.09708225150418,1.0000354,1,75,
4330,100.588747853941,80.5774036437142,65.7864100970247,519.21133192101,12.1260056140721,77.9065147231559,96.2141585686754,73.7592018380971,43.709578652503,7.4787027231667,7.4084013737728,1.28385956973723,4.92156485257035,4812.68339610966,65.2485829045926,756.626270661379,7.10078880797852,1.0000354,1,75,
4331,99.2984896132378,79.9694081222092,65.6826957157967,501.499113694741,11.963892451073,79.5061855561537,96.5183904246718,75.2056358259713,43.4031163952846,7.48108459333547,7.41132171761673,1.07855461489128,4.56064405656937,4739.76081394659,63.0240109253857,753.245658535604,7.10434740224151,1.0000354,1,75,
4332,98.3430151015683,79.4254995767876,65.4429881019497,504.205484488921,12.0245488174008,78.6623128290079,96.4108551400295,76.9779095234592,43.2851750651938,7.48207516705012,7.41236787168613,0.886197586599774,4.29760689746636,4748.15659479641,61.6820672864518,756.505577717199,7.10593176655517,1.0000354,1,75,
4333,94.2994773635905,75.8580170260375,62.2273724287157,502.365288399761,12.0343980906549,78.504481786151,96.4141085620079,77.6461657594423,43.3347592125871,7.48315779168678,7.41173506276898,0.61631954384276,3.89057520125782,4668.85240905559,60.1298514020678,740.420486564043,7.10736062401058,1.0000354,1,75,
4334,86.1875614221286,68.3387196090941,55.1460973994599,520.816695155211,12.2688173082271,75.4092625838906,95.9341651628518,77.9817617164288,43.445115242145,7.48668954071644,7.41049646511682,0.4216641786588,3.32929351024745,4538.34915047147,58.1975714651668,720.420858763675,7.10829330629304,1.0000354,1,75,
4335,82.1966207957071,64.5004437080338,51.4206606432317,538.455754628086,12.4960883413066,72.9618091357275,95.5013152898881,80.4912639988441,43.5537893181852,7.4877425996832,7.40928626759923,0.29174729080711,3.03152499514328,4644.32950923135,57.6997959591993,709.000763238416,7.10877052455411,1.0000354,1,75,
4336,76.6301678568372,59.4955688269058,46.8308651960869,563.334267927867,12.7904412314474,69.6612947324652,94.8403031866305,82.5138129822801,43.890422444918,7.48936317091973,7.40582986914243,0.0754696081125172,2.62399625745857,4609.94160364462,55.8687259384633,700.009509174339,7.10890386601527,1.0000354,0.997961506382649,75,
4337,66.1100908452067,49.8257182043311,37.7894427741187,562.45999257476,12.6894760259273,68.7699696949484,94.6820684903553,80.4632933120039,44.3973790445176,7.49149832421717,7.40074645137875,-0.11550431474375,2.0017618626442,4272.31885305831,53.0964950252782,644.640001567291,7.10845871656453,1.0000354,0.98328775637851,75,
4338,47.1594837606221,30.79183854552,18.6940138213141,446.170957861339,9.03944726645513,66.2916364239047,93.8221509572022,60.0211689999363,45.6459169470945,7.47104561199948,7.38862839024483,0.0592907566876253,1.56188264121519,3203.21046091308,53.3680118912126,449.082975505515,7.08898688886294,1.0000354,0.678045556154883,75,
4339,46.8440097265042,30.679565362181,18.7319325711595,540.787413243402,8.54566683774842,50.5796367187313,86.8104640337148,63.4171630132422,48.1312435523438,7.44113926268099,7.36551725550391,-0.0659454404557853,1.44347879282094,3342.43070538924,52.7054593200788,454.611839234517,7.05217859796643,0.993403427202892,0.476990226231455,75,
4340,46.5331597621163,31.1537376264526,19.7863386566141,611.764589076502,9.04638846079269,46.3392789615896,83.9826343987784,67.5381626912229,51.3479701211964,7.44035715639868,7.3369858602697,-0.375626069845064,1.18672949439558,3386.75734432161,50.145831769299,467.63630195442,7.03296485044812,0.994070835034627,0.424393928214134,75,
4341,44.6980607898103,30.0012520672268,19.1383934461869,677.362721292142,10.0003664264766,47.3502254774814,84.5099315785992,71.0547394988033,55.309126073703,7.43162607352428,7.30349455950258,-0.590807388007284,0.932768430735426,3404.95138220651,47.9201163247365,451.976795908865,7.01837422735697,0.994070835034627,0.438743344139123,75,
4342,44.8038888768574,30.8517912908412,20.5393713359596,908.211257949494,13.507702862303,49.5148692973703,86.5144374837346,77.8403040593548,60.3547227472833,7.44845818828665,7.26318082017379,-0.79596943571377,0.659702951831897,3541.10537566556,45.4919263029265,466.800154419466,7.00859140965995,1.0000354,0.50979136185563,75,
4343,52.4025157053264,39.6770469641894,30.2712657207402,1604.64641526229,26.8002199101036,50.5867827868131,90.9783564120016,107.770304057653,61.3799787141722,7.61151432840438,7.25179695148283,-1.15050873445502,0.35258671192837,4471.64912227104,41.4924051794349,562.336321074342,7.07189547197347,1.0000354,0.907123103357435,75,
4344,57.2642992601117,46.0546195237531,37.7692040664447,1943.98203182601,33.0353351519476,50.1935691513208,92.6746999205767,134.26442624716,54.2148999619857,7.71114029804595,7.29986202097848,-1.43163038417588,-0.0239224450850308,4907.37207064303,36.5500543055934,575.079584501606,7.19023370083033,1.0000354,0.953705105535894,75,
4345,37.2355928164384,24.9730469016267,15.9094260080702,408.209269203917,9.24599586271637,81.8650240267463,97.1187635318007,74.1291786837962,51.9365599135844,7.48413236259131,7.31119825026872,-1.16942022317758,-0.0327343604320274,2963.90757433704,39.9830084045557,380.354867087428,7.24586281128491,1.0000354,0.729423539355497,75,
4345.03028754468,37.0712342179906,24.8503935345804,15.8175982468424,428.655815877537,9.23290619189027,81.5688669187216,96.9859292923754,NaN,52.0258481574846,7.47055618525415,7.31024254193825,-1.17283303608774,-0.0437291020246637,2950.79054501175,39.847025173241,378.58603797316,7.24233201000996,0.999963233787173,0.706876536021368,75,
