4320,115.790893353664,93.525432317746,77.0683524216326,493.133002921175,11.4740838802854,91.2589361155425,97.7948149234625,72.0543966859869,43.925544744954,7.45866912694201,7.39522525658212,3.39544028800584,7.22976451722822,5231.02746283201,72.5983104907369,758.727490695894,7.0846236547584,1.0000354,1,0,
4321,115.077926908529,92.8602970645036,76.4385706580499,490.758570795405,11.4646578081838,91.821237705204,97.8639524384255,71.812751886471,43.9716103734339,7.45805036928752,7.39470920887237,3.36765730997223,7.22795847824676,5202.28472758644,72.4423530769402,757.247109046963,7.0841747480703,1.0000354,1,37.5,
4322,115.05003525096,92.6092784979444,76.0226322022373,490.57805277484,11.481998034276,91.6684106688749,97.8511681832173,71.9257391896765,43.9845548289113,7.45759896910737,7.39452328531785,3.30812553662122,7.21910595196724,5262.79742844687,73.1698761491802,758.671385242296,7.08382417483172,1.0000354,1,37.5,
4323,115.473041216835,93.1357544965728,76.6255860511616,493.503053904294,11.5379677480715,90.2636481196186,97.6963396455668,72.0014673614719,43.977713124792,7.45808607015836,7.39453566613996,3.21818021392929,7.17665468311798,5244.04714951399,72.8325038597766,765.125348563278,7.08396232008256,1.0000354,1,37.5,
4324,115.169297665739,92.9742242495288,76.5691699853731,495.308755448693,11.5782284621969,89.4799411663489,97.6094348546685,72.0573747450332,43.9755747135381,7.45828045157392,7.39450366582084,3.1079627111744,7.1162470463847,5214.70617711255,72.3688060460735,762.952868479856,7.08461036803231,1.0000354,1,37.5,
4325,114.424304871699,92.4105001451898,76.1394270864656,494.395884402505,11.5829954305137,89.356482188143,97.6018988670719,72.1603983714266,43.9683028063842,7.4584720184886,7.39452380571307,2.99612554624391,7.03881447641529,5179.51211908924,71.7777650343485,757.948507651841,7.0850000472252,1.0000354,1,37.5,
4326,113.924417946999,91.8425944729573,75.5212466877959,495.972353523832,11.6186717332428,88.6616732273516,97.5248960190918,72.3246802028364,43.9555403651173,7.45891607711687,7.39459919321055,2.87826355845484,6.95133427544933,5207.3441090012,71.9995455824633,754.176585619745,7.0850473432381,1.0000354,1,37.5,
4327,113.814538813126,91.9771312693562,75.8364387370048,501.695345808751,11.7050920062601,86.9692767660206,97.3235820936074,72.5237003185793,43.9010824635211,7.46045830587038,7.3950881339057,2.75299320502114,6.84145041288598,5163.87660154743,71.2026079593809,763.907057757833,7.08547227871602,1.0000354,1,37.5,
4328,112.473079755012,90.9105361385495,74.9730039002944,506.011792036837,11.7720977734807,85.7373752329442,97.1728253253678,72.5774713352015,43.8444431041284,7.46169059184653,7.39559972237785,2.57329828111348,6.64327888291816,5102.66016566222,70.3063922149536,758.528479879797,7.08697647895735,1.0000354,1,37.5,
4329,111.430611863418,90.0818134182182,74.3022667413316,506.279708734161,11.7895093268549,85.0907053602268,97.1019832864158,72.8185809229503,43.736221976841,7.46342089411877,7.39662364185351,2.42375353797497,6.4449635944655,5068.86202657243,69.6094590463911,755.843393041761,7.08850145019793,1.0000354,1,37.5,
4330,110.659804352508,89.5404697274607,73.93052674373,505.437052575873,11.7933553291261,84.750002951521,97.0686381150071,73.1950705876129,43.6079401479112,7.46450115560929,7.39784953141631,2.28799516244187,6.2419864502378,5040.30580900107,68.8612739701909,747.316913420718,7.08971482856952,1.0000354,1,37.5,
4331,109.78967935453,88.8427141299767,73.3601746161765,503.654176838054,11.7856505614789,84.6584244000956,97.0687307766891,73.6611920895084,43.5254335912149,7.46539067858674,7.39862172257225,2.15959344382274,6.05745240438212,5031.00415910845,68.2992498002896,747.749722024203,7.09102971793549,1.0000354,1,37.5,
4332,108.519816930392,87.8951795239118,72.6508823104261,497.282155840772,11.7214379404954,85.4532807069484,97.1855542532098,73.8973124616524,43.5040765359897,7.4654679231952,7.39878391544649,2.00415238116165,5.82193956725317,4969.46673525181,67.2482742566669,748.15277338513,7.09145245294485,1.0000354,1,37.5,
4333,107.514958987443,87.1542283687669,72.1049926940934,499.024138520327,11.7563293169273,84.8789174284861,97.1193787422076,74.3304055065311,43.4743207871474,7.46636992430941,7.39902871522256,1.87479902787238,5.61128104796481,4934.63099006092,66.387785138981,741.056332869177,7.09182231168432,1.0000354,1,37.5,
4334,106.285404230214,86.338822085958,71.5956961532473,496.437613023071,11.7378330371375,84.8920076935044,97.1367309270359,74.8519979007386,43.4405810908549,7.46772932497235,7.3993123852534,1.74500519983259,5.42655910040969,4868.18090212998,65.0374210262989,742.032374419959,7.09256483349345,1.0000354,1,37.5,
4335,105.674059708325,85.9554349756197,71.3807993036199,496.63217724143,11.7533246246604,84.6908134416359,97.116433266888,75.3032109919145,43.4037680471877,7.46787060259748,7.39962530577887,1.61861696120008,5.22558529956839,4841.55577095974,64.294147715422,738.471413213973,7.09293734547262,1.0000354,1,37.5,
4336,105.173793102658,85.6410060487637,71.2037286611029,499.957143846964,11.8066664743754,83.86597870011,97.0154522994331,75.8551023493212,43.3588652569092,7.46900997862797,7.40001775251293,1.4933865922797,5.04816698860594,4831.07562355681,63.6882091505087,736.124590487509,7.09318059402464,1.0000354,1,37.5,
4337,104.039708407144,84.6449375301434,70.3096720993168,483.849941873927,11.6178901567335,86.7658335547548,97.3945066547285,76.4198674535966,43.3793749279057,7.46633345487664,7.39975390104602,1.37240603157545,4.8897321359954,4832.6545872332,63.2381964044582,730.042353806474,7.09262729299795,1.0000354,1,37.5,
4338,103.364051172586,84.3930328125465,70.3709757638217,488.091233111161,11.6850599517773,85.8244168750203,97.2844304038663,76.853282741482,43.4213969799777,7.46736912090308,7.39927469972434,1.24685391003368,4.71601301804914,4753.87643233018,61.8565175455315,730.336420984863,7.09232468671538,1.0000354,1,37.5,
4339,102.856370705894,84.1452010879405,70.3152061529313,486.612425824312,11.6788630452298,85.8504817740152,97.2975345382404,77.1296855985737,43.4434590706801,7.46798455961954,7.39899543595512,1.1230411059098,4.54198185589078,4705.62504312512,61.0092600093801,729.425307675406,7.09237339815858,1.0000354,1,37.5,
4340,102.075120758288,83.6598568350583,70.048574804845,484.329586630747,11.6621200790135,86.2890567147006,97.3559552174253,77.6969499254916,43.4643654392441,7.46728729024814,7.39872810427478,1.02455071136781,4.42519728278539,4665.26952981881,60.0444359050468,735.193662820473,7.09256637177031,1.0000354,1,37.5,
4341,102.556476755615,84.3061544917163,70.8167858618783,492.708722200018,11.7796633699821,84.6145356322422,97.1492517437997,78.2146660663806,43.4750076506568,7.46881200531658,7.39856432326986,0.924599827388234,4.29992285123617,4654.29123151546,59.5066304772736,740.22338818341,7.09338654514816,1.0000354,1,37.5,
4342,101.633250254614,83.7555294387317,70.5415618791662,490.594202030243,11.7652362759043,84.6185683983865,97.1620220609523,78.5196691757933,43.4377168375717,7.46978730720789,7.39888026493426,0.823786447916399,4.18109491001853,4577.04765019691,58.2917337559028,732.182199610654,7.09465212388613,1.0000354,1,37.5,
4343,101.26192424946,83.7036609676792,70.7258141941892,488.383904017123,11.749230320425,84.7145199961423,97.1850272272848,78.9119175849359,43.4121436822533,7.47045250713033,7.39908030058281,0.726088816492517,4.07783399723894,4517.71651458634,57.2501170019566,730.687094753773,7.09540840780374,1.0000354,1,37.5,
4344,101.361329527563,83.9326640287561,71.0506069209419,499.896287556051,11.8996041761423,82.6971123384195,96.9194968611416,79.3723620289636,43.4257643457242,7.47194292376269,7.39889010640211,0.626875418318379,3.97084108007284,4510.53711789829,56.8275531003142,740.640541028398,7.0964739343795,1.0000354,1,37.5,
4345,103.551410875237,86.7627143907134,74.353677858674,506.240602802798,11.981091525261,81.5833032742887,96.7732640010548,81.5263844109643,43.355914496578,7.47357324424591,7.39953782858959,0.529740510213641,3.88111233078439,4462.82628001017,54.7408831172204,759.535193778318,7.09886698806698,1.0000354,1,37.5,
4346,101.471676146591,84.6440876472191,72.2063048433355,505.0531531932,11.9760045429842,82.0791837755617,96.8408275524056,81.2357043972866,43.5879335780539,7.47207643663198,7.39717138919533,0.423477935360853,3.77814703379152,4457.2157408273,54.86769363172,739.193629577742,7.09939963137234,1.0000354,1,37.5,
4347,104.013637339907,87.5672134873642,75.4111610746152,515.589305878001,12.0976222644245,80.3120146933171,96.6010670094487,83.9622918416973,43.6053712653176,7.47518860009174,7.39695261032121,0.33257841384106,3.69058444308133,4502.46748180566,53.6248759180446,762.329867577105,7.10058327557126,1.0000354,1,37.5,
4348,104.99333155059,88.8822693693782,76.9740929745695,517.446371372039,12.1231504575947,80.8072526777626,96.6564857956202,85.2274577775283,43.8411330359131,7.47196932655929,7.39456993463733,0.23704373331927,3.62539388144251,4477.11788489341,52.5314024569424,763.389924018163,7.10096620130414,1.0000354,1,37.5,
4349,106.20788115568,90.5674532284969,79.0071369344921,523.871175750848,12.197260172601,80.2691384441437,96.5764082258179,86.7531231237908,44.0952800146306,7.47207205903955,7.39202321984759,0.163606562544721,3.57682185871554,4424.13704431357,50.9968619573572,766.235305149305,7.10160131212536,1.0000354,1,37.5,
4350,107.953040233222,92.5821767707716,81.2211037767864,529.462236275181,12.2609213723144,79.7370937818549,96.5061822844459,87.4526379614369,44.4671474428736,7.47358746518197,7.38834433944474,0.0977965007766417,3.55503077982727,4382.94479702222,50.1179255330745,773.118503964246,7.10200825419244,1.0000354,1,37.5,
4351,108.624094942447,93.5042723266757,82.3287512628446,524.806827255311,12.2110904449362,81.1406467850362,96.7035244277595,86.9438903582879,44.7930599551256,7.4706771449207,7.38514418076344,0.0380865370015906,3.53983008970741,4286.28048431949,49.299386841975,770.511740562397,7.10228401475268,1.0000354,1,37.5,
4352,107.293157935226,92.0847034529897,80.8436718791626,529.928682770531,12.2676080084591,81.4392724417898,96.7191594166593,86.0176344739215,45.347674287584,7.46664312932885,7.3797732663524,-0.0359207929309973,3.51739834835115,4265.47498220069,49.5883781074435,758.819706321213,7.09955496041999,1.0000354,1,37.5,
4353,105.807938033121,90.6305726573074,79.4125199882277,561.277086238793,12.6138047797599,77.1639748281536,96.0326928290545,85.817671982547,45.7916090337082,7.4686047411083,7.37551806012198,-0.100205600396662,3.45556594428488,4246.85995706409,49.4870095978342,756.784547236114,7.09697087223409,1.0000354,1,37.5,
4354,104.241708670241,88.9607190992934,77.6660746338108,583.451709731994,12.8610287188556,74.046409718268,95.4904291993252,86.3683617907688,46.0603058247476,7.4732273623622,7.37295501871587,-0.187795706690051,3.35304777740247,4303.29365464932,49.8248845459665,762.772847518925,7.09825754706205,1.0000354,1,37.5,
4355,103.650888262735,88.68108743265,77.6164520365,604.954642862587,13.1024801202497,71.1044992086089,94.9122259682668,87.5082295156757,46.1139154879442,7.47707974775604,7.37242980550843,-0.256682884398352,3.24495504362743,4271.29670904856,48.8102288514868,763.866594042428,7.10137124071524,1.0000354,1,37.5,
4356,103.198684799303,88.3032834619465,77.293638995205,610.359608447487,13.1629307947613,70.5547779282936,94.7955257532183,88.7398801732624,46.2102717617669,7.47766790924035,7.37150494671342,-0.336603886672971,3.14326806911229,4309.8868533996,48.5676433750491,763.422579006121,7.10415553619069,1.0000354,1,37.5,
4357,103.288275087384,88.7283642436158,77.9666910112652,626.857533541108,13.3487380235825,68.4014355154786,94.3244086072783,89.9075715671884,46.3514397232616,7.48101701712591,7.37016316932627,-0.419663503002898,3.02530747138138,4268.24956478298,47.4737498787106,772.523546680027,7.10632509428498,1.0000354,1,37.5,
4358,102.672198900464,88.4386474539891,77.9181963848558,631.394541791741,13.3988052008746,67.9728457474075,94.2276573639094,90.9621221713539,46.4988935733325,7.4818446097845,7.36876721686132,-0.504445418663832,2.91162099094454,4221.51834754409,46.4096290496788,763.706182851232,7.10849782203775,1.0000354,1,37.5,
4359,101.33952485993,87.4849301902489,77.2445776083107,643.300027196604,13.5328047673877,66.604187359601,93.8942016957696,92.1877058225993,46.6981447500836,7.48349441558971,7.36689456130171,-0.614492994452455,2.71915027372875,4164.48836980474,45.1740102722443,762.899474235283,7.10961642457964,1.0000354,1,37.5,
4360,99.7539425093075,86.3249823730695,76.3992292288935,646.767130182346,13.5708918449608,66.2501492157724,93.8176878158974,93.7174825235297,46.8165933262011,7.48485472020535,7.36577936838115,-0.719860796379784,2.46783483302035,4103.5319598638,43.7861949485629,758.20072380652,7.11134697601017,1.0000354,1,37.5,
