4320,130.408052434432,109.824280588535,94.6101883546109,514.778437804752,11.7316834109167,90.5024434703429,97.6928030671742,76.0767609952195,42.4610809818845,7.4538887439704,7.38379519141723,2.96127681101779,7.67730593175221,5105.89400817075,67.1150288389854,770.402791115377,7.07987806900843,1.0000354,1,0,
4321,130.862959246496,110.498871576438,95.447154602916,508.374580701928,11.6951004492242,92.2944792993308,97.9126127202146,76.6591116861103,42.531455097863,7.45324363327521,7.38295642813456,2.86129474168992,7.67777530089238,5090.06774111086,66.3987310726055,769.294021396239,7.08024604098206,1.0000354,1,75,
4322,130.994274444376,110.871690800337,95.9984768025683,510.985088310007,11.7638757369956,90.447560398619,97.7148720863838,76.6702413165043,42.5832708212814,7.45360337852423,7.38231364496214,2.65480666018848,7.57729734564764,5030.43327986427,65.6112879454496,773.939294988352,7.08060739875821,1.0000354,1,75,
4323,131.451386534037,111.438572760735,96.6464930152511,518.952938678876,11.8909191676084,87.9383397833488,97.4182063130122,77.2900546331842,42.5140233069635,7.4534495661706,7.38290941626577,2.39257374952021,7.35878255792004,5043.43688258845,65.2533745321364,779.79708874912,7.08073847467899,1.0000354,1,75,
4324,129.148610040289,109.397016512362,94.7980126004165,509.895981572688,11.819376143274,89.0320633370989,97.5782555171536,76.7938339033956,42.6166785900435,7.45484166410813,7.38175500866486,2.19052464540817,7.1518201213475,4945.6492369292,64.401645100187,763.701486428762,7.0818204102599,1.0000354,1,75,
4325,127.801627155675,108.296095100669,93.8789627121863,524.454686341894,12.0128133639353,85.2411214655264,97.1027412838173,77.2301704093663,42.5055501833117,7.45579908352895,7.38278266505324,1.97965046536609,6.9218768868208,4911.78802476436,63.5993420541342,765.082287678176,7.08195197299156,1.0000354,1,75,
4326,126.737569461174,107.490699875733,93.2647527908411,519.275460817419,11.9874552113311,85.2512841753704,97.1372457923879,78.0147204103408,42.4573957314358,7.45839073857327,7.38317058637208,1.74880392538007,6.68165728903946,4895.88808479092,62.7559524540957,763.214607595057,7.0841303896365,1.0000354,1,75,
4327,125.979283759051,107.285279958045,93.4679728007808,524.360865946707,12.0704089029744,83.5745914366194,96.927612380615,78.4595867379738,42.379307781034,7.4600565056175,7.38386801654451,1.53381094015821,6.44401585382503,4782.36990409227,60.9532894949298,768.972692285871,7.08561553487256,1.0000354,1,75,
4328,125.115532177294,106.741956044028,93.1614867281353,526.182762712954,12.1189364552531,82.5578585773371,96.807447089955,79.2495707706701,42.2806995204806,7.46181706759052,7.38477848973757,1.30612170985874,6.1924367885847,4747.72366678788,59.908509542931,761.694881685035,7.08731131648491,1.0000354,1,75,
4329,124.34138704358,106.204664095281,92.7992601769727,530.112519193644,12.190422555015,81.392087860082,96.6546124001214,79.893816900339,42.1959180344405,7.4627470369888,7.38555008782448,1.10907673695371,5.9823518178179,4724.6192000052,59.136230853744,766.621381061003,7.08880390105025,1.0000354,1,75,
4330,124.151658278822,106.538591579803,93.5202379327023,539.139225018797,12.3180313269991,79.3999491154047,96.3746586503851,81.4248845726838,42.050684441053,7.46525659013037,7.38694830244193,0.809341146577701,5.63999981647639,4676.13405540173,57.4288079122493,764.296445050123,7.09084608927477,1.0000354,1,75,
4331,122.499679905692,105.289162047835,92.5683445007228,530.620771348503,12.2546893425973,79.9735623750043,96.5051444086282,82.1284395649568,42.0478432549854,7.46754489753519,7.38687983575537,0.584967678822229,5.35947476424804,4608.74130563589,56.1162653284159,756.004336547806,7.09422589153093,1.0000354,1,75,
4332,121.311663436738,104.507137619297,92.0864011455366,530.433496255612,12.2821821002369,79.3951174128399,96.4446316121946,83.1406804623256,41.9443618765652,7.46928952586464,7.38785185337606,0.367254911788749,5.08258469951521,4555.48539493105,54.7924959189542,756.882499573039,7.0959457073548,1.0000354,1,75,
4333,120.595854297642,104.332382528734,92.3115555691068,540.006745399863,12.417988230066,77.4194371841894,96.1549292350403,84.1006055466221,41.8462521672651,7.47184808783765,7.38877161504685,0.193932690115208,4.86761628421403,4459.71601530455,53.0283460662154,763.221386337237,7.09764752207378,1.0000354,1,75,
4334,120.094064233567,104.120240877498,92.3135018751865,545.958929601847,12.5149845396563,76.0857421191217,95.9514232409608,85.264852016914,41.6699193205732,7.47316312488895,7.3905088383889,0.0066813738700966,4.6551246031454,4440.92810030726,52.0839243282369,767.520285025929,7.10004414560852,1.0000354,1,75,
4335,118.819851743843,103.169923130195,91.6025845896733,549.062960786595,12.580762523912,75.0043750744599,95.808943861587,86.4631631825643,41.6488102489806,7.47686308011242,7.39063389111023,-0.185767806527632,4.43956143639641,4412.02843108345,51.0278397028754,764.640288992167,7.10325370038802,1.0000354,1,75,
4336,117.288545303032,101.987509787499,90.6780487542784,563.769131242691,12.7786928392042,72.5028967592516,95.383381919551,87.8507017457646,41.6280883372921,7.48079800944455,7.39075696161099,-0.375369005925712,4.20251625911047,4382.89311663845,49.8902459461544,761.15681527355,7.10653604893346,1.0000354,1,75,
4337,112.468132628152,97.7755715442435,86.9158524822244,595.300964908025,13.1721158075516,68.0070512885781,94.4628978731417,90.3101962213531,41.6323763401264,7.4856147527714,7.39062284650056,-0.629053534707953,3.7250899163251,4326.42433328918,47.9062665602561,760.697397504514,7.11108522290529,1.0000354,1,75,
4338,107.114732321403,92.7275628874171,82.093568088384,627.183456791471,13.5749610119582,63.3258818561585,93.3175448151577,94.2970882189735,41.616785148705,7.49145345479489,7.39070330267379,-0.815324268270417,3.21333807736313,4423.52475851188,46.910512742872,766.017664915906,7.11666774649594,1.0000354,1,75,
4339,94.2984554984198,80.6898254139711,70.6312727428568,637.357955361912,13.7238378029862,61.3266216327816,92.8196583257228,94.0738630500267,41.8954016214689,7.49707521204961,7.38773410830641,-1.01792411826398,2.32444688182852,4174.2476277695,44.3720231362213,734.463430071397,7.12199339578227,1.0000354,1,75,
4340,71.2948019081374,57.3873917428992,47.1080016207665,666.084941964251,14.0199374217,57.5798801061337,91.7032731637396,82.379124494658,42.5492602909081,7.50539417014789,7.38095039084249,-1.01473825534071,1.52362882482077,3735.58185376275,45.3462194054392,667.143402801828,7.12230051697649,1.0000354,0.989761855793319,75,
4341,50.516144650613,37.2549346723349,27.4531707753468,609.651623463556,12.1455760560345,56.0497955419919,91.1249300063681,72.5896625161749,42.8294105485192,7.5037579209669,7.37804733474781,-1.01223621431678,0.696548467244453,3138.72127192337,43.2392321871449,531.864313436144,7.1126396882006,1.0000354,0.831953781999298,75,
4342,48.5126182412232,35.8567299840123,26.5023777938999,675.690759970416,12.5286718155475,52.647457795626,89.6787841858063,74.3305353564744,44.3902567713899,7.50345791513527,7.36240420835518,-1.15642059634512,0.474350543545562,3067.28911991746,41.2655324653234,518.886595169136,7.10102168424547,1.0000354,0.771382186026138,75,
4343,47.8087870860238,35.6832583102616,26.7209109542635,724.173099635648,12.968625607187,50.7808504221528,88.8855374835937,77.5922283606319,46.6018679405432,7.50704430716669,7.34077041867549,-1.26341830211716,0.264843358665047,3067.70597913877,39.5362531010288,517.788660836738,7.09814659365267,1.0000354,0.743083674782317,75,
4344,48.6269676955649,36.743073354444,27.9593253631808,725.494212081381,13.4793953007569,53.1759695904932,89.5313152911416,81.1615039503064,49.8860002580914,7.48093382189793,7.30980430141914,-1.30081500217775,0.174112930353169,3144.87718326707,38.7483847661647,528.256472072907,7.08968287454833,1.0000354,0.802379538519097,75,
4345,56.5081777606475,45.4316657439793,37.2446786012246,1102.22783685004,19.5994008046588,56.7640901601198,92.1464500032486,103.293247920531,53.839180481379,7.53569917587622,7.27390933777006,-1.38528281564719,0.0804767051803945,3730.52348310527,36.1158503407247,556.239516831624,7.09248672221591,1.0000354,0.930609465519617,75,
4346,74.0729932531482,64.0199910037981,56.5895110803655,1577.90921895366,27.5065073488374,69.7535977290551,96.5581786059021,135.866539153799,55.6421547598259,7.64024536278982,7.25487636095912,-1.54158020683766,0.160031308259516,4453.51700008041,32.7786151602721,544.961515842452,7.1487742728207,1.0000354,0.998715509061508,75,
4347,86.8317608933905,76.9438186358484,69.635339575926,1742.31322467685,30.3793618744676,80.0734436711085,98.0408155736107,151.700547823073,53.1245929596133,7.67888323669354,7.26853834272478,-1.5394166422,0.451244159929196,4890.88996768207,32.2404239000263,546.526959933698,7.21003629638452,1.0000354,1,75,
4348,94.0998476926281,84.1732328186627,76.8361696509492,1824.88942143069,31.8966389343553,78.4865519341416,97.9812836495884,158.295784711954,50.2398691768006,7.69523567354738,7.28496560019513,-1.49439780805728,0.691347990961894,5123.48353117267,32.3665190484744,563.293166529731,7.25584197372709,1.0000354,1,75,
4349,97.1144541388145,87.0835084136892,79.6693311385967,1826.55604772637,31.9783742896015,79.8742726389149,98.1407542879291,159.848899864275,47.9280736938138,7.7009165950534,7.29654304431074,-1.48200153402556,0.798427810864531,5228.12971026257,32.7066981049084,566.858832682608,7.28602758869026,1.0000354,1,75,
4350,98.9327758158217,88.8401816712342,81.3804381730608,1818.12382786623,31.8677642742891,78.7009426557214,98.0631541460246,159.446730686717,45.707429432648,7.70469896989033,7.30760973721569,-1.48809260194417,0.862835164017791,5247.02640565544,32.9077076905694,575.005156081712,7.30414849164845,1.0000354,1,75,
4351,98.4174369575922,88.3515455735197,80.9115388983357,1793.34018709552,31.4591477555063,76.9542391485927,97.9203126946614,157.629876768022,43.8500779501017,7.70667401966644,7.31577301658956,-1.48663864022799,0.905890076378093,5173.51362960507,32.8206412114294,584.514172322443,7.31711391189601,1.0000354,1,75,
4352,97.8939495676498,87.8044317125077,80.3469619934896,1777.79438009808,31.2120998682876,73.2192042670842,97.5558302387308,156.000890621404,42.0157270234408,7.70824674146949,7.32436564231406,-1.49717507345156,0.920327290373187,5132.0669431404,32.8976772036214,589.469229071599,7.32595225158456,1.0000354,1,75,
4353,98.56470327519,88.4438612281409,80.9632388455394,1812.40670354123,31.8589125482943,65.9036526538373,96.6680305005444,157.216374439761,40.3050816978656,7.71457987979079,7.33234196102955,-1.50352554907051,0.883370456580174,5188.11083570889,32.9998122281899,609.337941394942,7.33495901525349,1.0000354,0.999894472670123,75,
4354,99.4908121450086,89.5010529990378,82.1173179781027,1815.3375931981,31.9493499058846,69.1807368153641,97.1578854557712,159.641724713067,39.3985522153292,7.71746660790311,7.33190037589788,-1.52125130874537,0.877722756176863,5199.91506879518,32.5724059805874,616.802366647194,7.34478749055645,1.0000354,0.999847428224599,75,
4355,101.360984113125,91.5381398431757,84.277776687126,1819.79875840074,32.0674004635329,68.8624263162589,97.186722464395,160.871730806345,38.1964397271909,7.72588940256104,7.33476503053814,-1.53519084665657,0.881652673827532,5152.42661520451,32.028166722511,620.369430640637,7.35370436136399,1.0000354,0.999998627953794,75,
4356,105.134355657713,95.1402856329931,87.7533643103738,1746.47927200729,30.7838558343026,78.7230418215945,98.1577784233049,159.199683897182,37.0232774736943,7.71382820405055,7.33753045041141,-1.46986066220491,1.08029688297912,5187.75444087133,32.5864619443705,625.454436175704,7.35881947234591,1.0000354,1,75,
4357,106.016357209581,95.9036301832061,88.4290058593635,1669.67251172287,29.441937144906,82.2330001985396,98.3766675727403,155.122422084574,36.3346536972808,7.69635653419205,7.33489112320023,-1.42708093289562,1.18813183796374,5114.90631280257,32.9733525564336,624.469737053481,7.35440670973846,1.0000354,1,75,
4358,105.112137939234,94.9012466777491,87.3540661801298,1668.44003001378,29.4104748998115,76.8621554637657,97.8910435264611,152.823104624912,35.8801782914163,7.68968636775535,7.32979779002636,-1.4244151272965,1.23016298647967,5088.00455218291,33.2934248696942,620.431640381996,7.34580825918944,1.0000354,1,75,
4359,106.238880653029,96.0941270307587,88.5958308751677,1753.83223011777,30.9011998072514,65.6011217258823,96.5983990505214,155.234776269452,35.5255053261071,7.70083625215709,7.32369122762021,-1.46681886723918,1.20040754746625,5134.82144018455,33.0777778251934,637.87970804629,7.34382629543181,1.0000354,1,75,
4360,106.7953378493,96.8827928287516,89.5561291179113,1806.50940987364,31.8596573696008,64.9769983884469,96.6231342238918,158.453484558511,35.0169153285292,7.71416140239637,7.31949887152276,-1.5281908871262,1.17117794972289,5121.31853344273,32.3206431698991,642.838022506842,7.35006445346324,1.0000354,1,75,
