4320,108.496441879543,86.1318984055829,69.6015836639599,485.106018652359,11.375883146343,88.5733090404086,97.5145585976549,69.1348088240722,45.0562147253941,7.46883503406857,7.40641414584955,3.27349407284564,6.72944990712182,5041.40543581131,72.92137667785,756.370549777653,7.10113431823793,1.0000354,1,0,
4321,107.887655754901,85.6422039958889,69.1999135653146,479.61038359552,11.3891434980258,88.6998866512136,97.5594541628076,69.1626386827825,45.0787541416797,7.4679232292174,7.40589145060362,3.04492626948716,6.68353924575169,5016.57841948576,72.5330686484436,761.39668224661,7.1014712392163,1.0000354,1,150,
4322,106.765346991009,84.7010748073692,68.3926997151135,490.131572211614,11.6086013815884,85.5842903254807,97.2028991533164,69.3131013317838,45.0406977812903,7.46968455165566,7.40596133677947,2.59633500807548,6.42321558860183,4986.54519151572,71.9423182010919,755.758823662907,7.10275113039245,1.0000354,1,150,
4323,104.081239446561,82.551539738662,66.6382834328236,496.799071972839,11.770818690004,83.0698544005993,96.9130839227945,69.7501109904017,44.8964914211481,7.47320130095978,7.40706126452545,2.10581088070416,5.99060084872536,4896.40910825665,70.1993020330885,753.501492180751,7.10548888277336,1.0000354,1,150,
4324,100.759759222702,80.0350602426654,64.7168044748121,509.352242225382,11.9909128272566,79.6195484986042,96.4669737963689,70.513403133034,44.6343487302913,7.47828409106666,7.40931187461827,1.6110203378077,5.45750990266165,4764.91028647385,67.5745329931693,743.820099110661,7.1097359977996,1.0000354,1,150,
4325,97.3573665205339,77.3156984556065,62.502291625008,514.591194763517,12.1185484093863,77.3150217297123,96.1692991555302,71.4498012571481,44.3432420830734,7.48287101731343,7.4118578808728,1.12859009682856,4.88466752172151,4669.06276171995,65.3474562499617,743.474738053961,7.11443705077758,1.0000354,1,150,
4326,91.8121994603896,72.7617523415961,58.6809870798792,522.932415483,12.2838236591956,74.6013117294298,95.7917779701286,72.389654179304,44.0901722538098,7.48913662035393,7.41404351902554,0.635468397404867,4.19993459664876,4496.51966151887,62.1155013447269,733.351471074303,7.1198522860001,1.0000354,1,150,
4327,81.2412403729946,62.9580124447433,49.4443222369054,541.864596921187,12.5718025311752,70.983032045206,95.1831221488476,73.9518921951349,44.0546662389209,7.49451194491159,7.41409521225091,0.214654356356012,3.32968741539617,4408.56233446431,59.6139220188113,694.631727066041,7.12455270789068,1.0000354,1,150,
4328,67.3864570913646,50.5369696722915,38.0830007103679,559.839778494517,12.7452794139216,67.1404830046263,94.4280450975255,76.5147974019448,44.3761572965122,7.49955041616927,7.41066351893335,-0.165106093657401,2.26110925727174,4203.65386147827,54.9390968049721,641.092889695203,7.12653782608498,1.0000354,0.986448645505587,150,
4328.78343012105,42.3775917118451,27.4614595229598,16.4364922529142,398.361478816839,8.9540373150277,70.9463093159223,95.2222481491126,NaN,45.3054143717756,7.48962105494986,7.4014709217089,-0.166014154386319,1.10223858746386,2776.01956168646,48.6352379689188,391.847526033546,7.1157335290409,0.996144203518851,0.708356685701435,150,
