4320,116.566301008697,94.7446925481545,78.6156775990578,498.424181058063,11.5403107709875,91.9563515045098,97.8655004753245,72.7188748938224,43.5861662747251,7.45578501182605,7.39016282500456,3.26793156126429,7.1838373991111,5174.02748781343,71.1510937891722,755.984731471169,7.09099610052082,1.0000354,1,0,
4321,116.837097231952,95.0111490458302,78.8789264734795,498.384651972071,11.560852197823,91.6300375312627,97.8341145952973,72.7860271130272,43.6012404999259,7.45549807958216,7.38995056764314,3.24188274560537,7.18176517978401,5179.83536548476,71.1652438103423,760.712478097146,7.09102788990536,1.0000354,1,37.5,
4322,116.83073963585,95.0180225621391,78.8955795076572,496.68327016079,11.5587405639792,91.8066364743311,97.8603086612554,72.7826497455108,43.606395496726,7.45531003478162,7.38983959617728,3.17261645730055,7.17412538310667,5176.45509097355,71.1221027136736,762.157559211179,7.09126414014611,1.0000354,1,37.5,
4323,116.668409088544,94.9166391343144,78.8392439507537,498.361319228917,11.5981041950864,90.8973290289418,97.7615928614232,72.8285417343674,43.6173248567654,7.45528803552193,7.38967292641427,3.07808863514149,7.14748690797173,5165.24632370388,70.9233797724996,762.73969171694,7.09142536787807,1.0000354,1,37.5,
4324,116.41842480333,94.7857606406851,78.796400172643,498.275635416417,11.6140074982535,90.416712049721,97.7136396772907,72.9531716891142,43.6076332965749,7.45574215221269,7.38971279821351,2.97488288434797,7.09253633113092,5145.75385057372,70.5350258451004,761.669018459929,7.09179742131585,1.0000354,1,37.5,
4325,116.158502229952,94.665083093576,78.7786428623418,498.128025429354,11.6282146351254,90.2265231940731,97.6962141334535,73.1251741174353,43.5965052244955,7.45556519905364,7.38976731659115,2.86129467003548,7.02311498290203,5124.68579076993,70.0810063377073,761.009599683868,7.09208359624514,1.0000354,1,37.5,
4326,116.589815441971,95.1228105908637,79.2558939617842,507.155657585727,11.7544210589167,87.5880699863652,97.3836397716349,73.3700416336605,43.5682362847497,7.45723841360996,7.38999233315236,2.70705278017653,6.89667721968679,5135.52729313405,69.9948804551037,764.748044550655,7.09245404296976,1.0000354,1,37.5,
4327,116.081023519625,94.9105164037654,79.2627502746519,507.384344989801,11.7715265682881,87.0754137501158,97.3297855535157,73.6540603449146,43.5143961635084,7.4583259241799,7.39047094306035,2.56666827350048,6.75732748931009,5084.2017546191,69.0281259554502,758.298763803653,7.09389750698107,1.0000354,1,37.5,
4328,116.042445555327,95.084411209132,79.5936901706401,506.137072498856,11.7703531756244,87.0322971561321,97.331353363308,73.9465476744406,43.4446359026996,7.45847163967303,7.3911086374941,2.46226059319155,6.65446128939763,5053.16259205162,68.3353415537238,757.94555851831,7.09470231094986,1.0000354,1,37.5,
4329,116.537610772349,95.7950666323352,80.4636209636295,505.168597675276,11.7718322703307,86.788479377195,97.3117967336459,74.1822996234169,43.4024596114661,7.45951885919888,7.39147246547929,2.34776553941714,6.54914501441356,5017.15059254294,67.6327185597141,762.676258362869,7.09539953191161,1.0000354,1,37.5,
4330,117.062334591136,96.5448235128483,81.3797066288966,508.991702925039,11.8297014197448,85.7411732162943,97.1842392492755,74.3375973296934,43.3710283238652,7.46061542312735,7.39173003882488,2.22750191438064,6.44351111980973,4973.10946113261,66.8989803245383,765.652434149901,7.09664245304663,1.0000354,1,37.5,
4331,117.420431893705,97.1549838142335,82.1761743641893,505.583374503358,11.8011250471942,86.0031672662028,97.2297322027808,74.4256497429695,43.3286662824174,7.46127048231402,7.39209783501042,2.10922025948508,6.33349354462411,4917.83175743161,66.0771088249205,766.271669193821,7.09818486879457,1.0000354,1,37.5,
4332,117.004166380885,97.1944375737173,82.5524641075495,501.089698660559,11.7583830172534,86.3880381636981,97.2949333953533,74.4677927168387,43.3397152675645,7.46260187151907,7.39193089951127,1.98853705049086,6.23190831770181,4809.9640789413,64.5911998121258,763.852738154477,7.09925694801108,1.0000354,1,37.5,
4333,116.689632512971,97.0685443116783,82.5660008585486,496.499794259547,11.7131297853047,87.2523942220605,97.407027316293,74.5473743872673,43.3346867164354,7.46170418589714,7.39192510943205,1.87017156340261,6.14043176461667,4769.25192455076,63.9761220801004,761.653931221404,7.09986144861626,1.0000354,1,37.5,
4334,116.752100573566,97.3320468566087,82.9780941092925,497.053429167446,11.7308895213547,87.0076915452513,97.3825265608339,74.6653239085321,43.3614810129921,7.46204122650469,7.39160124396802,1.75432023532,6.04726860693419,4727.85558195595,63.3206331194352,765.331801260125,7.09979438046457,1.0000354,1,37.5,
4335,116.700195418761,97.4973198172857,83.3038900248912,503.291493243538,11.8171898700612,85.6603725872989,97.2161289379014,74.743935201908,43.3861346341896,7.46302976743843,7.39129965649764,1.64245786845848,5.95184082167381,4679.90513334447,62.6125065626061,766.384423391764,7.10024700752335,1.0000354,1,37.5,
4336,116.595442978082,97.625126780541,83.6035887214891,501.603149230701,11.8072525480259,85.6755544111431,97.2280446171985,74.8545836704184,43.3711739952312,7.4637794902971,7.39139503432848,1.53243901648921,5.85198449164564,4630.07249183736,61.854228088735,764.898985371727,7.10128530622742,1.0000354,1,37.5,
4337,116.406407928064,97.6596883960008,83.8034174375193,503.977509766831,11.8455901231682,84.9501039713808,97.1421545967337,74.9923413681036,43.3451609755262,7.46492534744495,7.39160155184591,1.42128956751839,5.75151165974666,4583.91986514953,61.1251733380231,763.331803359494,7.10212596125661,1.0000354,1,37.5,
4338,116.205348576037,97.6802188903215,83.9877317313144,501.473845449842,11.8257696207782,85.0418922022269,97.1674887788772,75.1421475712414,43.3394602638637,7.46610365362076,7.39160487000944,1.31445362130006,5.66024473969059,4538.78574027566,60.4026619810472,769.225337236168,7.10336153485216,1.0000354,1,37.5,
4339,116.618774703548,98.2268564485521,84.6328299122507,512.943804044364,11.9670199539771,82.7568957975888,96.8635712849036,75.3437504455749,43.2687446365737,7.46813788651543,7.39226067167653,1.17039521461964,5.50777836744365,4518.23779713736,59.9683154928841,770.550474704393,7.1044826839974,1.0000354,1,37.5,
4340,116.333326150909,98.2054839281569,84.8066440243838,512.545712056949,11.9717790515132,82.4278232501341,96.8319458791788,75.5039004132608,43.207351000687,7.46971185721694,7.39282374774983,1.07209263095949,5.3944869541537,4462.8297705835,59.107274540213,773.949067606447,7.10653041531719,1.0000354,1,37.5,
4341,115.878540919316,97.9968430249457,84.7799358856282,509.964500245802,11.9523612529531,82.5842409587657,96.8641963601593,75.6943194711766,43.1371652674956,7.47023163934741,7.39347605003069,0.96931722689331,5.28923368654213,4413.33468969915,58.3047013373267,766.759054447329,7.10844585372833,1.0000354,1,37.5,
4342,115.606502612764,97.956594023009,84.9110094131898,509.600986815514,11.9573363610013,82.3576776086326,96.8444756676131,75.9037833216673,43.10756225067,7.47136529658222,7.39372057544272,0.862200354672518,5.18993149523738,4368.1818041038,57.5489338336693,765.678739022867,7.10906640832918,1.0000354,1,37.5,
4343,115.15595095706,97.7381051330735,84.8640451762143,510.188036484754,11.9726926246977,82.0668259561339,96.8125103136651,76.152447079003,43.0963735675826,7.47214184900472,7.39377974441405,0.756213573971071,5.08871404816967,4324.87069268335,56.7922746881213,762.328085641362,7.10986687194307,1.0000354,1,37.5,
4344,115.345822633093,98.0659656490905,85.2938974435232,522.380220575106,12.1127822082015,79.8548163916111,96.4948478056496,76.4410098749013,43.0628831271389,7.47446230731847,7.39406409683422,0.630256645550501,4.94515817651817,4306.86621499446,56.3423510762458,773.775611775852,7.11088693394495,1.0000354,1,37.5,
4345,115.047604899691,97.925870904917,85.2706762131278,523.207129201348,12.1304949281134,79.4759339144949,96.4493178441255,76.7268616937875,43.0199331078951,7.47564499495481,7.39444405886461,0.570047371306127,4.87953593830412,4283.41351015959,55.8267784658579,765.991508203015,7.11335779470696,1.0000354,1,37.5,
4346,114.579057905648,97.6221818308732,85.0888386451704,520.785977577052,12.1127328033377,79.6004815608996,96.4831486939776,76.9908785132561,43.0029876069355,7.47663978834699,7.39456220127762,0.498410513107054,4.81455374343207,4256.76762779239,55.2892460768514,770.773492407466,7.11469683176742,1.0000354,1,37.5,
4347,113.973880874744,96.9114805724285,84.3001412185429,519.219879497554,12.1036154205957,79.8382775432463,96.5241866292434,77.3279114106949,43.0487194859085,7.47636173278644,7.39404826993715,0.42199379037706,4.74586424886577,4302.00814907913,55.6333162321017,763.962198177066,7.11541839131704,1.0000354,1,37.5,
4348,112.568934032482,95.6639091160042,83.1688906994774,538.439552676701,12.3200748777642,76.9766312233421,96.0745586846528,77.9394999788923,43.170189438333,7.47918284039444,7.39277347959526,0.277271833571144,4.58381733608274,4296.03936475993,55.1201812421608,763.954532201378,7.11603244326218,1.0000354,1,37.5,
4349,111.055988403843,94.3073702010563,81.9279567468226,560.660529147149,12.5712805745789,73.7279886524441,95.5120978605104,79.0077944200753,43.1636383058497,7.48328788558067,7.39278925585464,0.163401713198626,4.40821143259726,4314.63182498842,54.610204684971,769.309808562028,7.11880675678994,1.0000354,1,37.5,
4350,108.348987562809,92.1153343198409,80.1165471402555,584.877716966556,12.8469089001066,70.0991135445467,94.8167465108971,80.7192366122421,43.0377344687151,7.48962241602108,7.3940095345128,0.017798696744534,4.04653039697949,4272.55963055239,52.9311203855514,764.164329599607,7.12378627499511,1.0000354,1,37.5,
4351,107.171648089232,91.3357080333444,79.6308827746451,596.78607577544,12.9868851077714,68.4583111359271,94.4558433820038,82.7736427713096,42.8566635503442,7.49112084449031,7.39579503108603,-0.0692601513405449,3.80852914404229,4273.96281429307,51.6343448372974,771.650347887614,7.12823958679925,1.0000354,1,37.5,
4352,106.383917527274,91.021491174579,79.6666543051956,591.97890807152,12.9390903741894,68.9500470313734,94.6018691512905,84.6663593414307,42.8967748753872,7.49295837366041,7.39534605945248,-0.157549911438056,3.62912176165275,4240.97313218627,50.0904156641939,761.722844947626,7.13089389670294,1.0000354,1,37.5,
4353,106.030760288381,90.8924820385011,79.7033198538075,590.29306779508,12.9249713461952,69.4720594719807,94.7066577908603,86.3149999689595,42.9875901634647,7.4911326218072,7.39438764412446,-0.217988359192748,3.52825211490581,4260.47067087929,49.3595629080859,761.586921425959,7.13092935642539,1.0000354,1,37.5,
4354,106.105038764001,91.1405839018708,80.0798998733397,601.561287304585,13.0549041086911,68.4340182131841,94.449703885921,87.7285303386624,43.1629617927639,7.48997112595655,7.39258251877846,-0.321052207164888,3.38794234596478,4280.52045060131,48.7927978968419,767.774765780792,7.12984377976247,1.0000354,1,37.5,
4355,104.828114687249,90.2501416218267,79.4751180517324,607.403379031675,13.1233359091615,67.9161007410945,94.3424736965462,89.04813898011,43.4979525304194,7.49130080784378,7.38919031831878,-0.413945146147485,3.24699842096488,4232.69341706686,47.5326431921535,760.635614417031,7.12985620326352,1.0000354,1,37.5,
4356,104.153750296686,89.7447268372605,79.0945790629025,623.105278292661,13.3028524166186,66.2458056771819,93.9171785289791,90.4836507611625,43.710882938499,7.49137385784433,7.38703772707196,-0.501862191708822,3.09975438711134,4251.08202672876,46.9817695348055,770.106179857897,7.12954828358651,1.0000354,1,37.5,
4357,102.556441566124,88.4203228740505,77.9718873190396,632.03800882004,13.4058735252461,65.2815060135929,93.6783442918566,92.0968728595495,43.9584664376679,7.4928617224394,7.38455538386002,-0.614048239603144,2.87997558882932,4244.92370266009,46.0919417875755,767.96006724216,7.13045721889212,1.0000354,1,37.5,
4358,100.021369853665,86.4271545290889,76.3792562457063,638.71320826925,13.4834848829285,64.5803487898981,93.5001961542341,94.3133101609281,44.1060401920095,7.49400752644522,7.38307367442963,-0.715260483703385,2.55497506713781,4180.43961027315,44.325022662655,758.477758070434,7.13156985565138,1.0000354,1,37.5,
4359,99.5329757868843,86.293719041373,76.5081814468646,638.401538896277,13.4811083249491,64.9129250489226,93.5943031602858,96.5062370611527,44.282866614452,7.49386340760672,7.3813118619963,-0.76603510188838,2.41864710570916,4165.94764973985,43.1676519218135,757.960321288988,7.13170288997294,1.0000354,1,37.5,
4360,98.0724414248348,85.1954084012588,75.6776013838331,631.670209192656,13.4048456959614,66.2539463565205,93.9326729259155,95.964372931895,44.6545063114307,7.49176161525131,7.37765868951186,-0.86758501280107,2.25564791040459,4029.21703074545,41.9865926035379,752.091106689727,7.13068172881731,1.0000354,1,37.5,
