4320,134.780249859413,115.080151051415,100.5192084542,524.571027933726,11.8387187764182,91.5958920881153,97.8023281538847,78.1821452802486,41.5708771258944,7.4482232851135,7.37383387499611,2.59591662816479,7.26506815325265,5021.93178499615,64.2337424612069,767.025960647103,7.09817520775961,1.0000354,1,0,
4321,135.555874272817,116.067628533937,101.663272987809,520.396251969112,11.810325079084,93.7195950701178,98.0456947562441,78.4497086590945,41.6354535702033,7.44770369778158,7.37310118783721,2.53854210665374,7.29634861193764,4984.92816183592,63.5429786425093,769.483650092951,7.09835189671551,1.0000354,1,37.5,
4322,134.22479443393,114.761384404347,100.37538568683,519.902456177632,11.8225903701731,93.5379425202043,98.0301346339657,78.3074422177891,41.6808592572398,7.44727887988645,7.37257107285291,2.44995920284599,7.28685472514518,4969.54688492355,63.4619998326879,763.040744185046,7.09786197915908,1.0000354,1,37.5,
4323,134.655448938685,115.334050421231,101.053016734417,522.39348448463,11.8675219189846,91.4263006627342,97.800881361439,78.4428213001768,41.6912442279587,7.44777536884621,7.37240815144797,2.33318544159758,7.21816317758061,4941.81615962263,62.9989599776352,768.218639919153,7.0979124103947,1.0000354,1,37.5,
4324,133.44698604224,114.088006834384,99.7791961155348,523.926065399378,11.9000462462058,90.5209824199283,97.6992250346388,78.3973081238617,41.6969688011653,7.44759356226009,7.37229526201801,2.23749151919248,7.14401945677445,4948.55527819155,63.1214948142507,767.757195106049,7.097810589907,1.0000354,1,37.5,
4325,133.658692757084,114.593937009488,100.502595804744,523.686589973273,11.9117533120671,89.7247619225132,97.6182477444396,78.9450044736243,41.6651883653447,7.44930502188923,7.3725744149649,2.1027875845461,7.00430359517425,4907.39166531173,62.16215576948,768.69229883532,7.09910332235262,1.0000354,1,37.5,
4326,134.064407030951,115.22872195868,101.306693861784,531.067075332053,12.0041060898055,87.5212605109606,97.3471738959484,79.4890696030028,41.5888347246931,7.44966840598686,7.37332009852263,1.97586514864269,6.86906788922702,4881.84128648709,61.4152525733258,772.681976967504,7.099664310901,1.0000354,1,37.5,
4327,132.84007239315,114.052550557383,100.166121374426,522.852596085579,11.9290532834513,89.2720057798522,97.5738718910144,79.1009622451194,41.6227172674435,7.44925241450578,7.37291722638229,1.87366691120742,6.75694320704785,4845.58355429292,61.2582125016046,762.879322664952,7.10082070026046,1.0000354,1,37.5,
4328,131.993198597564,113.194371271692,99.2995858569171,526.350671687661,11.9792075465801,88.0227571071452,97.4261183928849,79.5791853460476,41.6061186105752,7.44994025875557,7.37304061038765,1.76157678036216,6.63169088714676,4877.81213050502,61.2950749532558,766.909389374437,7.10024054323425,1.0000354,1,37.5,
4329,131.773692564147,113.312151302223,99.6666642825398,528.965199122184,12.0183138110101,86.7801672021529,97.2813792217573,80.0621519945418,41.5694928413592,7.45191748231275,7.37337472889216,1.64288227963039,6.48411964538079,4819.36740815685,60.1953268566327,765.760695634683,7.10141763066795,1.0000354,1,37.5,
4330,131.005088600019,112.83590005749,99.4064998304032,525.351007137872,11.9918584378414,87.3098275088478,97.3576701006049,80.5229597845014,41.5337903507827,7.45201166840415,7.37369965488692,1.51968484007911,6.34843920566969,4770.34823024386,59.2420875115675,760.886144490707,7.102377676679,1.0000354,1,37.5,
4331,130.903877858478,112.750068104733,99.3320348084868,529.588092668327,12.0473405188692,86.2703730873004,97.2221107516408,80.7514904621485,41.4838201228267,7.4515242865363,7.37417437719649,1.41940335781414,6.23315825902034,4779.83768075169,59.1919437448922,761.463848662159,7.10239320762507,1.0000354,1,37.5,
4332,130.485973663657,112.611453219717,99.3998511524569,530.377659691035,12.0665906612586,85.6249690948961,97.1521076048183,81.1553331922127,41.5000757125068,7.45341546078659,7.37395754110277,1.30871242116194,6.10790842792971,4729.83821390618,58.2812986880823,760.489013889619,7.10289168349473,1.0000354,1,37.5,
4333,129.764946849502,111.911601969949,98.7156514068014,525.862108486361,12.0298374792824,86.2563959447595,97.2464099645216,81.6677226393155,41.4817389021976,7.45384303125829,7.37410246572965,1.19723053997771,5.98890931948168,4754.06221980153,58.2122540724907,761.335411548959,7.10403274251874,1.0000354,1,37.5,
4334,130.232357872937,112.785356290571,99.8897464253445,534.866805113894,12.1355088144377,84.0667733697867,96.9610088857254,82.2028580322178,41.4184534801836,7.45586016435425,7.37471966471487,1.06105958837947,5.81379146419387,4676.30188143202,56.8873393623277,765.697484458174,7.10518535111148,1.0000354,1,37.5,
4335,129.215710631164,112.001000356366,99.277084066298,525.88640438213,12.0509870906038,85.5141241811802,97.1684775482534,82.2939096366997,41.4091881645914,7.45562755507336,7.37477091734869,0.977854050071949,5.71899757163093,4619.15180193341,56.1299350380293,759.07687917292,7.10625570131041,1.0000354,1,37.5,
4336,129.037966022603,111.95398552344,99.3266955892752,537.597374699873,12.1856228398925,83.2477354865919,96.8550465417469,83.1257827407599,41.3189715255958,7.45608305370628,7.37567172132011,0.832272394585009,5.54820282339443,4630.41201684299,55.7036801840846,768.791454351688,7.10578467274258,1.0000354,1,37.5,
4337,128.434099047747,111.595664204188,99.1498645372094,530.236914011753,12.1177258961607,84.1977948536723,97.0055616232175,83.2982814129089,41.3504673799361,7.45702767485939,7.37529529273034,0.752861604627312,5.44641547185329,4573.33045913698,54.9030590015058,763.131291095338,7.10765427684456,1.0000354,1,37.5,
4338,127.620990172939,110.745882802073,98.2729773540409,526.257879586324,12.0855453612262,84.8343477995681,97.0978856498853,83.7919710086549,41.3352104733169,7.45660598319837,7.37540959410877,0.656265270231532,5.34968985814204,4610.45484401531,55.0226326999647,758.040886647505,7.10776180541235,1.0000354,1,37.5,
4339,127.744485839581,111.234151747637,99.0308613318527,535.753767796332,12.1970848669173,82.7441569590281,96.8179362812742,84.4633404974287,41.2700490684506,7.45876096383493,7.37604942356915,0.528190690061976,5.195608365704,4546.93699885197,53.8332603479067,761.921926600315,7.10802473640661,1.0000354,1,37.5,
4340,127.104353573635,110.850715986611,98.8371577701147,531.289377418388,12.1594556396079,83.239647204592,96.9009033214486,84.8719758044632,41.2518624014245,7.45931394889981,7.37619563868252,0.432085208969897,5.08552793939418,4497.8990730127,52.9962809323,757.650102396921,7.10927437802541,1.0000354,1,37.5,
4341,126.510190618025,110.474908124775,98.622742803678,530.419175366775,12.1601537149242,83.3263966848911,96.9170669906117,85.363346148654,41.2466161933073,7.45899890446468,7.37620530477359,0.349929746513637,4.99060327095821,4463.16422835811,52.2843167439317,755.689466905854,7.10960347126846,1.0000354,1,37.5,
4342,126.439445706561,110.55619674603,98.8164040360715,538.3251661483,12.2552168011479,81.7270075444613,96.6954331010548,85.9682870691661,41.1891782328282,7.46050982211752,7.37676534940062,0.217465911185686,4.8348581478681,4452.17717083522,51.7885992918901,764.58904461738,7.1099994389946,1.0000354,1,37.5,
4343,125.606973271466,109.994603686288,98.455026166809,536.804547003376,12.2489446121793,81.6624734380205,96.7021375652676,86.4355330103789,41.1898449145142,7.4618888206117,7.37671322017415,0.126482678792631,4.73098961089228,4400.03326415199,50.9053754967144,758.172260255097,7.11165132810212,1.0000354,1,37.5,
4344,125.017033496967,109.661847977397,98.3123630281491,542.969081332199,12.3258305807264,80.400511115478,96.52388132189,87.140082854706,41.1159072651544,7.46350069217296,7.37744798537126,-0.00228541365053392,4.54637513850832,4362.82565366379,50.0668063506228,761.977047077602,7.11274764657791,1.0000354,1,37.5,
4345,124.14103989177,109.067176699641,97.9256256445887,538.362553029711,12.2860948645329,80.8575319911555,96.607659969599,87.7681913407734,41.0850917659211,7.46417135457625,7.37772789824872,-0.0769725274843087,4.4454376514769,4313.76557081739,49.1495324777577,755.461789129979,7.11437366603656,1.0000354,1,37.5,
4346,124.026538335716,109.116597199856,98.0962059255245,543.433361608183,12.3512639049128,79.7565472824411,96.4529583334755,88.4930246558652,41.0008172548777,7.46594330224513,7.37857408267697,-0.174647553490109,4.2969918767302,4302.09295519847,48.6150515470412,755.83481172782,7.11484502761383,1.0000354,1,37.5,
4347,123.145957285065,108.530450169657,97.7276840408772,541.941846835327,12.3449737000711,79.7746491078894,96.4693666505296,89.1357377198183,40.9964566206814,7.46682179139416,7.3785748364717,-0.253605912681945,4.19379493837965,4247.76589446499,47.6550259539789,758.089028921594,7.11661272655304,1.0000354,1,37.5,
4348,122.661841640529,108.239976504458,97.5803370560579,553.077537820016,12.4767248359082,77.8610023033388,96.1771883073813,89.9167530781804,40.9330753996835,7.46923436280604,7.3792014117142,-0.3553158041342,4.04808536456994,4228.21310270764,47.0236408451194,763.455574581715,7.11768501023462,1.0000354,1,37.5,
4349,121.922177155834,107.56948288025,96.9609697200356,552.352794985311,12.47876468586,77.7488834976044,96.1734805439862,90.7515521603504,40.8980458132576,7.47025138187077,7.37952789381155,-0.4340227819336,3.94333777839001,4247.00055264615,46.7981037408821,754.647835749037,7.12001307975346,1.0000354,1,37.5,
4350,121.136668564021,107.252044701795,96.9894966297149,561.634966004235,12.5909653748842,76.061986701102,95.9153522687384,91.6573985928271,40.8807667003522,7.47403069073445,7.3796666576616,-0.532345078941916,3.78601551379932,4149.50667755833,45.2719228481689,760.226879634848,7.12166926607125,1.0000354,1,37.5,
4351,119.288259729879,105.434863280647,95.1953963399111,567.722352471951,12.668015016655,75.0213468770431,95.7500842978018,92.8244833870795,40.8651923441593,7.47623621613903,7.37978776351789,-0.642073941051279,3.59669081249733,4192.89151069268,45.1701033789573,751.926585424542,7.1241424549457,1.0000354,1,37.5,
4352,116.657070898984,103.363663663234,93.5381017933314,590.810193548309,12.9348258062596,71.735616133276,95.1401400759697,94.7128695584685,40.7714003854293,7.4804072480803,7.38074229248201,-0.748712982375794,3.31170477087019,4105.25487832199,43.3442139115817,753.853734530321,7.12701568756938,1.0000354,1,37.5,
4353,115.291657974954,102.166725714204,92.4656888258247,596.107877894207,13.0033520095568,70.7849515642579,94.975466826065,97.2621327651584,40.6829796995495,7.48348610432702,7.38164362378706,-0.828638762861202,3.0787849830296,4162.32206144381,42.794887826425,748.529773387472,7.1307457170789,1.0000354,1,37.5,
4354,114.328856495064,101.549888592718,92.1045644909837,590.704648340886,12.9505022863457,71.4970263668879,95.1349812657632,99.6467184658469,40.6603111960025,7.48334724639744,7.38184633039549,-0.900240416288885,2.93650962179501,4151.96421951787,41.6668434589838,749.44525343687,7.13325978079356,1.0000354,1,37.5,
4355,106.490131612275,93.8608371839757,84.5261413021891,599.514637728856,13.0567490595154,70.5930219564929,94.9401404744842,97.3204621433412,41.0053509897929,7.48302066530515,7.37813934794319,-0.993390910686911,2.49163402095107,4007.54190642812,41.1788211663596,729.066165113181,7.13218752920796,1.0000354,1,37.5,
4356,98.6105923712957,85.9216710331861,76.5429030876268,620.682615263983,13.3049782412382,67.6131611577756,94.291115314291,94.5873692421669,41.1863903914971,7.48681416707449,7.37619206814869,-1.01285307490525,2.15565002433712,3913.38587742137,41.3732394586654,710.363453598809,7.131917739742,1.0000354,1,37.5,
4357,88.2385536095028,75.427394405479,65.9582767329398,628.816607912546,13.4074243970543,66.0871595615421,93.9674105233702,90.6803179658972,41.4720528989453,7.49136921993318,7.37316086073958,-1.02630760601299,1.78865449809789,3787.88062869613,41.7718057640762,695.843180834933,7.13231164069374,1.0000354,1,37.5,
4358,77.7429182255104,64.7673786421175,55.1767624283053,638.380700468496,13.5108848323369,64.3083187220589,93.5322833648648,86.6331178950039,41.7221349930517,7.49435934575292,7.37052759065585,-1.02435712238755,1.41474114940594,3665.25498737463,42.3077810937935,669.166571856346,7.13262054804175,1.0000354,0.997737366820086,37.5,
4359,58.1578493098041,44.8965502042071,35.094720430505,623.322686735507,12.9941092399614,62.0856137035061,92.9534157984887,74.4402690403525,42.0431544517572,7.49882700659658,7.36717911582374,-0.964405855501305,0.881594677795326,3218.76170995233,43.2395227938725,590.476586440619,7.12868778589946,1.0000354,0.952155384830845,37.5,
4360,55.2719927424969,42.4068766145917,32.8978777374443,620.699677639025,12.711492709078,60.6351174080331,92.4499737699928,75.1513750994048,42.5693000711928,7.49554860452507,7.36175824210697,-1.01735235257123,0.682179502210609,3152.43008894791,41.9477366153062,578.734064730448,7.12294174507161,1.0000354,0.917942557981344,37.5,
