4320,115.938457079843,93.4697498400033,76.8624444888172,490.987420483007,11.4400726811491,89.8413267101627,97.6394995741165,72.105172159172,44.0661216417283,7.46242611561101,7.40076735821266,3.43466240871783,7.20714732235554,5282.49780634103,73.2610109394085,768.722537563646,7.0981424165684,1.0000354,1,0,
4321,115.929483661696,93.3209477453172,76.6102907636457,490.51819005758,11.4765963100449,89.5233320228153,97.6113339617426,71.8517986157695,44.0704948638057,7.46135178115599,7.4005874483635,3.36432133973293,7.19159820836801,5296.69425933835,73.7169334850286,774.045567627488,7.09786984869164,1.0000354,1,75,
4322,115.358733074095,92.8995030253273,76.2992025544986,485.360882893271,11.4492301175001,90.0584968583388,97.6917438716501,71.8993439037937,44.1077627680615,7.46145617036182,7.40008946878737,3.23115214534893,7.13482801059804,5265.19684880186,73.2301098024908,772.841186772011,7.09837972696432,1.0000354,1,75,
4323,114.787680586673,92.4570317568591,75.9517695783009,484.198139229312,11.4719022726875,89.937290397237,97.6881902048157,72.0459464615121,44.1213785698642,7.46081873446261,7.39982856312025,3.07219832704775,7.06965108051799,5245.72735659726,72.8108604888632,773.29190558194,7.09836049421828,1.0000354,1,75,
4324,114.339375222358,92.1213603096306,75.69934928718,494.382618702836,11.6393147260787,87.2245644520701,97.3696255484317,72.1827581339464,44.1117110996716,7.46155591180617,7.3998004306929,2.82105335738403,6.91879516792918,5229.17947966628,72.4436086241359,773.501364375495,7.09843492003414,1.0000354,1,75,
4325,113.338771506491,91.3266017282389,75.0567371095307,494.760199591835,11.6790503718979,86.3527164945932,97.2798785620305,72.4628880151216,44.0500827845606,7.4630388123166,7.40028635728564,2.57603183516363,6.72024748824586,5200.83785876347,71.7724341552349,773.510173698361,7.09961441316466,1.0000354,1,75,
4326,112.395967950702,90.7380258738816,74.7299817301451,498.849229828523,11.7636342396065,84.9771973271062,97.1206074148377,73.0126080579783,43.9900048607865,7.46474410451192,7.40075888935597,2.38262828101448,6.54773064358235,5155.96394329939,70.6174464991734,765.787291590713,7.10106450262557,1.0000354,1,75,
4327,111.710263638554,90.3933017257177,74.6372863988388,503.432430821158,11.8514235178939,83.4882804141704,96.941883165206,73.5940360158054,43.8797828628572,7.46691348072749,7.4017285456208,2.10947331522693,6.2909460968231,5115.20156660767,69.5056534949259,767.314763217674,7.10303872012725,1.0000354,1,75,
4328,108.467437048299,87.7003340482181,72.3507361785934,515.025614909032,12.0127133726073,80.7539408379532,96.5784803560127,73.979006015394,43.7998396928743,7.47103518091065,7.40239863962226,1.70295144310055,5.74878575348407,5009.32524499173,67.7127946805524,767.151428353617,7.10565918706987,1.0000354,1,75,
4329,104.137243559427,84.2167998835872,69.4929936884015,504.337421550849,11.9257503564028,81.2064084913778,96.6955544731421,74.6684882934309,43.5309212940819,7.47465022917004,7.40494548982505,1.38317387145384,5.08671517966556,4849.88217215651,64.9521944665269,743.527600168695,7.10956993647876,1.0000354,1,75,
4330,101.781598456143,82.6645990446853,68.5346429579556,491.404006041312,11.8048140827132,82.5583172044827,96.915107464307,75.9684878075619,43.351039739442,7.47475101776466,7.40661187983658,1.13173294113077,4.58980815441986,4735.30579664099,62.3325003998518,735.981525784501,7.11105440978232,1.0000354,1,75,
4331,98.674226175693,80.3127724312369,66.7412631418564,484.858337585338,11.7565637070752,83.3595895819695,97.0413824607433,76.982792096153,43.4195730109213,7.47410257712911,7.4057917038368,0.901441632002826,4.17078738664511,4608.88151193926,59.8689835279379,728.613373241453,7.11013179796478,1.0000354,1,75,
4332,96.3842281396851,78.6370285830328,65.5195332585507,483.208467965871,11.7690994924944,83.2894323173406,97.0536154100192,78.426279942186,43.4714678995093,7.47488263297925,7.40513713202103,0.691313768157447,3.82803005249588,4538.22756815441,57.8661587863135,724.721690328507,7.11003983998572,1.0000354,1,75,
4333,92.8011456601097,75.4669260113437,62.6546767057341,487.145935475911,11.8501587355961,82.5192524091104,96.9648749483454,79.4052395585953,43.611917314597,7.47530215490216,7.40360265075672,0.476910666681343,3.45304348623332,4487.95276509171,56.5196048779617,716.784809189073,7.10968078507598,1.0000354,1,75,
4334,88.7951780722394,72.0673463081086,59.7032967433162,502.91076068678,12.0599693122301,79.9578234956421,96.6114330156737,81.3522472345653,43.7769219415953,7.47665752541596,7.4018356886835,0.288818698033162,3.07580995681688,4437.14915615934,54.5424288448429,712.09231288799,7.10978179616167,1.0000354,1,75,
4335,86.3348231499112,70.0809321819832,58.0671866839495,520.254689717825,12.2795510639234,77.5307744068929,96.2405929410828,84.3676861815245,44.0196256789816,7.47732744552458,7.39931974801303,0.0952608028495381,2.73303316433593,4471.24330042024,52.9971071009339,701.266291633814,7.11004757691282,1.0000354,1,75,
4336,91.7145060636288,76.5210463426132,65.291097853167,540.170722945152,12.5273557165419,75.3120899825604,95.8741341433433,92.7000211723984,44.2382039011539,7.47831379850622,7.39706966783756,-0.110527773713104,2.58203772142713,4592.31144679378,49.5394864932475,732.536740346909,7.11339491359746,1.0000354,1,75,
4337,98.4251339491235,84.2626677984437,73.7947580348978,545.915601834643,12.6103436028182,75.6001277162314,95.9236828606756,97.942905383286,44.98197522049,7.47663395935191,7.38974595321466,-0.377922706508169,2.48780492468659,4522.79277146538,46.1778497765208,755.359417589751,7.1154357811644,1.0000354,1,75,
4338,100.769810924828,87.1497429416847,77.0827361715351,565.51632466617,12.848440875023,73.9846137938254,95.6207631106386,100.506011066176,45.8461050510068,7.47563743107552,7.38141262457178,-0.55208198337448,2.41717289313987,4463.40333766679,44.4093173166325,758.467807153427,7.1161758704395,1.0000354,1,75,
4339,100.415260648626,87.0754998689855,77.2156766840338,598.416383478189,13.2414755980136,70.5076904402794,94.9029019678836,100.825797026859,46.7266523449559,7.47536788921658,7.37308948843859,-0.689984387049732,2.32292651020033,4385.4536670956,43.495353336283,761.875920312515,7.11580274386733,1.0000354,1,75,
4340,95.061295107623,81.833652789982,72.0566997725951,648.124661387981,13.8397440407463,64.1296168225284,93.3566757432184,97.658015773921,47.7729448118157,7.48091957214672,7.36341771174555,-0.827612738753776,2.0957773840465,4211.9689459167,43.1297821539549,758.064664947178,7.11750587631202,1.0000354,1,75,
4341,84.8280040929053,71.442798878886,61.5493863293935,689.729267906701,14.3559682501249,58.4158632727926,91.6423137711874,91.596008010146,48.5751661191304,7.49024446951655,7.35613789333376,-0.906697900448531,1.73096564656851,3997.57298946219,43.6435285369574,744.996604411128,7.12243652437724,1.0000354,1,75,
4342,74.4572436431005,61.3151887847097,51.6014960632903,760.451883421122,15.235890280861,54.8111712963722,90.6865588912089,82.8720915398975,49.3792151432399,7.51371532889782,7.3488064466644,-0.97031770898627,1.37745817237779,3551.12857665352,42.8507174208809,708.667351014841,7.13313732012967,1.0000354,0.998108791572872,75,
4343,59.8507692068716,46.8447062102258,37.231529212705,798.556517144168,15.4228884675317,52.5089987397873,90.1750235012289,73.9391829775413,50.2086521271397,7.53591262408653,7.34061557041625,-0.999971622995753,0.899383053099527,3135.56149253638,42.40730511573,631.209429859854,7.14481990190104,1.0000354,0.954857545262779,75,
4344,64.7502741909801,52.5831485020741,43.5900556015783,1155.37593419081,20.3305647194676,50.8769160368907,90.2516069580984,86.95118571445,52.9575670619661,7.57266760876287,7.31496185304392,-1.20938447522146,0.660108315689639,3449.51727959413,39.6718831520302,652.614221705613,7.15457407018547,1.0000354,0.960918726986246,75,
4345,86.8544252226224,76.9146230461857,69.567812741863,1680.25098026798,28.8034212951718,60.1416174210157,95.2471289604187,129.497698062997,52.9591411852799,7.6983031512959,7.30996999248984,-1.52322357492867,0.544853249410384,4196.95788559791,32.4095172993438,620.354441998275,7.23286629719853,1.0000354,0.99849911213885,75,
4346,105.091338905736,95.416328940862,88.2652346189987,1810.8959934663,31.165062629397,91.6134776627827,99.0307103422875,145.294101920298,50.0879567929739,7.74435648601096,7.32679396244863,-1.49782851486215,1.04680413481821,4583.46825280416,31.5461411869179,620.184879824398,7.30836539094929,1.0000354,1,75,
4347,64.6233760234734,51.728491782725,42.1974903873892,857.094207795262,16.6097945192652,72.1811108175917,95.4595729942079,75.0666455847206,58.4187784410802,7.47822872490744,7.25198719075425,-0.958211704713039,0.946216043283301,3156.16194414573,42.0447979200519,538.286919918621,7.22004495792855,1.0000354,0.988600997285161,75,
4348,60.6027043787354,48.1354060463926,38.9204464094436,1329.21631077158,23.4016528636941,58.5179785876693,93.4310929265447,75.2275358576906,73.1951496439291,7.58033297067927,7.14473582283887,-1.08042850760719,0.687350130824623,3058.04597239047,40.6506199827605,497.42697261499,7.18553591308669,1.0000354,0.991844064550454,75,
4349,60.3936440859838,48.2048556867752,39.1957512177949,263.737913550748,29.5620710463806,65.6634350158602,93.9593016120508,75.5039988970716,74.3804973437395,7.47219887403428,7.12619294954969,-1.0980057305228,0.585895890953138,3000.7188952325,39.7425161457095,485.76572834524,7.18934347912951,1.0000354,0.992707105988139,75,
4349.78484233178,7.33972538291696,7.33972538291696,7.33972538291696,0,11.1487954221653,55.9973807267052,92.6277652380718,0,27.013572964496,7.57523717783407,7.55642450945301,3.84183595792954,0.60497886508793,0,0,23.8011868733269,7.05076140691287,0.089350718713852,0.805805080816565,75,
