4320,125.879278131025,104.507238601593,88.7105137320133,506.254724199398,11.6399549646618,90.0863337939164,97.6576502158224,75.222788415055,43.141993083657,7.45769877200404,7.39161795735937,3.15281606976408,7.34608767971163,5241.91794788388,69.6852384540796,786.868817784604,7.06835027390316,1.0000354,1,0,
4321,126.851488032802,105.621317318717,89.9294520083065,499.392859544237,11.6375976544401,90.8861963752193,97.7792879361908,75.9348019253117,43.2034683572134,7.45683250241205,7.39073488863283,2.93652143789952,7.3369994096482,5256.40926995826,69.2226638732577,793.987378530583,7.06889898886215,1.0000354,1,150,
4322,126.231114614616,105.471772417896,90.1279107942338,502.831343845847,11.7575603109449,88.5896557842268,97.5362446453316,76.0255822935537,43.265777329233,7.45731301456488,7.38985407492333,2.53091216323668,7.14043596054566,5145.98083839426,67.6874899625806,789.402843483611,7.06939135780748,1.0000354,1,150,
4323,124.459366606435,104.048382580704,88.9620030834247,512.5185198138,11.9432416346028,85.4237087569649,97.1613261344606,76.3220803734984,43.2239027094282,7.45805040664803,7.390025072438,2.1114627483023,6.8438206482456,5079.3596459477,66.5516403783907,791.126379578974,7.07005620643177,1.0000354,1,150,
4324,122.937564888087,102.833941900543,87.9747423010547,517.556731683608,12.0652123806213,83.0182535359148,96.8781904656675,76.9465408587025,43.1658918826536,7.46105965828516,7.39036416109921,1.71036509155402,6.49581582971215,5043.80460332338,65.5494652135871,787.963685363783,7.07243381715509,1.0000354,1,150,
4325,121.486415907125,102.058086828912,87.6980175102326,524.355562258758,12.2073102901986,80.6710991991012,96.5781620544103,78.1490385639141,42.981726884269,7.46321575269402,7.39198080682442,1.26555177957149,6.07090878530951,4950.55525402195,63.3476155944406,784.886845276153,7.07563141024994,1.0000354,1,150,
4326,119.816837146972,101.255425027782,87.5361204179467,535.131265822468,12.396921387767,77.72642593495,96.1762346265332,79.6444797572358,42.8488678922454,7.46786512065795,7.39308819643778,0.804969657713039,5.59428854940822,4820.16067207354,60.5209637474671,790.844093583262,7.07961299489248,1.0000354,1,150,
4327,118.351494920282,100.445215059816,87.2101386412103,535.88319778829,12.4777614957495,76.4013988159427,96.0182225518158,81.0945778194926,42.6589159648159,7.47083632506702,7.39478194017126,0.422868446966421,5.19503718230655,4734.69498864318,58.3848527972126,785.764303675179,7.08388740248611,1.0000354,1,150,
4328,116.617403377876,99.2752606980129,86.4571552389839,541.916741347618,12.6203709291162,74.5311755790961,95.7534219586753,82.8182823057104,42.5738299194431,7.47382593719297,7.39541612424973,0.0138133547488106,4.7893450841038,4682.99609313277,56.5454385523988,782.611921875711,7.0874624585558,1.0000354,1,150,
4329,110.258371311522,93.6182881179144,81.3190961922049,589.709643378027,13.2562036541611,67.364789654665,94.3281958446194,85.5454564718909,42.7186284349552,7.4801140524495,7.39371430279973,-0.492081168068253,4.10757842337854,4641.38145867254,54.2563176361989,791.038153955614,7.09296157566727,1.0000354,1,150,
4330,94.01913708639,78.4308533967259,66.9090784956699,760.758513739564,15.4525788773885,54.0626803892439,90.3283100114613,91.8356264970606,42.9068024427336,7.50169144925405,7.39159422145519,-0.957697348305665,2.8336669046875,4667.71483335109,50.8268415145019,802.130176520878,7.10457799517151,1.0000354,1,150,
4331,46.7116468802002,33.010900151439,22.8842612649633,727.381927798224,13.6336514955808,50.4315214913635,89.515894140584,69.6424454476065,42.8471786947642,7.53764084403182,7.39201344916907,-1.14822554178051,0.707940264414038,3111.0935641441,44.6723767976334,494.463335230305,7.11851781866814,1.0000354,0.805324269789967,150,
4332,42.420857956242,30.2066270588631,21.1787172651483,597.457906070859,9.93951909930426,48.2509728964144,87.373903567513,73.405840768846,44.4421122494509,7.49314246261159,7.37575521031683,-1.36910435617261,0.13947667826824,2923.42236180853,39.8254734390189,454.389438295815,7.09848640236338,1.0000354,0.527282656897528,150,
4333,41.3582657819182,29.7699969570003,21.2047547820609,609.849030522323,9.74252460008682,47.6334607777662,85.8485824766886,77.7174368142362,50.2851923524903,7.44679542142016,7.32056578856329,-1.42451768344408,-0.0960123324241948,2936.512486682,37.7844742062324,444.705519856045,7.06386808951796,1.00001187865858,0.468278970275252,150,
4334,58.0273889167498,47.8081093944748,40.2547288780107,1670.34750287992,29.1916295469096,49.5850846852335,91.3235550923472,131.348654182838,58.4766887097487,7.62748930776166,7.2508921108367,-1.61947464468055,-0.267197521154516,4376.6390133449,33.3207754626294,571.414733084144,7.07669607943769,1.0000354,0.909678653380222,150,
4335,47.545532603639,35.3920985343709,26.4091255266509,892.303268493464,17.6168634249531,81.7650162231382,97.2952249072598,85.2145885873245,62.0273328900892,7.49013282007278,7.21784552633943,-1.18443361782778,0.136158402968531,3376.81899902733,39.6272405348399,442.566319023425,7.14777007448582,1.0000354,0.966656567716242,150,
4336,45.2006133364613,33.2288799775974,24.3802074949589,1549.87123472313,28.1411802834347,57.8422507441503,94.1027998681515,85.2472624006214,83.0033516452212,7.61384894001113,7.08165363688062,-1.23635744509337,0.0376636397082017,3327.60906134204,39.0347908851767,412.074489728209,7.13231567989734,1.0000354,0.948958931253989,150,
4337,45.4939483529212,33.6694742673917,24.9296455954786,1571.27519350241,30.3536568952063,54.8078055673284,93.7408675022059,87.2557511435346,85.2592080855762,7.64276972419838,7.05656870361157,-1.25899445404023,-0.00315627308766286,3364.11409825966,38.5546402864119,407.510096252399,7.16150766122212,1.0000354,0.952031404764659,150,
4338,48.5303849218305,36.9271191095325,28.3507922047904,0,14.2738308680025,66.330256813808,85.9564200808618,88.3535598208213,99.1065625428366,7.02391435691042,6.97313370127721,-1.27726442074591,-0.00688747650080668,3342.71319155865,37.8333730789974,453.794664220472,7.05918922989619,1.0000354,0.984356640780193,150,
4339,7.21693566435907E-07,7.21693566435907E-07,7.21693566435907E-07,0,0,2.9322235033277,30.7717459013468,0,0.838201852082187,9.04610953468738,9.03909902062086,-9.60935508942384E-08,-0.0325649301953157,0,0,1.18498207659525E-05,6.97236430287651,9.5576226047817E-09,0,150,
4340,1.59281148616884E-13,1.59281148616884E-13,1.59281148616884E-13,0,0,0.502663038704159,43.8985156614722,0,0.00550303061793376,11.2287994097008,11.2219652743157,-6.1468365952777E-08,-0.0325674224541594,0,0,2.62877220995669E-12,6.97236280941755,0,0,150,
4341,1.59281148616884E-13,1.59281148616884E-13,1.59281148616884E-13,0,0,0.016454938091452,2.90283455420554,0,3.70643993642332E-05,13.4005415912359,13.3937086138649,-6.11106987236099E-09,-0.0325683393049503,0,0,2.64230250740139E-12,6.97169671674317,0,0,150,
4342,1.59281148616884E-13,1.59281148616884E-13,1.59281148616884E-13,0,0,0.0140122467683677,67.2694491670322,0,2.49660803246891E-07,15.5722818808389,15.5654489112675,1.20221066441952,-0.0325686765955071,0,0,0,6.97069726907081,0,0,150,
4343,1.59281148616884E-13,1.59281148616884E-13,1.59281148616884E-13,0,0,0.00190636763231404,67.5442526547157,0,1.68165288235911E-09,17.7440374828401,17.7372045133212,0.92251651206321,-0.0325688006777685,0,0,0,6.96960899456599,0,0,150,
4344,1.59281148616884E-13,1.59281148616884E-13,1.59281148616884E-13,0,0,3.36363414431772E-05,1.88585022618108,0,1.13238571588912E-11,19.9160490203356,19.909216050817,1.01765300350998E-05,-0.0325688463250815,0,0,2.68216307597259E-12,6.96845383282712,0,0,150,
4345,1.59281148616884E-13,1.59281148616884E-13,1.59281148616884E-13,0,0,3.40646719742004E-05,66.3281060859995,0,7.62902496308625E-14,22.0876273036243,22.0807943341058,0.395858963642472,-0.0325688631177892,0,0,0,6.96743054758845,0,0,150,
4346,1.59281148616884E-13,1.59281148616884E-13,1.59281148616884E-13,0,0,4.80260776653197E-06,68.4327942232758,0,5.13729788511183E-16,24.259623468258,24.2527904987395,0.494046161992089,-0.0325688692954813,0,0,0,6.96632063340078,0,0,150,
4347,1.59281148616884E-13,1.59281148616884E-13,1.59281148616884E-13,0,0,2.17245333592295E-07,14.8659515469675,0,3.45990022919646E-18,26.4314934054496,26.424660435931,1.8370875265461E-07,-0.0325688715681274,0,0,2.71978079419636E-12,6.96527240757267,0,0,150,
4348,1.59281148616884E-13,1.59281148616884E-13,1.59281148616884E-13,0,0,3.64892051296983E-08,22.3267966126217,0,2.33042688921861E-20,28.6032771815649,28.5964442120464,8.22282437695776E-08,-0.032568872404187,0,0,2.73183728151302E-12,6.96427449464688,0,0,150,
4349,1.59281148616884E-13,1.59281148616884E-13,1.59281148616884E-13,0,0,7.92344350179828E-09,46.0682496428135,0,1.56979665544432E-22,30.7749889385122,30.7681559689936,5.2019550800253E-07,-0.0325688727117561,0,0,2.74365877537857E-12,6.96332114174162,0,0,150,
4350,1.59281148616884E-13,1.59281148616884E-13,1.59281148616884E-13,0,0,1.01321753189051E-09,42.8718868030402,0,1.05795313688928E-24,32.9462704666339,32.9394374971154,-3.18856052672345E-12,-0.0325688728249047,0,0,2.75526384863243E-12,6.96250015428044,0,0,150,
4351,1.59281148616884E-13,1.59281148616884E-13,1.59281148616884E-13,0,0,6.01512176086207E-11,10.1444127366647,0,7.13008709398556E-27,35.1175412488408,35.1107082793222,-4.80948614267618E-13,-0.0325688728665297,0,0,2.76665114380862E-12,6.96170804719269,0,0,150,
4352,1.59281148616884E-13,1.59281148616884E-13,1.59281148616884E-13,0,0,1.60116947189081E-11,34.8983969174648,0,4.80347939098291E-29,37.2891466454407,37.2823136759221,0.000381837078604619,-0.0325688728818423,0,0,2.7778167864245E-12,6.96085731384451,0,0,150,
4353,1.59281148616884E-13,1.59281148616884E-13,1.59281148616884E-13,0,0,4.06089902418582E-12,69.4767567579653,0,3.23720638891395E-31,39.4604453217342,39.4536123522156,0.133412838155103,-0.032568872887476,0,0,0,6.96010110008582,0,0,150,
4354,1.59281148616884E-13,1.59281148616884E-13,1.59281148616884E-13,0,0,5.58315877127923E-13,70.2756361970563,0,2.18145531219324E-33,41.6318210484611,41.6249880789425,0.190909896399918,-0.0325688728895481,0,0,0,6.95934950795605,0,0,150,
4355,1.59281148616884E-13,1.59281148616884E-13,1.59281148616884E-13,0,0,7.53028173911832E-14,70.154252235095,0,1.46981998525216E-35,43.8033129839694,43.7964800144509,0.165125489176473,-0.0325688728903106,0,0,0,6.95859495173351,0,0,150,
4356,1.59281148616884E-13,1.59281148616884E-13,1.59281148616884E-13,0,0,6.96531553746012E-15,49.5207008417701,0,9.90679948753914E-38,45.9745021248897,45.9676691553711,0.000212061998992041,-0.0325688728905909,0,0,2.82051956338737E-12,6.95792583899022,0,0,150,
4357,1.59281148616884E-13,1.59281148616884E-13,1.59281148616884E-13,0,0,7.95245747102329E-17,0.332088256903278,0,6.67571318425807E-40,48.1459011226303,48.1390681531118,0.000134949837708565,-0.0325688728906943,0,0,2.83073116476626E-12,6.9572207889624,0,0,150,
4358,1.59281148616884E-13,1.59281148616884E-13,1.59281148616884E-13,0,0,8.30952178717439E-17,26.8796542163849,0,4.49750113572572E-42,50.3174814881445,50.3106485186259,-1.77635683940025E-15,-0.0325688728907321,0,0,2.84078582725277E-12,6.95650435928673,0,0,150,
4359,1.59281148616884E-13,1.59281148616884E-13,1.59281148616884E-13,0,0,2.40766394795548E-17,67.9676428985945,0,3.03064984226229E-44,52.4888801192037,52.4820471496852,4.25655346170117E-06,-0.0325688728907463,0,0,2.85065798382877E-12,6.95583940078424,0,0,150,
4360,7.9640574308442E-14,7.9640574308442E-14,7.9640574308442E-14,0,0,1.67189029805482E-18,31.422945193196,0,2.0423758709781E-46,54.6602078905485,54.6533749210299,0.00584594582292164,-0.0325688728907512,0,0,1.43017923719982E-12,6.95519897899686,0,0,150,
