4320,115.04438624131,92.7034729827971,76.1906240525921,495.324369060896,11.4963880004285,90.9935388461841,97.7611217145664,72.427221395288,43.612137257648,7.45808438697477,7.39451501780311,3.51821035063326,7.42196963097698,5275.91230598129,72.8443284768141,772.535348431499,7.09678943756689,1.0000354,1,0,
4321,115.657772847584,93.2838052163238,76.7465247932183,494.653833714385,11.5300102527086,90.6584333780397,97.7340095409904,72.6154351578512,43.6302198005892,7.45747869405603,7.39420084482598,3.43773766139678,7.40931636580216,5297.44884255371,72.9521048939269,782.755715945573,7.09690136536609,1.0000354,1,75,
4322,115.570082876421,93.286755335992,76.8164697626315,491.952782541308,11.5347979868936,90.8315217217152,97.7658353076419,72.5859008979894,43.6453176441226,7.45689120285854,7.39392156489381,3.32506833414075,7.37726454475981,5273.84227406503,72.6565656528363,777.82822801918,7.0970543743583,1.0000354,1,75,
4323,115.099154551622,92.9400045459049,76.5615023677664,490.563121466934,11.5542652817947,90.5243829634425,97.7438875991227,72.6683543664939,43.672477664404,7.45694297490234,7.39352635183749,3.15796168149151,7.31452226507104,5250.410315402,72.2516749026984,779.261508741781,7.09697088230631,1.0000354,1,75,
4324,114.522256421004,92.5391291692564,76.2907307657906,491.70210320787,11.6046435904492,89.587978100357,97.6472735120314,72.8929036822546,43.6772588956477,7.45716306312083,7.39335630702405,2.95754202373035,7.21627016319073,5224.79850195132,71.6777386825827,778.2621259418,7.09723296495856,1.0000354,1,75,
4325,114.186953400756,92.4228670814362,76.3363684975911,503.545692619425,11.7857920516645,86.5620725363166,97.2843995554123,73.4153105625339,43.6376445377521,7.45811760132702,7.3936292955942,2.61570133212509,6.98236110840104,5209.81020016629,70.9635382626171,776.909557016626,7.09785457938165,1.0000354,1,75,
4326,112.860619978991,91.9164410786404,76.4359610218593,513.545622936805,11.9342222741049,83.7281425294384,96.936618464481,74.3530906941939,43.5502947723001,7.46250640115216,7.39437657835063,2.27200906842657,6.58437568520161,5077.58481452619,68.2901647681297,781.560719990384,7.10079114592719,1.0000354,1,75,
4327,114.15733832064,93.83278558126,78.8102900782397,519.962866581732,12.033279962675,81.6487644532092,96.6697521336094,75.1618151345266,43.3281786857782,7.46612498084719,7.39647082617139,2.0462236794434,6.30199335900838,4980.96028151547,66.2698242797944,787.748166414964,7.10437040314487,1.0000354,1,75,
4328,114.701119032773,94.8482868028836,80.1744542851393,503.801071441299,11.8837072470696,83.7541277397037,96.9965181734116,75.7021076402305,43.2183813397294,7.46585657675215,7.39744781265677,1.8132366125988,6.0719089628498,4900.32929742055,64.7317419576884,787.525685813536,7.1074961572078,1.0000354,1,75,
4329,115.120816963291,95.9002132550012,81.6936800793091,494.239167485278,11.7993994108753,84.5772701521278,97.1402516227363,75.9050336548816,43.2225311738561,7.46789247397932,7.39728392956429,1.60184317055228,5.89948809766526,4756.99202523426,62.6703104679846,792.152275487582,7.10960607614564,1.0000354,1,75,
4330,115.209368828605,96.2497935797108,82.2361944827018,494.175732317691,11.828110356535,84.4021625898756,97.1256076474139,75.9038012945794,43.2307204816938,7.46709604176916,7.39708121892763,1.44411940875297,5.77851056358499,4692.31275646,61.8192063695116,794.518995279659,7.11074974561739,1.0000354,1,75,
4331,115.666131826552,97.0192156411687,83.2367123737114,497.20710701691,11.8929339438341,83.373278316884,97.006407915095,75.8444672544136,43.2280442932155,7.46845890698955,7.39698967823548,1.24758342823911,5.65016499405502,4611.32514631295,60.7997565708342,790.841130938712,7.11183552520596,1.0000354,1,75,
4332,115.78645106706,97.4978687900826,83.9802210201427,497.682921325505,11.9262473984607,82.6916096752715,96.9367373522212,75.7673974771839,43.2237618785387,7.47022485439051,7.3969160458333,1.04128101854511,5.50734355185035,4518.11449327509,59.6313802996288,793.687912079345,7.11311612639077,1.0000354,1,75,
4333,115.184675325421,97.2943418333963,84.0710518610302,500.609786660465,11.9862383580143,81.7587668407177,96.8256810953106,75.7354831091398,43.2566143869579,7.47152343869513,7.39647149500948,0.83061036599045,5.3523775081762,4417.86721144168,58.3328583918221,789.285019437083,7.114751094892,1.0000354,1,75,
4334,113.551136512473,95.8482669739538,82.7635373150484,510.118755190776,12.116445712109,80.0296391299923,96.5841092261279,75.9342295694404,43.3593818235411,7.47223367674181,7.39532973940596,0.627263355965595,5.18934687193721,4383.04653375875,57.7216172286379,786.178552838116,7.11610778019406,1.0000354,1,75,
4335,108.668920485661,91.3120938978171,78.4831351154979,566.66407245085,12.7757484330459,71.5042050117391,95.1240697317752,77.3089191236958,43.465905772673,7.4812901820799,7.39415889726604,0.268403375856033,4.67902890309546,4375.16813634426,56.5933166048267,792.749117683652,7.11976544262576,1.0000354,1,75,
4336,103.388779355823,86.568623657678,74.1363346633972,602.528370066313,13.2137651892239,65.8693540706164,93.9226605453661,80.3476321793603,43.3370593322353,7.49127179342418,7.39534979126641,0.0327635966933988,4.05460405406081,4406.54202223197,54.8434583908488,780.850151587512,7.12867666619754,1.0000354,1,75,
4337,100.826366181689,84.6911090495029,72.7650494300611,615.184620293678,13.3872405463372,63.7795938982575,93.4140044265632,84.2345612371568,43.2090121349859,7.49461092501539,7.39654587667182,-0.129027670915445,3.62068453718064,4431.60486513098,52.6102920231767,787.903761149754,7.13584213750388,1.0000354,1,75,
4338,99.7518200295745,84.2440186149229,72.7817306127891,623.982937330013,13.5138248056383,62.7288244960957,93.1308990318738,88.100239329829,43.4053838195326,7.4949542750512,7.39449710675115,-0.287607901539928,3.36367116985227,4454.73773629693,50.5644226415699,788.843783619871,7.1390920761592,1.0000354,1,75,
4339,97.6230087639788,82.8775084134703,71.9786603283119,650.348601715179,13.8461606378808,59.4932285925141,92.1160918031012,91.9744153190637,43.923859065945,7.4960560980248,7.38927116671333,-0.538285865020694,2.93455455480874,4422.02680902424,48.0788792588028,799.056005607163,7.14062917152159,1.0000354,1,75,
4340,94.6655510056977,80.7658620518954,70.4921789121285,683.326593636288,14.2613952672689,57.4241023044269,91.4714689827699,96.4936572000709,44.438805768579,7.50112972964154,7.38415078062795,-0.762018244862411,2.44913660040437,4373.19326246572,45.3210437800932,795.753677394672,7.14363512254404,1.0000354,1,75,
4341,86.7215757895647,73.406195845686,63.5643932784713,692.537786103154,14.3937398152166,57.0201644361668,91.3962231440383,93.8809876217747,45.2555746912833,7.50419319917182,7.37619234666223,-0.918319906264788,1.9217150219813,4075.92359724594,43.4158576778816,756.653441067812,7.14601043840376,1.0000354,0.999961647644531,75,
4342,75.5799999668386,62.4916954823267,52.8177312981222,747.751942973247,15.04699408711,54.5796322259119,90.7439664145376,86.8434287500821,46.033412361993,7.5199541080579,7.3686786444736,-0.980016971506023,1.47967458636644,3706.08327356901,42.6754600423985,729.156122009158,7.15080722661445,1.0000354,0.993185785674237,75,
4343,58.7149459119034,45.5340363735499,35.7916249756365,848.854697122812,15.9868548249121,50.5981100377215,89.5572807877344,74.1430728243049,46.9802958437642,7.54768906248465,7.35918232294688,-1.03250574899162,0.951026810713289,3186.47695783544,42.9774062020111,648.390704482271,7.15723618972944,1.0000354,0.943164675545924,75,
4344,58.3978115486016,45.9324884435425,36.7189887571946,827.300240060208,15.6421149708293,52.7267979000216,90.2663216914513,79.0586650379869,48.9193605049453,7.53166477828734,7.33972033959053,-1.16478193785905,0.701232864577845,3213.27458048374,40.6441795967563,643.406994131154,7.16849655028118,1.0000354,0.927750101814206,75,
4345,77.2032298537742,66.8465760310301,59.1916579881323,1494.12545137851,25.7221325736424,55.978750802224,93.6253624478588,117.949676879497,51.8006095337974,7.65231167086534,7.31088520365566,-1.46074275651685,0.495086077416003,3983.00670156944,33.7686953194342,645.844397606686,7.20336443066072,1.0000354,0.987174943948948,75,
4346,98.8115717696575,89.1969875082812,82.0905556629161,1805.66136420573,31.1158383859347,85.6698719412064,98.6713898789133,146.852086941863,49.4383110111726,7.73847104178664,7.32475577109037,-1.51242559780122,0.887980819344167,4603.68345555885,31.3491183641224,623.95987120811,7.28082688200804,1.0000354,1,75,
4347,62.4695948043414,49.8172558264219,40.4655270166554,702.949205559462,14.6353466224317,82.5083059801475,97.0126795496947,76.768983106345,53.7910179585282,7.45572612554767,7.28059560583268,-0.981708345339044,0.869452372959485,3167.02453967646,41.2539597572799,531.200468419028,7.2346589252824,1.0000354,0.987154602956687,75,
4348,59.5627559137603,47.0344585032637,37.7744125911575,1281.88948442285,22.689106431453,58.3895265463669,93.0811554503903,76.6577331118912,70.0460002284641,7.55834109234974,7.15742327407219,-1.0936479675866,0.73805360970228,3131.431014659,40.8495123393265,515.030640179044,7.18045082418636,1.0000354,0.987723139196158,75,
4349,57.6175601717299,45.4094720794893,36.3861026200072,1391.78805043051,24.4764232594069,54.2068138321496,92.4196075819376,77.4237753612615,72.0720901838834,7.60020477836649,7.13443872946945,-1.13050856671906,0.618576838855034,3081.88778021054,39.8054443332214,500.064513959992,7.19222409547583,1.0000354,0.987782508296467,75,
4350,59.2251747232694,47.2562257324177,38.4096112609185,0,33.0633999324227,77.6347573714941,93.3848189022729,77.9376562355805,76.3890299578805,7.19142673199074,7.09614987402558,-1.12686627465395,0.561210244777397,3041.57254423415,39.0257122313309,491.727231461232,7.15026307269918,1.0000354,0.993034641820683,75,
4351,5.9488322031544E-05,5.9488322031544E-05,5.9488322031544E-05,0,0,4.7619680874875,55.4044822436978,0,0.879502648044848,9.04228221436691,9.02964960881244,-0.000152811872756953,0.569695186540165,0,0,0.00101967628347122,7.07484685235105,1.78145114360724E-06,0,75,
4352,0.00107318542542076,0.00107318542542076,0.00107318542542076,0,0,0.748626219863212,64.1855142703208,0,0.0057688677122924,11.2250749851629,11.2127733668959,0.0358747934929724,0.567085310065216,0,0,0.0184694776599301,7.07589250154998,0,0,75,
4353,0.00826009308247011,0.00826009308247011,0.00826009308247011,0,0,0.190904346221336,88.5014266496387,0,3.8844887525645E-05,13.3970360688816,13.384736622091,1.24410284286463,0.566125190166109,0,0,0,7.07586399612816,0,0,75,
4354,0.0113134643350979,0.0113134643350979,0.0113134643350979,0,0,0.0323822418912157,92.8291216706913,0,2.61595172472664E-07,15.5689714072458,15.556671975077,1.80738475250624,0.565771981794118,0,0,0,7.07528392991785,0,0,75,
4355,0.0225659041334911,0.0225659041334911,0.0225659041334911,0,0,0.00553693470455653,95.6878902322865,0,1.76138306682394E-09,17.7410508103948,17.7287513783245,2.2540479525629,0.565642043695614,0,0,0,7.07450027563455,0,0,75,
4356,0.00858294747513791,0.00858294747513791,0.00858294747513791,0,0,0.000566044543162598,92.0961084940558,0,1.18625357760653E-11,19.9129309642469,19.9006315321772,1.80895200274316,0.565594242140558,0,0,0,7.07374501055162,0,0,75,
4357,0.0493861757884491,0.0493861757884491,0.0493861757884491,0,0,0.000126274218323078,97.3568369068458,0,7.98803751520213E-14,22.0849334335119,22.0726340014423,2.59240335791308,0.565576656931197,0,0,0,7.07296151375167,0,0,75,
4358,0.00847424445679835,0.00847424445679835,0.00847424445679835,0,0,1.03003640680002E-06,5.4568958677578,0,5.37861195038316E-16,24.2570007906726,24.2447013586029,0.224204595896722,0.565570187694204,0,0,0.149115584926576,7.07233915598984,0,0,75,
4359,0.0181071919476161,0.0181071919476161,0.0181071919476161,0,0,1.28122779108396E-07,4.54463571023965,0,3.62269359816854E-18,26.4288055988363,26.4165061667666,0.440748475791471,0.565567807794915,0,0,0.319712460021366,7.07160399148431,0,0,75,
4360,0.0254783752721769,0.0254783752721769,0.0254783752721769,0,0,2.94818841902495E-08,13.9196794669835,0,2.43963409367606E-20,28.6007470087526,28.5884475766829,0.618899704901341,0.565566932278894,0,0,0.45136457977724,7.07089364240404,0,0,75,
