4320,119.742772391356,97.8386218821998,81.6485975928238,507.400673438471,11.6311657222301,90.9983334626254,97.7428888032359,73.8482441646673,43.0799670910987,7.45422968516637,7.38777643130109,3.43171598413592,7.62922554736747,5274.25848867165,71.4202287181138,769.048646998952,7.06891884288569,1.0000354,1,0,
4321,121.907379558078,100.471784686037,84.6280841284404,503.49116180542,11.6651729426512,90.8008575223905,97.7495889929014,74.7753177721089,43.1213526549233,7.45407792211254,7.3870808583297,3.20497971217059,7.60549778926936,5226.23133369041,69.8924657146665,785.485902338523,7.07053888782744,1.0000354,1,150,
4322,121.31596933346,99.9641034781176,84.1822895850386,506.633119311263,11.7800348594639,88.7731536795908,97.5293019344535,74.4921129982364,43.1431549663607,7.45317908633711,7.38659112060142,2.86039341636985,7.459267482963,5186.10072452565,69.6194605816649,787.32784979418,7.07095223082269,1.0000354,1,150,
4323,119.945843773659,98.8728947034331,83.2972366950054,510.82061222292,11.9013216217091,86.4042150979002,97.2635514211812,74.5117472795778,43.1251396935359,7.45445134380957,7.38650905960789,2.49801008083541,7.2213086056613,5119.70440369574,68.7100301712956,780.463585254868,7.07223073739075,1.0000354,1,150,
4324,118.344226846828,97.6303615460933,82.3201132803331,513.073203582044,11.9943562983482,84.6349098459456,97.0652110750514,74.9308442028978,43.0706688679471,7.45582120209198,7.38679995181627,2.13126601674805,6.94644929466036,5060.76994104035,67.5392089182499,783.591693964231,7.07316526176877,1.0000354,1,150,
4325,117.077887534157,96.8863618428848,81.9621906797702,517.13070952748,12.1042811226233,82.605241477912,96.8255023421787,75.9257863055671,42.9976023669906,7.45808593507017,7.38728350330284,1.70795471671294,6.59859230146432,4998.65606427485,65.8360789858337,775.37154404723,7.07530646100284,1.0000354,1,150,
4326,116.147327310081,96.6004479153539,82.1527544496862,527.757667830901,12.2889192395943,79.6835717569903,96.4364885517561,77.2608099393058,42.8920916405981,7.4612144759217,7.3880999727102,1.25664982727717,6.19156948978355,4924.15269500567,63.7341583510964,779.127368120769,7.07848919328647,1.0000354,1,150,
4327,114.813501836654,96.2376577174593,82.5076859771849,544.435456393479,12.5465434491466,76.0535155549443,95.894917242224,79.1001476796512,42.737836630284,7.46566192691669,7.38941667449604,0.687596211941084,5.6326175944998,4790.93936098257,60.5680204338615,787.913259343249,7.08270003385081,1.0000354,1,150,
4328,113.00233781066,95.3149229571686,82.241616326327,566.712985572757,12.8766369117131,71.5977855917136,95.139661567068,81.0377852733798,42.5454722465275,7.47282777252944,7.39112977358339,0.217237837718299,5.07519864010345,4673.54842873347,57.6712259962106,795.768540128407,7.08994328270803,1.0000354,1,150,
4329,104.066414375213,87.2948037674042,74.8983959268501,610.300289947384,13.4675761609295,64.4909719012293,93.5794836200967,84.1638910112289,42.5919138562538,7.4824257735994,7.39041443134071,-0.37437123259078,4.08455519540797,4602.51696170273,54.6851732542721,783.396885522085,7.09844078530626,1.0000354,1,150,
4330,87.2907075907883,72.3142652664588,61.2447209397805,654.589027219802,14.0840725844982,58.1194001045532,91.7806780683366,90.8368901614749,42.6958722549603,7.49349435627554,7.38913207575863,-0.803738957416816,2.58355146021797,4435.73648082099,48.8318839728646,755.559189028016,7.10775116676335,1.0000354,1,150,
4331,48.3647733151044,34.0789689223398,23.5198961102965,610.417859402671,13.0398587204788,57.4013934542974,91.809414652655,68.4111093473668,43.6655446375444,7.50510805243079,7.3791822444071,-0.967962432409849,1.03940949653097,3186.58974336066,46.5800039461474,511.550716938573,7.11176299504775,1.0000354,0.925507929123738,150,
4332,43.6383216160119,30.7888546802123,21.2914225972299,611.642394233399,10.6268523687121,50.1625778705876,88.175575801301,72.0275803445087,44.996713180878,7.48328206101164,7.36580575836857,-1.22640347029547,0.425931427165863,3017.71873047539,41.8967111770465,468.220459312027,7.08825787019291,1.0000354,0.599512598570261,150,
4333,41.3819387781486,29.4378476390647,20.6096063623506,634.197397848613,10.0745127997271,46.6604615381944,85.3036643759541,76.3170672047793,50.0318820037359,7.45263542418735,7.31842223785092,-1.39409569714196,0.0537119942618989,2972.14232791605,38.9446612242185,445.993805186331,7.0630709601114,0.998048896015726,0.476026342069267,150,
4334,53.6553868499024,43.1708637714623,35.4214336700066,1566.67494818975,26.6968394935539,48.3501800875552,89.9760625643687,122.28526483349,58.4166258437481,7.590763536212,7.24749983271219,-1.60255089836417,-0.217873803223455,4180.39798896881,34.1856232201079,570.469713869151,7.06564346516821,1.0000354,0.849523481698942,150,
4335,46.7652783670734,34.5133016578279,25.4574927857769,808.808183286758,16.3852486765288,85.5315175515547,97.7602192826081,83.7385282939537,60.6956612647005,7.49589281322431,7.22394970326729,-1.14426189952093,0.234247242288792,3345.23250540488,39.948546667334,440.950306301671,7.15872219667516,1.0000354,0.967635633187513,150,
4336,43.3975207386614,31.2603232759707,22.2893512383297,1480.67960463342,26.6282667557656,59.5525812925832,94.3629516601418,82.5273274468263,80.8208514461492,7.60108475055159,7.09054149060396,-1.20147941379752,0.100309242229125,3265.96119682499,39.5742997848719,410.482489543383,7.13414095596677,1.0000354,0.927924286787642,150,
4337,43.2669915626281,31.3373748079576,22.5198319892881,1623.3536458943,29.4249985763972,53.7635789277413,93.3269657738762,83.8860537684395,83.5827408778828,7.63827256604627,7.06334333201839,-1.21900998886654,0.0437609844821494,3262.95495286032,38.8974663400836,405.282604972104,7.15940967031946,1.0000354,0.930860793923208,150,
4338,46.3309166501001,34.60232796505,25.9333711108826,0,17.2192940320801,76.1605879307178,91.611386666556,85.4606986045559,91.6531381109349,7.07909748024544,7.00619835998871,-1.23275772754275,0.0482305327698609,3268.18789033431,38.2419982951096,423.584478570968,7.0953154775789,1.0000354,0.965372697731124,150,
4339,73.1766997113069,64.3420316136622,57.81205954149,0,8.73253132149815,25.6305326556762,24.381090431706,168.055238893073,139.610277216938,6.80318818410535,6.80120879091522,-1.79609445909887,-0.162068076318743,4841.02266282976,28.8061395450451,991.718939005685,6.81927214410998,0.760210374784653,0.305474209680703,150,
4340,0.00681635439730812,0.00681635439730812,0.00681635439730812,0,0,1.8517294628664,2.80912206413848,0,4.08067230162747,8.34090867017983,8.3202517597631,-0.00115499725587798,4.99523788654002,0,0,0.114453521142254,6.70129488436417,4.04465282492611E-08,0,150,
4341,3.18562297233768E-13,3.18562297233768E-13,3.18562297233768E-13,0,0,0.287820575972384,5.04188377723032,0,0.0243937811382619,10.5622738716267,10.543890840672,-0.00168112119724562,4.96893129995797,0,0,5.37848978923207E-12,6.70081141451387,0,0,150,
4342,1.59281148616884E-13,1.59281148616884E-13,1.59281148616884E-13,0,0,0.0425680718917703,6.11967069461548,0,0.000164144879620413,12.734562698599,12.7161932861925,-0.000883064513736986,4.94595889665206,0,0,2.70374018415117E-12,6.69953406465159,0,0,150,
4343,1.59281148616884E-13,1.59281148616884E-13,1.59281148616884E-13,0,0,0.00646121793081741,7.8267462053027,0,1.10543970572101E-06,14.9064725449326,14.8881032241657,-0.000414775215330287,4.93376018842698,0,0,2.7179382268508E-12,6.697968839241,0,0,150,
4344,1.59281148616884E-13,1.59281148616884E-13,1.59281148616884E-13,0,0,0.000999262045298814,10.3565481098551,0,7.44425811626431E-09,17.0784273931455,17.0600580729958,-0.000221884025978891,4.92784441979094,0,0,2.73182983216974E-12,6.69631683135066,0,0,150,
4345,1.59281148616884E-13,1.59281148616884E-13,1.59281148616884E-13,0,0,4.39467523340137E-05,0.864760890377121,0,5.01193219362798E-11,19.2505874561615,19.2322181360159,0.0154839683052028,4.92566070437105,0,0,2.74537795686066E-12,6.69459279122983,0,0,150,
4346,1.59281148616884E-13,1.59281148616884E-13,1.59281148616884E-13,0,0,9.28424136529844E-06,2.37478486560978,0,3.37561203228005E-13,21.4224203676455,21.4040510474999,0.0138556615921646,4.92485736036266,0,0,2.75868623048968E-12,6.69301551355659,0,0,150,
4347,1.59281148616884E-13,1.59281148616884E-13,1.59281148616884E-13,0,0,1.92532939324009E-06,6.10467387716576,0,2.27350802095677E-15,23.5942600292336,23.5758907090881,1.50647619223676E-06,4.92456182661782,0,0,2.77170777810598E-12,6.69147074972715,0,0,150,
4348,1.59281148616884E-13,1.59281148616884E-13,1.59281148616884E-13,0,0,2.97393691569628E-07,8.11165747462337,0,1.53116607169984E-17,25.7661360067358,25.7477666865903,-2.89541379183689E-06,4.92445310582891,0,0,2.78445691896477E-12,6.68995097301477,0,0,150,
4349,1.59281148616884E-13,1.59281148616884E-13,1.59281148616884E-13,0,0,4.59942168808396E-08,10.7308157244142,0,1.0313093743646E-19,27.9379302609658,27.9195609408202,-1.49196341325819E-06,4.92441310968584,0,0,2.79693949782538E-12,6.68849419927623,0,0,150,
4350,1.59281148616884E-13,1.59281148616884E-13,1.59281148616884E-13,0,0,6.71234338137542E-09,12.521762278311,0,6.94944890526425E-22,30.1093350499325,30.0909657297869,0.219840956710055,4.92439839592708,0,0,0,6.68719224450262,0,0,150,
4351,1.59281148616884E-13,1.59281148616884E-13,1.59281148616884E-13,0,0,8.77854314618708E-10,11.7003120206315,0,4.68216656276586E-24,32.2808696546616,32.262500334516,-1.96508809224838E-07,4.92439298303773,0,0,2.82114479694881E-12,6.68590090932346,0,0,150,
4352,1.59281148616884E-13,1.59281148616884E-13,1.59281148616884E-13,0,0,9.17572520092259E-11,6.82269040975816,0,3.15569030576341E-26,34.4521022120935,34.4337328919479,-4.93495697639901E-08,4.92439099174702,0,0,2.83288573572683E-12,6.68473475812015,0,0,150,
4353,1.59281148616884E-13,1.59281148616884E-13,1.59281148616884E-13,0,0,1.40115370762907E-11,8.82872637605586,0,2.12612486370613E-28,36.623641021241,36.6052717010955,-1.90016296031104E-08,4.92439025919211,0,0,2.84438925753421E-12,6.68350087688316,0,0,150,
4354,1.59281148616884E-13,1.59281148616884E-13,1.59281148616884E-13,0,0,1.36097938577646E-12,4.32693415934392,0,1.43281506984505E-30,38.7949658630833,38.7765965429377,-4.46032677459129E-09,4.92438998970021,0,0,2.85567402498303E-12,6.68236841119094,0,0,150,
4355,1.59281148616884E-13,1.59281148616884E-13,1.59281148616884E-13,0,0,1.66940311205511E-13,3.48851331983003,0,9.6536807601774E-33,40.9664878690175,40.948118548872,-1.46997658490022E-09,4.92438989055969,0,0,2.86673964224249E-12,6.68120049535505,0,0,150,
4356,1.59281148616884E-13,1.59281148616884E-13,1.59281148616884E-13,0,0,2.69732005894837E-14,5.16184101324362,0,6.50565117390113E-35,43.1378197791247,43.1194504589791,5.08936004450788E-10,4.92438985408793,0,0,2.87759659038415E-12,6.68012249285951,0,0,150,
4357,1.59281148616884E-13,1.59281148616884E-13,1.59281148616884E-13,0,0,5.0352698788019E-15,10.250475420355,0,4.38506478961838E-37,45.3089768870091,45.2906075668635,2.15230744338157E-08,4.92438984067071,0,0,2.8882538271319E-12,6.67912844193233,0,0,150,
4358,1.59281148616884E-13,1.59281148616884E-13,1.59281148616884E-13,0,0,4.45483587797315E-16,4.12291702022181,0,2.95683705487347E-39,47.4798017221978,47.4614324020522,0.0632477195033756,4.9243898357348,0,0,2.8987012275978E-12,6.67825702118031,0,0,150,
4359,1.59281148616884E-13,1.59281148616884E-13,1.59281148616884E-13,0,0,9.79405630129837E-17,11.6236210308218,0,1.99259615357844E-41,49.651145521669,49.6327762015234,4.3736554129481E-06,4.92438983391898,0,0,2.90897739140663E-12,6.67725118163882,0,0,150,
4360,1.59281148616884E-13,1.59281148616884E-13,1.59281148616884E-13,0,0,1.29467816410492E-17,11.1019266878918,0,1.34262452880402E-43,51.8226025329479,51.8042332128023,-2.31699104347172E-11,4.92438983325097,0,0,2.91907658258443E-12,6.67623173283723,0,0,150,
