4320,114.168262918135,91.7770060682487,75.2269466574634,493.440550676947,11.4716109851241,89.8675459430067,97.6394298448791,71.6340068907067,44.0343229701913,7.46145351217754,7.39805624727653,3.53595641149961,7.52734374846123,5229.88979961192,73.0084777693821,768.124351709478,7.09500631458095,1.0000354,1,0,
4321,112.717217859062,90.1382624876932,73.4494693871164,483.79981355233,11.4314238404199,91.4470206894717,97.8465508612392,70.7763312683648,44.1204316550954,7.45951789568909,7.39693053176372,3.39450692863541,7.5008671895729,5210.58774674582,73.6204837601523,766.011158133705,7.09447645358448,1.0000354,1,150,
4322,111.590734898281,89.3912105751286,72.9828665101902,485.465897349046,11.5344603058223,89.6044307433083,97.658974881502,70.764605317825,44.1338137170467,7.45916735590461,7.39653107575604,3.03710008010125,7.36595970153697,5122.17697111599,72.3833185829379,768.694982360692,7.09438232914671,1.0000354,1,150,
4323,109.07171544546,87.1876445768874,71.0124617609858,501.388151924716,11.8118020980826,84.9536040565092,97.1114259178603,70.7237029863811,44.1251218931417,7.46223359747591,7.3963555998199,2.49456177713807,6.95719065144628,5046.47267251962,71.3547574494422,760.394555550296,7.09525099366916,1.0000354,1,150,
4324,107.421991926968,85.8349524835151,69.8793146340065,511.730323940583,12.0020667375885,81.8556175568684,96.7176044317496,71.6233284962341,43.8962296101428,7.46463903833745,7.39835572226408,2.09231341847881,6.56277932594372,5041.29842296464,70.3862628114206,765.395006363015,7.09787794480559,1.0000354,1,150,
4325,105.455600547728,84.5125642378383,69.0329287044419,522.631744502169,12.1900295860502,78.6553406131233,96.2853960531952,72.4213135196852,43.6956116574991,7.46915082401256,7.40008715931343,1.62357619826611,6.10470393511076,4945.39362685319,68.2864392608533,768.131854209019,7.10203370921858,1.0000354,1,150,
4326,97.8336166106299,78.0222443968649,63.3790562388647,532.463925366899,12.371630628339,75.360761301952,95.8260380268675,72.5510474453324,43.4686360380268,7.4772860464006,7.40208800990251,0.927588491513449,5.04742993951004,4686.54796387597,64.5965582703311,743.500344184949,7.10816500189262,1.0000354,1,150,
4327,89.078866451411,70.6955486307021,57.1078789371346,534.069602383976,12.466227169709,73.3225478488295,95.5650343353644,73.6791865959306,43.1086748852794,7.48469440050545,7.40543419706743,0.487602841812652,4.01397125392046,4416.35056570855,59.9402730913491,718.852335786217,7.11433903883063,1.0000354,1,150,
4328,78.1980264423194,60.531616288725,47.4738348708509,551.659867484965,12.7410032456533,69.9393037198704,94.9725466027644,75.8903146646838,43.1215906784867,7.48963400250066,7.4050453292883,0.114258534911291,3.1342170145679,4371.48995015375,57.6027384979082,684.952955430445,7.11845787227829,1.0000354,0.999560972231055,150,
4329,65.7032984307595,49.0251893609123,36.6978913527644,574.938778006247,12.9486157911973,65.3599178016182,93.9624451106071,78.62613384013,43.5136886076519,7.49251747210217,7.40087845495977,-0.287603724454637,2.20465005934797,4275.71306345873,54.3803040367278,641.663952686968,7.11978492599274,1.0000354,0.981886922864001,150,
4330,42.4869964312161,27.2907311287626,16.0587089486883,345.124862742527,7.09468879003387,63.8143075023281,93.0291327482208,59.1594055364262,44.8992172847317,7.45332475866362,7.38704995087044,-0.337133395071737,1.30724946302908,2931.26775122659,49.5486343151593,399.016362795167,7.09688715760589,0.994144893285688,0.516471047388572,150,
4330.76029958404,39.7132605961014,26.7970488039127,17.250283566208,470.013038060709,7.30901724561217,50.9826203127982,87.1404772418709,NaN,48.365134494711,7.43049855478285,7.35439116589308,-0.881579445810373,0.381979858308058,2928.80985011064,42.1143381015451,393.555697377789,7.06282970377996,0.964252080556872,0.404262136116437,150,
