4320,119.238356709748,97.3867024723986,81.235479775227,500.733172213641,11.5406092586326,91.8166840511653,97.8430608309716,73.3159720033895,43.5751693043224,7.4566779289528,7.39137793981693,3.30688899624489,7.25421157778348,5223.69412044324,71.2490604394053,773.889083948127,7.06407020169372,1.0000354,1,0,
4321,119.831591374072,98.1288104374272,82.087624527733,499.763880134052,11.549081287124,92.0450540945741,97.8755609595758,73.8031263827564,43.5985450748603,7.45649289390743,7.39107818659982,3.26408600497121,7.26222599888289,5222.5783958163,70.7636471757451,773.504431696158,7.0640147987188,1.0000354,1,37.5,
4322,119.946205742026,98.2712780246327,82.2506792769943,499.201099824186,11.560842774248,91.9651748361808,97.8709270115715,73.6137028895418,43.6288594057358,7.45605282320679,7.39071266186542,3.18844430107552,7.25619187216694,5202.48867569308,70.6728295341897,776.618778578686,7.06414686576362,1.0000354,1,37.5,
4323,119.356984516918,97.7527935293223,81.7844784515341,498.82055852292,11.5735672633819,91.6177603906916,97.8384056587488,73.5982707408762,43.6533879859376,7.45624619888838,7.39040718901711,3.09100390637167,7.22495260167554,5184.42313482104,70.4421867882506,774.042918914852,7.06415651151538,1.0000354,1,37.5,
4324,119.19107861365,97.7089049593102,81.8307766061027,500.856436314023,11.6155058680249,90.5801976038061,97.7243550131232,73.7145892712459,43.6427982564585,7.45643043326035,7.39045289652135,2.98443032425957,7.16452956367322,5163.28972049379,70.0443395471493,774.908476887633,7.0642337632581,1.0000354,1,37.5,
4325,118.813594044577,97.2273361229338,81.2722759199803,500.316236346539,11.6242217140064,90.3916275908955,97.7084470488194,73.6957646784984,43.6585639064309,7.45653882620511,7.39023806558039,2.89494125975713,7.10667721902209,5186.98166815856,70.383714597264,771.423453664396,7.06453688284437,1.0000354,1,37.5,
4326,119.439376959892,98.109176279197,82.3433757760749,510.439117584848,11.7625543476211,87.488049531776,97.3628378717103,74.2374084142038,43.5831782528592,7.45836863431922,7.39093240438056,2.73781997993035,6.97498450654754,5163.12412186641,69.5488195527924,776.791830838112,7.06536491636871,1.0000354,1,37.5,
4327,119.246542881752,98.1842643287611,82.6164932243762,508.458286042627,11.752538723088,87.3957382629155,97.3628976659144,74.3988361231809,43.5300780697968,7.45933745851761,7.39140662620554,2.61502647803077,6.8539186653339,5109.35778507054,68.6752380993038,772.818300450063,7.0668444388352,1.0000354,1,37.5,
4328,118.677911122099,97.8559525089915,82.4658091862597,507.422628239712,11.7532774033602,87.3043364394366,97.3594843290014,74.6202947323659,43.4964415882313,7.45975222471229,7.39168734594178,2.49041144272437,6.73736399985594,5066.09536412538,67.8916557793762,768.707738782392,7.06748558965089,1.0000354,1,37.5,
4329,118.162701345149,97.5837167280647,82.3731628806544,504.895607304534,11.7355365443589,87.5083712536409,97.3947125764367,74.9049722297159,43.4770227121029,7.46023927061707,7.39182654700099,2.37178900952143,6.61749939939931,5026.08016909754,67.0994196978505,766.338056188732,7.06778531926109,1.0000354,1,37.5,
4330,117.797615703253,97.1676538654729,81.9194212027658,500.503993358604,11.6943030649288,88.1137085452568,97.4791165821315,75.0240091471907,43.4764325831016,7.46051216792435,7.39177808105232,2.27551410261813,6.53244128894841,5046.53761473111,67.2656349893302,763.347127015702,7.06805349997546,1.0000354,1,37.5,
4331,118.187159960603,97.9025652664366,82.9096039707484,510.82489032041,11.8306985528195,85.8106987910255,97.1927909996365,75.6339870842029,43.4213425519296,7.46210162234197,7.39227528013007,2.12413671225976,6.36685624578915,5002.39695439977,66.1395378883124,774.902937653509,7.06927219774808,1.0000354,1,37.5,
4332,117.879003828955,97.8809832065576,83.0998375291335,506.0019261179,11.7852200928501,86.3928464812875,97.2788479141727,75.8698860015539,43.3770874185415,7.46243743561399,7.39266495644657,2.00414031195989,6.23509001414802,4947.10656009644,65.2051402844485,770.476650508662,7.0706800443275,1.0000354,1,37.5,
4333,117.120573111889,97.3326281359646,82.7067557624553,504.753529552069,11.781714325321,86.4225321485056,97.2899268429916,75.9607053343188,43.3826532147606,7.46270852179342,7.39255592036438,1.91027384459892,6.14175605283207,4900.99776535695,64.5201718939634,766.357452842841,7.07095607662399,1.0000354,1,37.5,
4334,116.706084479086,96.8605500124714,82.1921114936697,501.941844627723,11.7591123343438,86.7607922567112,97.3402116301676,76.2443586926203,43.36293712657,7.46278712373129,7.39269960952028,1.80907909110636,6.0495173008745,4933.61592276627,64.7079470188237,763.717951534777,7.07095786878627,1.0000354,1,37.5,
4335,117.29831140126,97.7842773784454,83.3608609267998,514.961172688622,11.9224192898636,84.0664123543972,96.9920132881683,76.6889980214588,43.3015835750935,7.46496246662392,7.39326157159413,1.68188929883436,5.90039995749897,4879.49573903025,63.6270633978669,779.310175977545,7.0717753786612,1.0000354,1,37.5,
4336,116.771357950377,97.4970617911882,83.250842890918,509.532962063296,11.8711621431649,84.7076820292471,97.0904047653426,76.898191482888,43.2524615509,7.46530071488722,7.39370139286203,1.58268840872832,5.79525202721773,4832.69598692445,62.845378983976,770.562404508195,7.07385832739802,1.0000354,1,37.5,
4337,116.270734718267,97.148922879984,83.0154097821224,505.837818857119,11.8385602891983,85.1894181884438,97.1607368669367,76.997671199167,43.228985467577,7.46506970905655,7.39388335342191,1.50887447658895,5.72840410133784,4800.66556446516,62.348191701116,768.109738530312,7.07422770367122,1.0000354,1,37.5,
4338,115.681348866755,96.7140232491997,82.6946956188324,503.530058784265,11.82174696751,85.4326859418336,97.1999008893496,77.2471456573853,43.2228000256253,7.46519604171717,7.39389100146872,1.42732745402274,5.65745772056778,4777.30932789189,61.844477064314,766.578553379066,7.07410160640912,1.0000354,1,37.5,
4339,116.494870093078,97.6521415124466,83.7249073441541,520.558071151732,12.0228825219916,82.3610915570594,96.778805459905,78.0287161756078,43.1477962580768,7.46680264786576,7.39459064747822,1.25371307331319,5.49155434454947,4793.94531318563,61.4382184937735,774.156767081821,7.07437529384,1.0000354,1,37.5,
4340,115.785265507987,97.3467696670782,83.71831621945,516.540826872774,11.9896892736091,82.5493594655531,96.8291378414875,78.3849546483877,43.1248854736941,7.46902563326871,7.39476709274658,1.1195691100428,5.32931528087807,4712.51800794887,60.1201854244589,771.783257100841,7.07724427609461,1.0000354,1,37.5,
4341,115.061260078591,96.8944580622814,83.466821789357,511.034204040671,11.939018495113,83.1968183309254,96.9312474307065,78.6387810766062,43.0561941666249,7.46925366895575,7.39540364902548,1.01626405089778,5.21247300463248,4658.11362589499,59.2343060525987,765.380164153772,7.07831762035925,1.0000354,1,37.5,
4342,114.558008861257,96.5540707142311,83.246812083821,504.82398823761,11.8779882338557,84.0397570893011,97.0561730299319,78.848001153475,43.037937931196,7.46920258504746,7.39553124083135,0.944750098249092,5.13873099883212,4628.63592841493,58.7032754248957,763.973840445461,7.07840136384797,1.0000354,1,37.5,
4343,114.645394751686,96.7868803111221,83.5871087680965,518.891753907144,12.0430433410931,81.6783607331809,96.7215777466292,79.3641962733207,42.9957521749305,7.4697830845433,7.3959004493154,0.795078640866216,4.97248013938646,4621.30650202227,58.229109838233,779.086677067122,7.07816832839816,1.0000354,1,37.5,
4344,113.952636745115,96.3782201344587,83.3884339439738,516.852267811222,12.0306095998826,81.5988500170271,96.7309895679352,79.7327670059032,42.9852474147805,7.47184844929254,7.39594986477696,0.696004598885831,4.85661750841528,4568.90970233589,57.3027862183388,769.028412134817,7.08041742012023,1.0000354,1,37.5,
4345,113.552226164935,96.1592233127699,83.3035255524737,514.248230193025,12.0119946606552,81.8693147555758,96.7769052853443,80.0295079677984,42.9414747654152,7.47175786981006,7.39633513509255,0.635756648567173,4.78315834523262,4538.57521025492,56.7112721982635,765.52980604401,7.08139996848144,1.0000354,1,37.5,
4346,113.441055133089,96.2415541888338,83.5288795778623,525.446076342926,12.1417020582829,79.8535796071996,96.4853047331523,80.5369757765365,42.890179275171,7.47370967867197,7.39679737487937,0.502587451223477,4.63404354510194,4516.54129043898,56.0803438034585,776.568969556394,7.08187192697374,1.0000354,1,37.5,
4347,112.67047050256,95.7603591394784,83.2615811754613,521.981182232913,12.113696044002,80.0477732581274,96.5346456995655,80.9743510675701,42.863870994731,7.47522485051436,7.39700716640498,0.416231661863935,4.5289270630992,4464.66384736156,55.1367660067564,766.094530689403,7.08415840555763,1.0000354,1,37.5,
4348,112.476733408077,95.7538083275836,83.3933854420015,530.42669116731,12.214454942247,78.6505764649001,96.3195293469335,81.5579558805395,42.773652550693,7.4759407211838,7.39786609002027,0.299256105292579,4.38360546471915,4447.06418953163,54.5264302117304,773.293266325742,7.08546265979596,1.0000354,1,37.5,
4349,111.246098921951,94.6897922120092,82.4525220350958,533.988874665613,12.2625764975841,77.6967978647394,96.1973772614422,82.1035517788994,42.8234410655498,7.47973895004213,7.39730576018807,0.198383404257802,4.24612503182111,4432.20898615041,53.9831577333721,771.884872510548,7.08762212080969,1.0000354,1,37.5,
4350,109.959105218142,93.7296153926214,81.7339055215847,548.077768142093,12.4257212374972,75.6396739164882,95.8485225606856,82.9329314075358,42.7355219814136,7.48091774856435,7.39814461029181,0.089780675029298,4.06205308770418,4388.60714890555,52.9175452310947,767.367771768681,7.09006650889922,1.0000354,1,37.5,
4351,108.3508908909,92.3943327915997,80.6003550660296,562.358316061807,12.5917868472816,73.4328718170325,95.4647872281131,84.1063210776269,42.6714232581147,7.48438133975039,7.39874526174067,-0.0054005159239745,3.87507867048188,4375.85251855918,52.0276295823287,772.618381078643,7.09257539016334,1.0000354,1,37.5,
4352,106.803759351051,91.1677590129286,79.6107152847511,570.049735526883,12.6853007012248,72.2197106608139,95.2511104312203,85.5445327046926,42.6537102707377,7.48702207248798,7.39887746710362,-0.103051134959384,3.68869584671137,4361.26776129787,50.9824254503015,766.557546672187,7.09533127921029,1.0000354,1,37.5,
4353,105.515076438716,89.9956372360032,78.5247473905201,569.727022471402,12.6892511111993,72.0877177709962,95.2522058359886,87.2212557616581,42.6665485466964,7.48910844172747,7.39870237526679,-0.198512431605719,3.50003464381487,4413.60213181695,50.602368577192,763.902324318119,7.09762494301307,1.0000354,1,37.5,
4354,103.580299321321,88.598725496351,77.5253883213735,585.658970921,12.873249661176,70.1372808580199,94.8483395514091,89.1579124097771,42.708466143686,7.49038851204884,7.39823586340324,-0.310758229348481,3.24302702092587,4355.24059454629,48.8486156397342,770.483680402519,7.09898087149519,1.0000354,1,37.5,
4355,102.441415316083,87.7358953937952,76.86659805993,585.579496741678,12.8781141898123,70.2622537793605,94.8867610269362,91.2747574743842,42.8126992698329,7.49082994298866,7.39714135384984,-0.387019089014571,3.06818296006837,4376.48952382705,47.9485198857448,759.221662942003,7.10031452083737,1.0000354,1,37.5,
4356,102.496271586219,87.8309616971296,76.9913848225852,596.068253446088,13.0003794613864,69.3136692302961,94.6515278838803,93.2524671532018,42.8542246668838,7.48895007685994,7.39668787425996,-0.450420656218825,2.96823023665071,4459.09162951142,47.8174118673526,762.227212297768,7.09998401937743,1.0000354,1,37.5,
4357,102.397975087729,88.0060193447139,77.3684868390069,603.506548644135,13.0875296546195,68.5467281157423,94.4888749793048,94.9264026195812,43.0896639522447,7.49026850994396,7.39427859157806,-0.530534252628429,2.8594835494533,4454.52765464992,46.9261188849798,765.123431950857,7.09996520665085,1.0000354,1,37.5,
4358,101.606110448755,87.5009974865472,77.0754792101326,604.106786099666,13.0967521445944,68.8479568914097,94.5505876420876,96.3724883968692,43.3290359330567,7.48918357885848,7.39184481371088,-0.612553956495019,2.75120150965382,4432.25218902683,45.9908451338777,761.648656067759,7.09996919983138,1.0000354,1,37.5,
4359,99.3311985154733,85.6234745788433,75.4916786256821,616.877254633473,13.242845159037,67.5850733657349,94.2511986058461,97.877479031084,43.6578861875763,7.4897971127302,7.38853557809738,-0.765728904994742,2.47872963223809,4374.64631071475,44.6951265400435,758.856756865022,7.09914537762518,1.0000354,1,37.5,
4360,90.874387520234,77.4460970203818,67.5208388248388,620.021374959179,13.2811695276967,67.2778720385678,94.192877830284,95.9771482161864,44.0573188172157,7.49105035091827,7.38455852307712,-0.828208068065562,2.01461189370496,4202.26456562568,43.7840115457502,731.9320615765,7.09875145379235,1.0000354,1,37.5,
