4320,121.364255303092,99.4340550764873,83.2247766481273,501.168521415324,11.5677103586708,91.5189487631763,97.8147594129794,73.7588657223397,43.4835491056498,7.45631163690312,7.39133171849898,3.45105446598085,7.59293327725252,5274.1399299451,71.5051658982833,784.715597508395,7.06275343501684,1.0000354,1,0,
4321,122.709770263275,100.722794563593,84.4715516551315,504.367785903628,11.6283413251224,90.2937748716063,97.6781653894322,74.1746211224593,43.4745518815177,7.45637649196092,7.39135102769127,3.41486568970161,7.58682161680285,5317.59986554359,71.6902868538344,796.469338542994,7.06316795433292,1.0000354,1,37.5,
4322,122.693151695286,100.965537558451,84.905996674703,498.948725829009,11.5795159495149,91.737816964915,97.8513548161973,74.050495147571,43.4977989719522,7.45575207303868,7.39105146712377,3.33209707696832,7.57779132858144,5246.079026958,70.8446178044237,790.540932107066,7.06349197553263,1.0000354,1,37.5,
4323,121.632541600389,99.9740269049842,83.9655595214242,497.912153172178,11.5841743506964,91.7510434240602,97.8594594133063,73.8664860130806,43.5705910624549,7.45580978699026,7.39026022059161,3.24698095201683,7.55679299641889,5216.40053790276,70.6193135677121,785.229075908874,7.06324080723412,1.0000354,1,37.5,
4324,122.159553992176,100.391269643392,84.3016681682039,505.742872453646,11.6980662247531,89.252432317687,97.5692755701978,74.1613423728508,43.5168876045309,7.45586665203511,7.39073218127539,3.11960620351325,7.48198024096428,5263.7663782561,70.9772262723102,791.617097850376,7.06287174426618,1.0000354,1,37.5,
4325,122.158097548583,100.599719176732,84.6652655975373,508.748928828388,11.7500210947126,87.9834719382111,97.425114341443,74.3581187944824,43.5016647933349,7.45747159688403,7.39082272728933,2.98887409579644,7.38307434053065,5226.84119838641,70.2928111028847,789.389146847641,7.06420136315352,1.0000354,1,37.5,
4326,121.821940798262,100.49798752453,84.7368046700327,505.50413386473,11.7255694395245,88.2526010438878,97.4690465485146,74.5419720803474,43.4629447532557,7.45800397574959,7.39114891508228,2.86178913069333,7.27275972207057,5182.78773280245,69.5284493844088,786.15290308673,7.06509082086157,1.0000354,1,37.5,
4327,121.342975435635,100.260039180908,84.6769993404581,504.10976022038,11.7228266373807,88.1855159646913,97.4700208324052,74.7588347446013,43.439239328484,7.45857557431205,7.39132588957458,2.73997160580509,7.15670036595129,5139.11623840026,68.7425941824404,783.030086348187,7.06565365287796,1.0000354,1,37.5,
4328,120.882987944092,100.021527040004,84.6021863717657,506.746009183088,11.7684322684844,87.4269318075091,97.3808655543192,75.013634945676,43.4241689800051,7.45892054607435,7.39141711526021,2.61659714795816,7.04383538268523,5102.46166631316,68.0204561478497,789.731434566864,7.06601819242935,1.0000354,1,37.5,
4329,120.636189567728,99.741657487641,84.2978729067071,506.479437914163,11.7784759446146,87.2026144024451,97.3608022547414,75.3122152745054,43.4047088060294,7.45942907864765,7.39155264466427,2.49789576516451,6.92797512139431,5130.89224343539,68.128287353304,784.374257979943,7.06706049086619,1.0000354,1,37.5,
4330,121.26469674308,100.751875795842,85.5902255304919,512.662807322283,11.86394034513,85.4753594664956,97.1503183359248,75.7375072817341,43.3339570251189,7.46173591287562,7.39220316693557,2.36269501394771,6.759538451775,5065.60379014585,66.8836877784007,788.297436328595,7.06853656732194,1.0000354,1,37.5,
4331,120.541689466804,100.3041166493,85.345910653754,503.775042340947,11.771362498998,86.7869870487701,97.3326074557736,75.8605589614508,43.290903251986,7.46178202322292,7.39257696094651,2.24977257709279,6.63794107417843,5005.75148071063,65.9862193113333,781.396412836332,7.06970618957686,1.0000354,1,37.5,
4332,119.793660259665,99.7878184947431,85.0008919728445,502.220381981265,11.7648305761441,87.0788076414602,97.3722699499804,76.0977118887137,43.2908785647076,7.46113326389031,7.39251876921405,2.13237996951438,6.52588553475779,4963.90258168034,65.2306417430739,779.08123003602,7.06948225241826,1.0000354,1,37.5,
4333,119.396726012174,99.2787943042042,84.4090186939655,500.994326206332,11.7620793742454,87.1055687120279,97.3838047577635,76.2324256600728,43.3226707782188,7.46155590438575,7.39214143430008,2.03940278540279,6.43973326753131,5000.5513366933,65.5961199370883,777.4460511506,7.0691876535301,1.0000354,1,37.5,
4334,119.927972768138,100.196586703541,85.6125187427525,511.316800839517,11.8957549429444,84.7156156131063,97.0847989538873,76.7946253034668,43.2490095155996,7.46403796348791,7.39282260092653,1.89580888126167,6.26571539297982,4940.64035667351,64.3357570552593,788.919177388542,7.07086868663772,1.0000354,1,37.5,
4335,119.386874709848,99.9428648695729,85.5712054224131,507.264317085197,11.860305825082,85.2911103959195,97.1670131627328,77.0275753886471,43.2020353539713,7.46358387810173,7.39323648544036,1.7816193668932,6.13606683831594,4883.45153062225,63.3987439690594,783.106896515126,7.07219791021515,1.0000354,1,37.5,
4336,118.619344903789,99.3797175632135,85.1591234419184,503.06044248727,11.8220581590717,85.912948180233,97.2551148365056,77.1523698521448,43.2111844309228,7.46337262771265,7.39308582660123,1.68867617683654,6.04599928960139,4839.94858452982,62.7323385374308,779.615609464676,7.07229154167289,1.0000354,1,37.5,
4337,118.232641511156,98.9055654179268,84.6203352620617,501.798937697288,11.8183254725287,86.0224058929874,97.2754356524318,77.4458906318052,43.2204813517808,7.46342163451146,7.3929328119983,1.58870688673903,5.95558241172833,4880.44425726167,63.0174721660105,778.345727747125,7.07193633203684,1.0000354,1,37.5,
4338,118.832907786582,99.8436620901262,85.8081326623107,514.132924904193,11.9707714484855,83.3567926184057,96.9314086758221,77.8687246367339,43.1661183716172,7.46629903746171,7.39342025610382,1.46413447825689,5.80836349792519,4821.31600112114,61.915949228822,784.183410352738,7.0728177005031,1.0000354,1,37.5,
4339,118.264462009143,99.5279743861281,85.6792661430298,507.538045237349,11.9075967492949,84.2191343724489,97.0607665202778,78.0748479902603,43.1155856213065,7.46641736133099,7.3938691833368,1.36725824103125,5.70417614218737,4769.73388717624,61.0918113829854,785.703527444671,7.07489704020735,1.0000354,1,37.5,
4340,117.847434296889,99.3218157745875,85.6289673015824,505.453030290753,11.8943131715873,84.3666749585605,97.0888561196359,78.446457463305,43.0689472933312,7.46669048542932,7.39427845734116,1.26071521876783,5.60185816208713,4738.49988884188,60.4042558716997,783.57495610201,7.07538129090001,1.0000354,1,37.5,
4341,117.4049323512,99.0408428093463,85.4673853218894,507.563954620966,11.9289978418223,83.9455903232054,97.0342619988885,78.5494445341854,43.0777503872634,7.46648012472466,7.39412847705284,1.18824658416526,5.53338418612764,4703.35047274324,59.8775777554519,781.873301798627,7.07572463704819,1.0000354,1,37.5,
4342,117.101386084938,98.6498248109176,85.0117143040327,502.756622412115,11.8842469440879,84.5282067690162,97.1237230276839,78.8081289314555,43.067416432594,7.4669010533036,7.39417085396173,1.10666696466274,5.46146650324801,4741.31662043883,60.1627863105678,779.880991516224,7.07585147701807,1.0000354,1,37.5,
4343,117.156018781439,99.1160325723621,85.782129722175,510.868746161055,11.9860866227581,82.9756275602323,96.9162406294082,79.3380448188513,43.0184437636058,7.46775133369147,7.39460330305534,0.947942384391132,5.29736251034257,4666.72829844101,58.8208130046099,784.000091653209,7.07609739792356,1.0000354,1,37.5,
4344,116.468183553136,98.7139613153089,85.5912753134367,515.052519923011,12.0410430439908,81.9776391495058,96.7872902766555,79.6647451758105,43.0210165922204,7.46939202918248,7.39451559638324,0.831263362588715,5.17238517918656,4611.71695828571,57.8890567980631,785.713125224372,7.0778413517693,1.0000354,1,37.5,
4345,115.979725126089,98.5018422188198,85.5834070264904,511.548835262413,12.0131872172003,82.2831379071602,96.8439776760835,80.1230507962485,42.9701829561704,7.47011583844137,7.39496701194484,0.720703003198002,5.05500585342586,4566.0548532138,56.9880303837305,780.170244880801,7.0792650328658,1.0000354,1,37.5,
4346,116.045534867819,98.6408495900442,85.7765169934281,520.767715320754,12.122759785303,80.5425672240925,96.5971447497071,80.4712056197699,42.914707070854,7.47159028405318,7.39546635285641,0.624155279489958,4.93213926647627,4566.68971333712,56.74936367817,790.983015947302,7.07996834923921,1.0000354,1,37.5,
4347,115.356048160135,98.2566980695756,85.6180480026408,521.850225492535,12.1445028126271,80.0629810313803,96.5411817286086,80.8547380190502,42.8955771625575,7.47324810132487,7.39559861235879,0.527106264410386,4.81723006666845,4507.95840436085,55.7537939619411,782.113315034997,7.0820575876597,1.0000354,1,37.5,
4348,114.827770445928,97.7468823653571,85.1218781318919,516.778286168282,12.0992508066257,80.6095761831115,96.6381653612136,81.3489382231704,42.8702253611105,7.4738994499816,7.39579449436855,0.425339039858008,4.71552129018523,4530.61499046433,55.6935971067646,783.691585249346,7.08380446453958,1.0000354,1,37.5,
4349,113.834629031067,97.2171426360374,84.9346526918855,533.159012279336,12.2877176368013,78.036078491995,96.2437618473443,81.8508526875572,42.8972705538266,7.47585330331299,7.39546116777497,0.311471806592969,4.55630043866829,4434.89520082186,54.1826389732412,790.398461850241,7.08444636204261,1.0000354,1,37.5,
4350,112.035176835854,95.4060812743603,83.115010641952,542.062927012769,12.39510405433,76.4892020257674,96.0082910870801,82.7164600747759,42.9186305273699,7.47890798879087,7.39518721416504,0.198505690096479,4.35930387536326,4484.92712749709,54.220491585867,780.010116134547,7.08666827807728,1.0000354,1,37.5,
4351,110.622131393064,94.2955744058173,82.2281192413304,564.986670429069,12.658172188255,73.2525778633703,95.4236853789038,84.0988985332935,42.7881004392716,7.4813148752011,7.39645514538402,0.115665751720887,4.15695294830919,4476.92416624969,53.2340404491426,783.569573073395,7.09017856970103,1.0000354,1,37.5,
4352,109.507879297334,93.3470139511419,81.402026521348,564.045275671104,12.6562493385078,73.047465385212,95.4218862603719,85.5984460243976,42.7906029985153,7.48448028196949,7.39637787953393,0.0251759576030737,4.00231291398553,4510.50650884924,52.693789646177,780.960573863478,7.09276600913347,1.0000354,1,37.5,
4353,107.98270789691,92.3020113569217,80.7119313056259,578.650905873157,12.8270049615527,71.2442647148072,95.0585942384375,87.3196604589492,42.7979577590238,7.48524307297034,7.39625537293385,-0.078746340932303,3.76391455299007,4464.4936565965,51.1281609792259,777.636269060368,7.09452770232606,1.0000354,1,37.5,
4354,106.796953903484,91.4298662939664,80.0715841478015,585.632142824847,12.9118712635829,70.3845193581949,94.8887226709829,89.1812353573412,42.8632407841179,7.48649596630786,7.39554989145121,-0.176151712764169,3.57534368785408,4468.480560531,50.1056140636111,778.504972597387,7.09564272092581,1.0000354,1,37.5,
4355,106.202227367815,90.8552539659716,79.5118388428698,584.863830624399,12.9085372212104,70.7363463236747,94.9617416802836,91.0277751117037,42.9890936915666,7.48561892952584,7.39423692450285,-0.239488875584081,3.46720377633077,4555.03260526812,50.0400300861849,772.125786394686,7.09634590167641,1.0000354,1,37.5,
4356,106.05300361253,91.0084996943131,79.888648972153,597.353583820973,13.0535142553368,69.3037987062661,94.6539028675091,92.7024246822009,43.1500124767043,7.48684448926097,7.39257853252149,-0.314544842174197,3.34732795282367,4547.40659153728,49.053804224933,787.561658583783,7.09578248959884,1.0000354,1,37.5,
4357,105.114696604718,90.3783973137052,79.4863500116525,600.651469276306,13.0938100119043,69.1990547617651,94.6242540192019,94.2602906591791,43.3365730216641,7.48616968400155,7.3906719605832,-0.405659556144647,3.23005623905573,4529.10125051442,48.048878470898,779.930502926071,7.09677951289338,1.0000354,1,37.5,
4358,102.750644446843,88.4487425589121,77.8777715982673,621.875021993045,13.3374102073221,66.8960900215887,94.0660765806446,95.9659311028459,43.6552400763338,7.48685945570098,7.38746103730599,-0.550562685028923,2.93620953833436,4475.13042923437,46.632491112272,776.929057372699,7.09632315306785,1.0000354,1,37.5,
4359,99.9606668834224,85.9268822790392,75.5540849627559,625.352787196099,13.3792370349386,66.5639454760441,94.0130798974003,98.6337820295982,43.8863565471203,7.48918177804622,7.38514342727864,-0.632919660798282,2.63571515325011,4513.31155843125,45.7582733375963,772.394342184809,7.09770734778497,1.0000354,1,37.5,
4360,99.1713363791733,85.6393790155314,75.637497485883,621.728018546063,13.3392827189454,67.4472178285947,94.2220085794086,101.63458281607,44.00609245742,7.48761995401144,7.38393943348509,-0.696490335051591,2.44930925211634,4484.32366672981,44.1220256184371,770.640493001075,7.09756758639541,1.0000354,1,37.5,
