4320,114.960708589422,92.3255024259046,75.59513265287,489.033077549453,11.4040322086159,90.418913028432,97.7046457471806,71.9823690194726,44.197900093882,7.46259155357607,7.40142089959724,3.66140416233857,7.52648221964999,5312.57912950619,73.8038939517125,785.297062971936,7.09866238501105,1.0000354,1,0,
4321,114.316386961078,91.6618618500755,74.9172128549867,484.76620477565,11.3693873119535,91.3039896902986,97.8129315831886,71.2823785891782,44.2465574150976,7.46194932799179,7.40087675700654,3.62538527433854,7.52300698741175,5265.4072560638,73.8668849199033,783.977683204087,7.09823086631961,1.0000354,1,37.5,
4322,113.701681490548,90.8943802743099,74.0368098101341,485.952427336654,11.4047750533096,90.7230133027702,97.7513290974131,71.2026461786241,44.2799186394366,7.46174106669991,7.40048665377628,3.5515489610171,7.50109538576873,5294.9864626604,74.3650235888287,781.124125512302,7.09771626108373,1.0000354,1,37.5,
4323,113.72856572721,91.0823177911796,74.3437867080263,492.014945914995,11.5021135618293,88.8274985207079,97.5326597132269,71.2586231547799,44.2554567045735,7.46242277991118,7.40066711976576,3.45038411580451,7.43949595768434,5261.72936069999,73.8398965311336,785.102642427394,7.09772961261766,1.0000354,1,37.5,
4324,113.06406333509,90.5981204921123,73.9928583907808,491.857423258389,11.5174601751568,88.4579066680531,97.4959090685496,71.378417271783,44.2245284017668,7.46285504991138,7.40091332716264,3.33520645816846,7.35869507953144,5228.61163662927,73.2519974030892,779.807912193971,7.09834150861272,1.0000354,1,37.5,
4325,113.074147462,90.6046303584549,73.9967264123565,498.816637973155,11.6223579694178,86.8901785051646,97.301953328289,71.5562260514378,44.1586938036934,7.46311335406029,7.40150462262168,3.21140353676764,7.25024953642213,5242.47041270836,73.263651564573,780.333775520931,7.09865349901597,1.0000354,1,37.5,
4326,112.083091512027,89.8558521629399,73.4270230788321,498.206371878629,11.6304556788883,86.3366362370086,97.2487889308891,71.7654956853701,44.1261945459431,7.46526386310254,7.40177000772028,3.08722001498953,7.12980190183488,5201.10997368174,72.4736856341679,779.014482253963,7.09990857292254,1.0000354,1,37.5,
4327,111.613169540055,89.5215360491147,73.1929373818981,495.792549478681,11.6152898142589,86.3575602568257,97.2598862455562,71.837669803852,44.0173993679433,7.46547471982106,7.40278817785612,2.93691160930054,6.96716485512157,5174.57740585913,72.0315319245178,772.814635886142,7.10101796322217,1.0000354,1,37.5,
4328,110.708431137212,88.6081745502153,72.2732022902615,496.205702361016,11.6352433135992,86.0048527141856,97.2243777897989,72.1705287622578,44.0100649803279,7.46627047848954,7.40280740007571,2.82533618474387,6.83278114834626,5200.58291421122,72.0596482165573,775.251403256828,7.10135495196715,1.0000354,1,37.5,
4329,111.036928307246,89.0992841210481,72.8845036355975,504.530483771423,11.7523132191398,84.2527452851865,96.9999467126014,72.6984260561537,43.9061718754808,7.4680273209182,7.4037809927666,2.73238463351285,6.7171856528773,5200.0775245238,71.5294375218956,777.381294862943,7.10246182034202,1.0000354,1,37.5,
4330,110.443523448592,88.8437221107617,72.8786515567133,497.277119023184,11.6768734397208,84.9760819909778,97.1123795575688,72.9158145791986,43.8215241989333,7.46859790501551,7.4045662047961,2.59439564822637,6.56471501648577,5135.3058007186,70.4278739852903,769.87517053158,7.10416168465253,1.0000354,1,37.5,
4331,109.905416477103,88.4862731641871,72.6547324546405,492.105593029803,11.6252849724079,85.6254528777709,97.2054759900226,73.3699086333937,43.7544732343455,7.46825975633614,7.40517781886841,2.48696803853619,6.4560427607979,5124.06814289766,69.83882409478,775.048663233056,7.10484600076405,1.0000354,1,37.5,
4332,109.143125897042,87.930104555828,72.2509148688435,496.591516102006,11.6948900405738,84.8081111207734,97.1007775150757,73.3816310727605,43.7619947515602,7.4684028394071,7.40504943014503,2.32005312880133,6.2667273618066,5075.56870909837,69.166746976035,771.353289985689,7.10475480478043,1.0000354,1,37.5,
4333,108.413633900885,87.2989533659638,71.6924503618916,502.729165830892,11.7830319353634,83.5959552579561,96.9433731710563,73.7891965698356,43.7084841955554,7.46951902553853,7.40552568521058,2.20463384718975,6.107658803881,5080.09832762872,68.8460989383563,775.114953406423,7.10522642092089,1.0000354,1,37.5,
4334,107.388261296149,86.6342630468723,71.294351297407,496.750862796856,11.7226777854086,83.9562754736047,97.0154455889146,74.0464729185336,43.6669313932525,7.47152422229531,7.40588223692885,2.08411039521871,5.95395309316009,5010.7296795477,67.6700655959743,764.15057322886,7.10686816782735,1.0000354,1,37.5,
4335,105.29515585808,84.8046951394228,69.6595719995456,495.591149111532,11.7208702611774,83.9462298412973,97.0181029255439,73.7331416694374,43.6114445054559,7.47118609303436,7.40637530648579,1.90162941500474,5.65767764557093,4926.16874149742,66.8107804707761,757.11580893889,7.10685207219502,1.0000354,1,37.5,
4336,104.921417665209,84.5395693686881,69.4747249756074,505.576285737495,11.8540499065735,82.0528227954942,96.7666765709605,74.5612870467592,43.519931534661,7.47371408825779,7.40722557906499,1.81084714284976,5.48594902710231,4955.09268657629,66.4566410108885,764.99129072021,7.10752356429645,1.0000354,1,37.5,
4337,104.953852590784,84.7909113938992,69.8878679005492,499.285208876932,11.7910715277082,82.8072620559057,96.8824741856476,75.6032710940522,43.3966691750211,7.47333028334837,7.40839394702635,1.71675696791343,5.35822056866821,4970.37654956756,65.7428769634093,763.708190672092,7.10904106341129,1.0000354,1,37.5,
4338,105.020037998197,85.0862286801674,70.3525435320584,491.828681923153,11.7109904446027,83.7705168054735,97.0263094473469,76.3736293318836,43.3782122258998,7.47324464850856,7.40851412324983,1.59873994362655,5.23795712622018,4963.96316752092,64.9957742082661,766.434246507547,7.10959397837372,1.0000354,1,37.5,
4339,103.572239252091,83.8433512543905,69.2611296908725,481.022063307268,11.5843911381469,85.4624623368111,97.256213730014,76.5303391923354,43.4543572856284,7.47218416984303,7.40768589129573,1.44844113776341,5.06526650577452,4923.01395883062,64.3276119090253,757.086356208266,7.10918662709743,1.0000354,1,37.5,
4340,101.646700480719,82.3506224317549,68.088303873825,485.000515957145,11.6477975244623,84.6205587606389,97.1553607577632,75.996534286135,43.5236635790686,7.47320237756531,7.40692542159893,1.30475960457832,4.84045420182042,4781.42839321687,62.9164005718246,755.295159337027,7.10878234138533,1.0000354,1,37.5,
4341,98.1883220012717,79.1154973164599,65.0181921146424,485.569699923687,11.6672430099707,84.1556864682842,97.1050339410119,75.2547541526358,43.5206201388998,7.47431388874849,7.40688559214513,1.20669643674622,4.55583489068109,4679.97765843494,62.1884651824489,744.856950015025,7.10870315865172,1.0000354,1,37.5,
4342,98.4279289205803,79.3323197984012,65.2181739254862,500.09203785557,11.8585809470176,81.8779308631651,96.7965722083959,76.9508748470903,43.451264239381,7.47593687914728,7.40750796379353,1.15808343461724,4.44822437451175,4791.17351816874,62.2627556566358,748.397477020478,7.10886659730332,1.0000354,1,37.5,
4343,98.717158889927,80.07891355419,66.3028191756018,484.521910729225,11.6778492407148,84.1692373234293,97.1201744132329,78.0611506504983,43.415690676867,7.47452926564822,7.40779419710085,1.03055392653704,4.34676557537219,4743.89201261724,60.7714845744073,752.706292165284,7.11040933615259,1.0000354,1,37.5,
4344,97.7867045724455,79.3201096061588,65.670887239773,504.458773020967,11.9309116089234,81.2108467088308,96.7105884800552,78.7442716258674,43.5196816180436,7.47615929769303,7.40668674755365,0.922690246636305,4.21640212976294,4741.33471717947,60.2118048625388,748.210902162723,7.10992828622395,1.0000354,1,37.5,
4345,95.5606085135133,77.2233051698101,63.6696461766381,503.463142708702,11.9294102386569,81.201454221083,96.7193602007624,78.9012410661333,43.546228015076,7.47671350356433,7.40635412025978,0.812213508942013,4.03300204775403,4717.52407819774,59.7902392212515,744.950838548763,7.11102088982526,1.0000354,1,37.5,
4346,91.9367397439663,73.752747776293,60.3124058871433,507.776131743133,11.9868250433963,80.360175348529,96.6068342503852,78.8195281590217,43.6234978102096,7.478139557631,7.4055181494563,0.732088276416965,3.79546536228388,4673.23782591357,59.2903552592337,731.556196066106,7.11132500992324,1.0000354,1,37.5,
4347,89.5072389789729,71.5142839519833,58.2151432798606,514.14034447272,12.0639577983058,79.3602455282244,96.4628574115245,79.6702145992762,43.7211881114995,7.47925865504547,7.40448355229063,0.64366677925281,3.59962408403371,4674.04945377096,58.6674640865524,729.131721717522,7.11166287559426,1.0000354,1,37.5,
4348,85.0749632367141,67.2917941497487,54.1477126506874,525.586096870753,12.1962209150541,77.751917781203,96.2072225558712,79.5158147609242,43.8785544424696,7.47995391416093,7.40286434574288,0.56709692646945,3.33039276140072,4610.60049865537,57.9834403070359,717.745024004907,7.11121175846967,1.0000354,1,37.5,
4349,81.3848941545612,63.8978254776099,50.9726008033416,533.079652655246,12.2856094689675,76.7791002157316,96.0483209388703,80.2490561478943,44.0197326494272,7.48050823545602,7.40141554668117,0.492681691855504,3.06140454585388,4575.63918422603,57.0179813179783,700.533788840284,7.11069709735277,1.0000354,1,37.5,
4350,80.2360213857698,62.8605368571463,50.0177874229463,541.616020050504,12.3859997724404,75.8483269719236,95.885328350385,81.520176134402,44.2233643073946,7.48048044456829,7.39936200465298,0.435755662440617,2.96108503635239,4618.45647489071,56.6541523079671,701.390648349982,7.10992743455783,1.0000354,0.999995307319589,37.5,
4351,78.5181178197882,61.5039515582127,48.9282634518308,543.319744382623,12.4101652516446,75.99661067901,95.9052685316555,82.4993533096964,44.5059227941822,7.47925502343716,7.39655096762304,0.31438478850282,2.79257280471282,4576.73786122528,55.4760452975255,699.765304362221,7.1090229292541,1.0000354,0.999991016376416,37.5,
4352,74.8144186820339,58.0790875940269,45.7094950507174,555.532621432934,12.5383770350767,74.5156668629419,95.6388055556086,83.0936623922881,44.822530765854,7.48007822453918,7.393432583149,0.233809796330586,2.53322361681322,4534.16198662644,54.5668809881132,680.762430827194,7.10771705093014,1.0000354,0.998516291363485,37.5,
4353,73.3767436172898,56.6684157281717,44.3187820709975,563.994900461163,12.625246449021,73.7747021191899,95.4864485289273,83.8768976720022,45.1737308177286,7.4790307410433,7.39000821333321,0.183339924652877,2.4229907896815,4569.51566067589,54.4788349057071,676.433096681668,7.10615707907951,1.0000354,0.997065941832062,37.5,
4354,70.8368006732234,54.5387580854845,42.4923787815037,573.89047219791,12.7188571734631,72.8237794975711,95.2836221108841,84.507908382917,45.5339411410956,7.47782911257493,7.38652927845639,0.0821585255638606,2.19620470701876,4490.84041943396,53.1410669766591,672.130981286928,7.10396867554772,1.0000354,0.994480240670523,37.5,
4355,68.1113700696262,52.0639553978347,40.2028228143365,571.014771555893,12.6700433538445,73.483035197535,95.4099823244968,83.9541916253908,46.0074461093784,7.47669496543929,7.38201182119538,0.00679029918899543,2.03372648599835,4392.80860139425,52.3238746791257,652.858823700265,7.10169616015094,1.0000354,0.991966579081961,37.5,
4356,57.673181447671,41.3697726328354,29.3194269870874,555.531468119669,12.2633318602928,73.7219282700098,95.4552767984311,71.611597957562,46.8747300546656,7.47606952539883,7.37388835413973,0.0594453910278818,1.84366110839133,3806.76971229931,53.1585639878509,587.672049677547,7.09587965432283,1.0000354,0.961997958452531,37.5,
4357,48.7143629549029,32.4173883281427,20.3717983866244,502.426530091692,10.003567354049,69.3539642292256,94.3309454797455,61.1920674163437,47.9226836095173,7.46252003291412,7.36427955850838,0.208672555703289,1.74773240982314,3251.59867171461,53.1375848047609,479.43205751914,7.07932651808425,1.0000354,0.750652663894059,37.5,
4358,47.5954097560213,31.3616361472562,19.3627600016472,511.617496402787,9.02560264057308,59.6883687546779,90.9340158546839,61.2299886972175,49.6618083553813,7.44025488592243,7.348797289867,0.183417284014726,1.70764710948696,3240.995933399,52.9315128478258,465.948697216922,7.05329229155332,1.0000354,0.612102946654718,37.5,
4359,47.1373712774864,31.039273157023,19.1406788940718,576.338100533991,8.97726975915378,53.0357097329852,87.675644661163,62.286377539541,51.6069477637953,7.43405591342338,7.33211127523314,0.0916263139642322,1.62320466498237,3269.35789892176,52.4891321035051,463.878908291635,7.0320187270383,0.99999612528552,0.507708843535773,37.5,
4360,47.2260914238047,31.4053927999966,19.7118329476168,626.05780019688,9.47752182108191,51.5643693669465,86.8317091677996,64.5592498132793,53.188647780102,7.43370860278877,7.31899005011016,-0.0270003138761692,1.51019683634173,3330.26623700273,51.5846489331064,472.862603840316,7.01988748975363,0.99999612528552,0.495340398933449,37.5,
