4320,118.683609408719,96.2789167848391,79.7189265845799,494.268587906222,11.4787474126037,89.6060390639552,97.6121459044922,72.9940603644807,44.3445439492714,7.46335317624881,7.40113636760675,3.46586286970333,7.36449197141496,5332.3829872926,73.0522861814571,797.378276217484,7.05997511348366,1.0000354,1,0,
4321,119.10125901313,96.6926857954867,80.1298273302724,491.924924901243,11.4695976259215,90.0492670933562,97.6698945256764,73.1429146604893,44.3361654597639,7.4626020882888,7.40114548892558,3.429483181255,7.35759134946091,5344.18261014695,73.0649391667434,803.247083000098,7.06010797605368,1.0000354,1,37.5,
4322,119.037114220077,96.6973388148338,80.1853309066105,490.487598525959,11.4703127512002,90.190048700164,97.6927278710832,73.1687535568345,44.3565867551586,7.46234934302471,7.40087604218024,3.34741145141914,7.33061699673158,5329.65725777341,72.8406184155309,804.509592585439,7.06037135734575,1.0000354,1,37.5,
4323,118.823305082251,96.599051914728,80.1724300082982,490.03697190688,11.4824770356215,90.102781783441,97.6881615690013,73.2559526307045,44.369050359773,7.46216929276881,7.4006869614967,3.24161806264729,7.27821411151009,5308.41561179913,72.4639489511486,805.363055631437,7.06040426323441,1.0000354,1,37.5,
4324,118.668576559325,96.5100689584946,80.132041601359,491.677470561665,11.5206106846108,89.5634825540755,97.6285552031631,73.2954783168796,44.3863316495272,7.46194885161852,7.40045272938714,3.17985239202013,7.24395067938801,5295.56754557575,72.2495802903603,806.205162758388,7.06054765148406,1.0000354,1,37.5,
4325,118.420913734787,96.3515312787886,80.039379028703,489.6355213097,11.5102661072253,89.7972539632309,97.6630447429197,73.3959990462535,44.3930050260962,7.46195594078719,7.40032399512232,3.10061985054363,7.20116185376947,5281.50127526365,71.9589806514561,806.046813048963,7.06073697209708,1.0000354,1,37.5,
4326,118.270235480995,96.2986030050596,80.0587007402381,488.904987241203,11.5160435764437,89.8314203903158,97.6715784663334,73.5506206987331,44.3886583685762,7.46168927286903,7.4003043270578,3.00695468680641,7.15007544923465,5269.18552013047,71.6402590497952,799.897200725273,7.06044521923058,1.0000354,1,37.5,
4327,118.128540771969,96.2721517591071,80.1174294452526,494.020089988607,11.5962284099745,88.4951040725356,97.5163661082692,73.7436162366717,44.4049913305819,7.46212946377339,7.4000835484579,2.90378097957949,7.08907087816454,5255.30183254501,71.2644985523726,801.90715643751,7.06033110420127,1.0000354,1,37.5,
4328,118.001989670021,96.2784978368862,80.2220038732646,493.845836975091,11.6080261723997,88.1759702829818,97.4866523432158,73.9800796948089,44.3907769093438,7.46289986889188,7.40016215942173,2.7942432101786,7.01827654445364,5240.09609748482,70.8311767046193,801.101954628542,7.06091398390305,1.0000354,1,37.5,
4329,117.916196356063,96.3446604182917,80.4004816816785,496.619034150452,11.6564877545513,87.4767094864656,97.4041030274415,74.2357422113061,44.3616977754776,7.46300921542993,7.40038658831806,2.68030590614432,6.93872234722967,5221.42381363033,70.3357123953576,800.686622339774,7.06151435805312,1.0000354,1,37.5,
4330,117.843080395257,96.4246939273532,80.5937126249896,497.969087900672,11.6863995317726,86.8592335081094,97.336651195642,74.5145533236296,44.339689107715,7.46413751315024,7.40054223545093,2.55940443609132,6.85578301827517,5203.82489852103,69.8363563412896,800.347021636084,7.06210948105638,1.0000354,1,37.5,
4331,117.80929125793,96.5672910022895,80.8666821176859,502.203173189347,11.7511020729164,85.893664931277,97.2176612008785,74.8010886210274,44.2966822206015,7.4646914421114,7.40090376945841,2.43927944908402,6.76417892237791,5180.81577996206,69.2612350364334,799.445818556725,7.06296406467448,1.0000354,1,37.5,
4332,117.766124819836,96.7146574218588,81.1548771711802,504.057295419725,11.7857313500444,85.2594525261491,97.1439550680229,75.0947574307867,44.2516678996995,7.46572725510259,7.40128538054209,2.31873774337511,6.66700422432009,5154.50320885814,68.639987466621,807.833008363816,7.06388902052181,1.0000354,1,37.5,
4333,117.866495805846,96.916446793588,81.4316279584408,503.230339239872,11.7876776847452,85.0417162189541,97.1276597552439,75.4904883998218,44.1936075132308,7.46690130644064,7.40179533948376,2.14228184850012,6.51115544133508,5156.7027767661,68.3093047359099,802.712989826547,7.06572893630163,1.0000354,1,37.5,
4334,118.012518788346,97.437892741698,82.2305604463493,512.454760738265,11.9070785261977,83.0845220098467,96.8720311347809,75.849100426869,44.1085064936387,7.46935203777219,7.40257215181289,1.99407562701084,6.34232443839584,5088.35269631002,67.0852082315206,803.029104266548,7.06703299635052,1.0000354,1,37.5,
4335,117.579736584111,97.3652637608151,82.4241316740311,505.739015230486,11.8406343359495,83.7870623714197,96.9861197881231,76.1948095812501,44.033530304215,7.47022379030226,7.40324989499419,1.86387984176485,6.18815360449987,5022.06847017446,65.910899938915,803.178362452662,7.06963109449585,1.0000354,1,37.5,
4336,117.251362858658,97.2395571950423,82.4482225741089,506.667555558034,11.862645660695,83.3937856459501,96.9403946003217,76.4898446005732,43.9643542090011,7.47089447425396,7.40387093842496,1.77411994956582,6.08559103123746,4990.96905382509,65.2500875101489,800.99942468968,7.07025486755128,1.0000354,1,37.5,
4337,117.033431872637,97.2279217544807,82.5890664497564,503.150879962194,11.8321949838698,83.6508703580355,96.988438093512,76.7673613953147,43.9096637324541,7.47164728892217,7.40434938285825,1.67757010953166,5.98575861963062,4957.44001533675,64.5774444403311,799.866320384636,7.07089330946849,1.0000354,1,37.5,
4338,116.809336546838,97.2111077135134,82.7254603149688,502.710248316117,11.8377773608,83.5852448589261,96.9854391654923,77.0244052913605,43.875105712106,7.47172806479313,7.40462888921786,1.57619743775678,5.88739255520066,4921.98175808739,63.9015872887171,798.945028648386,7.07147695709181,1.0000354,1,37.5,
4339,116.710272001796,97.1757301761569,82.7371557832936,505.796433459467,11.8845870028767,82.8660944642367,96.8962655389784,77.3921777600481,43.8566516513317,7.47294584632772,7.40474904994474,1.42413088267069,5.74567498532881,4929.41200880127,63.6939307236547,807.067250333041,7.0720990765998,1.0000354,1,37.5,
4340,116.680133172687,97.5302893233852,83.3760569130319,511.155051406739,11.9556918013379,81.6727956371293,96.7394402120298,77.7196905986944,43.7915231377392,7.47488899251736,7.40533167690106,1.29572363002147,5.5820761839331,4852.78579524566,62.4395923074762,804.78838983296,7.07376743955447,1.0000354,1,37.5,
4341,116.370446254466,97.4444465089326,83.4556640883209,507.228929624599,11.9217382052812,82.0020667743474,96.799374789773,77.9960201090299,43.7183817228375,7.47548548855737,7.4059941376625,1.20985067357162,5.48120792551834,4813.11340163031,61.7097307644942,799.726476673485,7.07531254854775,1.0000354,1,37.5,
4342,116.054725703609,97.3471534990576,83.5198175217807,507.145078400478,11.9308412105594,81.7775356719632,96.7773577213057,78.2487437656949,43.6674834173382,7.4762343130741,7.40643597284697,1.11683824621819,5.38378873294546,4772.98012318488,60.9975303562305,808.261220803835,7.07589637717882,1.0000354,1,37.5,
4343,115.603879177859,97.1110026320822,83.4423547504211,503.255856913074,11.896284879208,82.1590204739607,96.8428499709568,78.5179337844607,43.6318433661967,7.47664162546727,7.40672591898026,1.01928876399165,5.28781860215368,4734.4349590524,60.2974980473745,802.63878328366,7.07724720417568,1.0000354,1,37.5,
4344,115.437021380403,97.2165249649422,83.7492015274274,513.91024314139,12.0243074188149,80.2580822797202,96.5747693262185,78.8890014491029,43.5898483814893,7.47861339762656,7.40707927453936,0.843346040877206,5.08558937461113,4686.74673756874,59.4093809210211,802.342889870792,7.07777258851611,1.0000354,1,37.5,
4345,114.49370619761,96.620071492867,83.4091241024046,518.628701914187,12.0847794625929,79.2577621440724,96.4361053140683,79.3244002843414,43.5449161123671,7.48043138777424,7.4074618782741,0.741936583341735,4.94834557523731,4622.89997551204,58.2784106648279,801.883677373361,7.08006801753231,1.0000354,1,37.5,
4346,114.21510641364,96.5507030360859,83.4944048874589,521.691138353111,12.1276196967765,78.3800865829587,96.3200573952574,79.8793412944512,43.4411087734583,7.48302646618863,7.40843306973394,0.624773665155256,4.77348128895015,4600.74613721072,57.5961952446685,804.967917395059,7.08240857087094,1.0000354,1,37.5,
4347,113.604289862688,96.248550957747,83.4203961149644,519.188136760618,12.1101285611703,78.4574276102268,96.3486821684367,80.4067418039062,43.3559860646978,7.48411142948888,7.40921993552261,0.541919395077039,4.65709560169657,4550.19903542641,56.5897701280238,797.160452388377,7.0842545112372,1.0000354,1,37.5,
4348,112.739620265156,95.687373352783,83.0835386784202,523.526374193421,12.1666938426846,77.7047989368283,96.2385406499836,80.9712486073562,43.3673218519665,7.48520446519429,7.40904255541311,0.417676154464669,4.47598897728241,4502.01845040684,55.6002102948654,800.578375805316,7.08530144115189,1.0000354,1,37.5,
4349,110.985781959084,94.2039440351043,81.7999768739018,537.433128643327,12.3277561785049,75.6705812371994,95.9051343594451,81.7185792555271,43.3960169429798,7.48719486188879,7.40869319663279,0.312834650183028,4.29684135739759,4471.51973247661,54.7185202338693,794.453445300601,7.08693121683558,1.0000354,1,37.5,
4350,109.705641890062,93.0700078807895,80.7741044826316,548.129484507799,12.4540918751144,74.0642024245138,95.633258744908,82.7632219610612,43.3963752301816,7.48961323885303,7.40863024018196,0.238634555850985,4.14991784827369,4489.22701986074,54.2418107160309,803.804556284953,7.08880947850365,1.0000354,1,37.5,
4351,108.178481756547,91.5823702856942,79.3156791985417,552.13872247145,12.5063645002183,73.3456385312242,95.5245324720817,84.0545153386501,43.432506684249,7.49214570971254,7.40821288307238,0.140954512441148,3.96135792974296,4548.43730913555,54.1129443291677,796.110747891945,7.09124648601337,1.0000354,1,37.5,
4352,107.087983497067,90.6950717133696,78.5785716993325,562.175736520809,12.6247544136466,72.0550772407201,95.2800317373901,85.5819012069273,43.4395068813398,7.49322858694962,7.4080909119663,0.0628560848482742,3.80898261009698,4574.3864716126,53.4503955521186,796.275855290659,7.09288677055061,1.0000354,1,37.5,
4353,106.506720602562,90.4145868111051,78.5204009652459,569.551313327167,12.7130411859038,71.2503035398375,95.1129576330287,87.1607926772458,43.4595859812728,7.49301334025324,7.4078423500958,-0.00311463554324076,3.68957051020947,4573.29933031706,52.4696849333607,792.097824366813,7.09373038487002,1.0000354,1,37.5,
4354,105.077770116669,89.3746585312998,77.7680108377663,581.011159326038,12.8463443083491,70.0586660000739,94.8556918190218,88.6969906244886,43.6454064050603,7.4930469872585,7.40594578827004,-0.126028222947386,3.49182856624362,4541.39652701886,51.2012470213957,792.804753293011,7.0940856740103,1.0000354,1,37.5,
4355,103.824866141748,88.3329003178119,76.8823168827285,589.602967033064,12.9471508758033,69.1020307670561,94.6576064811031,90.4697386775055,43.8484959322011,7.49453460499157,7.40389099145647,-0.20490369688417,3.33044111541315,4569.87886012739,50.5127894357857,794.227971089942,7.09441359314443,1.0000354,1,37.5,
4356,103.025901185049,87.763139222701,76.481967337487,604.068640484185,13.1137625336262,67.5034891532554,94.2820378561997,92.3751488076824,44.0046641619576,7.49516525532978,7.40231281896855,-0.291514541742713,3.16883029052249,4597.09103169112,49.7654519752049,800.874152101044,7.0948053701335,1.0000354,1,37.5,
4357,102.480138479881,87.3113783565679,76.0996860915104,606.865426245543,13.1481146557788,67.453173111957,94.2622514825562,94.2786924705297,44.1409315154247,7.49436835971367,7.40093939080894,-0.364828826851617,3.05360673627025,4662.92527707569,49.4589514861299,793.963907590848,7.09594162739056,1.0000354,1,37.5,
4358,102.30651817761,87.4772196151286,76.5164337211206,618.261278478515,13.2791211493614,66.2483449867475,93.9617829312483,96.0035673008696,44.3243691702535,7.49495538541695,7.39911099056174,-0.442386096635363,2.92744630847792,4641.97504734086,48.3521100085082,797.756928934541,7.09559953862469,1.0000354,1,37.5,
4359,101.623364822152,87.1231429033294,76.4055875720254,621.839872863911,13.3206246503877,66.236654914086,93.9420592802294,97.5460001446793,44.5665376567401,7.49360626966918,7.39671954792768,-0.528334019718507,2.80759506141961,4611.88996145039,47.2791293811134,795.370040732328,7.09561528090659,1.0000354,1,37.5,
4360,99.4790281299428,85.4433304070266,75.0691190466102,628.675722810154,13.3988451679048,65.7029432049743,93.8117940139611,99.1750719640448,44.9375714066569,7.49445202707911,7.39309608433227,-0.676890063685692,2.51950866726522,4538.69869295537,45.7645112130682,794.960017315191,7.0949148025317,1.0000354,1,37.5,
