4320,128.215156346572,106.855850814431,91.068538029806,511.966046027789,11.700142497227,91.9393715785262,97.8472460280378,75.5387793472069,42.5658467456548,7.45101239677528,7.38295297546956,3.22747387458464,7.49667071438386,5260.80146511711,69.643718240883,785.771391450679,7.0796892002318,1.0000354,1,0,
4321,130.375750731691,109.468433096671,94.0151983229607,507.942762849621,11.6917649102399,93.1410675597728,97.9947580028622,75.9485568926603,42.6404728491248,7.45066367597433,7.38206342536743,3.10954971584095,7.53264067481007,5177.41127587098,68.1699756743018,791.296016053337,7.08025897778004,1.0000354,1,75,
4322,128.762731961423,107.753658385865,92.2252126995836,509.866152852696,11.7524473923704,91.4160258626469,97.8096917992455,75.6643965852338,42.6663572099215,7.44990886241235,7.38167542196061,2.91773796977885,7.47971759953205,5183.14426198706,68.5017590294055,783.8339302817,7.07958552785915,1.0000354,1,75,
4323,128.959297565245,108.122795773588,92.7219031449715,516.900963077562,11.8696392793706,88.4718121606558,97.4722505251085,76.2341948523407,42.6182214196708,7.45096435291528,7.38204484628333,2.66153949053738,7.29314859042397,5179.28067952426,67.9390749722758,795.734334152574,7.07992795302041,1.0000354,1,75,
4324,127.484241295149,107.174496554483,92.1629460939907,511.082999160739,11.835375032543,88.7522631305972,97.5325077526905,76.1391692679224,42.6687537727944,7.45279785401046,7.38141415947393,2.43737902711234,7.08055730773174,5042.05316656034,66.2215416196374,782.661980867127,7.08236231393483,1.0000354,1,75,
4325,126.459290380472,106.411043355628,91.5927738155259,518.179849420572,11.9474720402695,86.4454130406652,97.255314667412,76.5855999867494,42.6065558290501,7.45387583170041,7.38193255441821,2.20263227061875,6.84722996761608,5006.31699931177,65.3689074731797,785.79813286274,7.08278660670942,1.0000354,1,75,
4326,125.746838904899,105.858676670907,91.1587306718694,518.832906604768,11.9843917793489,85.6079126882674,97.1609638601753,76.7714366285772,42.5393036944429,7.45448798461957,7.38250568994439,2.0253371685236,6.6716605586936,4978.39261058797,64.8469382522252,781.436953158757,7.08372551468948,1.0000354,1,75,
4327,125.509425537531,105.987055636088,91.5574778828468,531.440295751347,12.147543938261,82.5501192298679,96.7555888739392,77.9413316540573,42.4346162739059,7.45724520972677,7.38346481756039,1.72673122152933,6.36941298416792,4961.29648001765,63.6542431945912,788.453027792076,7.08523382684896,1.0000354,1,75,
4328,124.223975709049,105.279857299489,91.2776828228572,521.012561875684,12.0650598879808,83.5279997844093,96.9312640096949,78.5286356839143,42.4035809720256,7.45917077956041,7.38367386099493,1.5013118941672,6.12111354090336,4850.62022891926,61.7688081127946,783.894515011282,7.08861593824302,1.0000354,1,75,
4329,123.60835090696,105.002285153504,91.2499756835584,524.782358453733,12.1342788003463,82.380958466248,96.7825649701414,79.2504756695927,42.3030261360236,7.45971009506506,7.38459582470549,1.27355079821673,5.86008082740584,4807.85377538434,60.6665604813404,781.190379210605,7.08944855977801,1.0000354,1,75,
4330,122.475582202913,104.033153396959,90.4017929751676,520.04141977346,12.1117295871574,82.6068530722496,96.8413316274435,79.9051584545474,42.3017036193261,7.46085623229401,7.38450181915731,1.07427939690301,5.66341364278723,4804.93762611628,60.1330091704841,782.685617779344,7.0908968052471,1.0000354,1,75,
4331,121.71572894068,104.087150722922,91.0573320402304,525.655291262355,12.2016137777895,80.922665700899,96.6259931982852,80.9560421295308,42.215255871411,7.4639025747141,7.38528348909944,0.799942529901477,5.32759015639354,4653.30346956116,57.4793844555272,777.471770773486,7.09328467494578,1.0000354,1,75,
4332,120.800605021239,103.550711099536,90.8007895052335,530.123329848751,12.2798024265923,79.777693777197,96.4682574433955,81.844393898958,42.1090957358744,7.46461416375932,7.38627060199886,0.559240364539777,5.04121200022377,4603.30962677459,56.2446541232581,779.735795959669,7.09481049039951,1.0000354,1,75,
4333,119.997488365849,102.873184541017,90.2160904096191,525.886849828084,12.2624750954414,79.8732791355187,96.512268668553,82.5743627579663,42.0886348910418,7.46591173034674,7.38637606454349,0.420835591566282,4.88191836699822,4610.5525584432,55.8351576016055,782.090369120754,7.09641517440191,1.0000354,1,75,
4334,119.682045936136,102.980177647765,90.6353184781,536.837460381845,12.4137024130704,77.7395162958798,96.1935874801359,83.4213316578299,41.9904489642732,7.4677556711602,7.38728606372444,0.250595734625321,4.71485713046613,4542.93993131565,54.4577728625751,781.462435554936,7.0979804234779,1.0000354,1,75,
4335,118.375143244771,102.291427416682,90.4034635437467,539.236504286663,12.4706449354032,76.8887224610918,96.0814924046145,84.4984410257083,41.9359130129861,7.46954769673778,7.38774759494121,-0.0233095373348471,4.42816447590784,4431.28731204192,52.4422374928045,783.92920125897,7.10030457224452,1.0000354,1,75,
4336,114.780604526075,99.297853696438,87.8540813440975,559.591738072656,12.7318553035134,73.4467962742879,95.5122520324111,85.8725958394605,41.9750530365682,7.47499346137822,7.38724140286279,-0.279028162198389,4.00188691970438,4335.08420474095,50.4827432123447,778.30761746162,7.10380721720671,1.0000354,1,75,
4337,110.735630013562,95.5518937925495,84.3291322378878,585.148881222101,13.0561920154567,69.4834190178625,94.7489338379186,88.3136616553346,41.9238364883031,7.48047301933956,7.38767442486268,-0.451419333315163,3.62211827557489,4372.21353061693,49.5077822464269,779.995071943187,7.10835545497292,1.0000354,1,75,
4338,105.086625810843,90.467997273895,79.6629240074554,615.747589423203,13.4428396239488,64.9919002993481,93.7097706576913,92.1632123265949,41.8876996145508,7.48574967096539,7.38795939056391,-0.650178113427317,3.09042436061688,4392.9782797668,47.6652035977174,769.080606799485,7.11367784213604,1.0000354,1,75,
4339,98.47030925868,84.5824825680443,74.3175671880092,634.262399701862,13.6899518404233,62.0378184325346,92.9480703818686,97.2531615970245,41.951542013571,7.49101555712797,7.38721988967208,-0.844739247396803,2.46794842932544,4403.85325084787,45.2823659254961,761.154413341664,7.11903665985651,1.0000354,1,75,
4340,80.3637246824826,66.565986350589,56.3676580183199,628.798984762244,13.6505152022723,62.3985210204036,93.1180646892762,90.2053317796921,42.58884003963,7.49315834487197,7.38060619522578,-0.946225714604394,1.68810666762904,4058.21390314828,44.988625650861,696.216141241735,7.12032090752321,1.0000354,0.999766265108026,75,
4341,50.6684153859861,37.0948458013258,27.0622074126639,573.126108794234,12.0560457089211,60.2692028471458,92.4908683670796,71.8910678973984,43.0740671189502,7.4941002182369,7.37562750846924,-0.895917897101794,0.747755495712309,3181.73371697744,44.2577055819835,549.088892788575,7.10910224846969,1.0000354,0.876727650122252,75,
4342,48.091095592275,35.1688338664637,25.6175969386902,624.622254747417,12.0464122105168,54.9786093416031,90.4495112630223,73.2173029290913,44.6378309736793,7.49030505664816,7.36005256573506,-1.05293993473812,0.485798261674145,3084.94255624945,42.1340643923626,529.694591353538,7.0950013382208,1.0000354,0.791177829210806,75,
4343,47.2526667252185,34.7214702110557,25.4592814831963,691.941898843706,12.6162275449931,52.108615324316,89.1687199235009,75.5606328285678,46.9157443520062,7.49053124418347,7.33798141021785,-1.17288416180919,0.326650220434639,3087.32925951904,40.858965097918,527.588821917174,7.08764922170996,1.0000354,0.751021928158309,75,
4344,47.3267552319528,35.1682712811487,26.1815657522935,729.113233164209,13.2768841986895,52.1683594062103,89.0850473522453,79.0813325684389,50.1332407735507,7.48334000493972,7.3078849469219,-1.23333796143403,0.198029330647831,3135.07710445067,39.6437060761147,531.814069984483,7.08373709143754,1.0000354,0.769997347624711,75,
4345,55.0856952141363,43.7483706753458,35.368609059718,1079.7228838672,19.1889962693895,56.0179031323525,91.7432989618082,99.3116244883884,54.257857852501,7.52861580984064,7.27090379646066,-1.32557925694029,0.0829966225458683,3671.17837434796,36.9662503585086,571.496285346128,7.08873132305019,1.0000354,0.91868033952499,75,
4346,72.573265499733,62.2381033972302,54.5990705388586,1557.28229990015,27.1683542995075,70.5703929563876,96.630364245937,133.521173026296,55.3453095141059,7.63384233640569,7.25768629915957,-1.45447501219949,0.154121211886623,4499.47925207026,33.6986198524793,556.236837937748,7.14593483853627,1.0000354,0.998067831757327,75,
4347,85.8580420379439,75.6532208025496,68.1105268459539,1745.2604324354,30.4432941654423,78.7376963295179,97.9045907118968,150.515630381829,52.7533608274511,7.67671919190345,7.2721055238105,-1.47006306509897,0.43987881904515,5008.20185598997,33.2736330657827,565.673738459301,7.20990313797861,1.0000354,1,75,
4348,93.2526505921152,82.9890875389558,75.4029757170553,1820.82186230383,31.8469217725527,79.5821985498498,98.0803012776805,157.789369687207,49.771291360457,7.69511743821675,7.28952108501014,-1.43696273736141,0.659460647482539,5280.44736203277,33.4651654449248,583.603833502094,7.25893392010331,1.0000354,1,75,
4349,97.1206055657094,86.8204814765461,79.2073462802081,1830.4204105657,32.0759850626337,78.3071333513031,97.9912696236448,159.808547223457,47.3526267547435,7.69881648339054,7.30216468080849,-1.43008561873679,0.804011033170543,5367.07027677572,33.5843756171005,594.360882704399,7.29067228380481,1.0000354,1,75,
4350,97.9122022399594,87.628221232674,80.027017879463,1821.66875319578,31.9647811871002,77.520487161146,97.9483282581564,159.666865817877,45.0908927956299,7.70318717335707,7.31373566925497,-1.44160164324329,0.840877412305656,5353.90780118193,33.5317398118708,596.564855234651,7.30931990683433,1.0000354,1,75,
4351,97.9496939046721,87.6662939778707,80.0655201189306,1819.59638020101,31.9694199564276,71.5044592307761,97.3566395746187,158.571766675045,42.9777064959006,7.70940095777694,7.32456826703173,-1.45055160080093,0.840710673612844,5316.88678219392,33.5298451526343,610.806146541355,7.32383449394961,1.0000354,1,75,
4352,97.4625808068572,87.2056144686621,79.6243784795615,1793.92577945307,31.5511166525361,70.3849805253311,97.2506191423951,157.373118797167,41.0068183375131,7.71211399346051,7.33481749976198,-1.45822500986402,0.836786635958032,5263.13250062615,33.4436563299583,623.175042871738,7.335098742795,1.0000354,1,75,
4353,97.6934310488612,87.4924993775452,79.9526803161376,1798.85772373563,31.6769813017726,67.8421168570773,96.9555011673589,157.908367824655,39.4711186623003,7.71539506741395,7.34114972828986,-1.46669942453164,0.820714103917649,5252.18245818796,33.2609508320679,624.334026113756,7.34413802115311,1.0000354,0.999945024705543,75,
4354,98.745688492928,88.7003186090188,81.2754799991728,1810.66871576831,31.929632003885,67.6398710874937,96.9872662060435,159.82967659111,38.2905184159055,7.72171247708574,7.34388623973788,-1.48588190111843,0.81973876002753,5235.01794908474,32.7537292243755,634.138498149002,7.35113900279141,1.0000354,0.999941503074272,75,
4355,99.8451659237314,89.9211717836757,82.5860456801563,1813.45437654476,32.0207779529171,68.1183672842297,97.0875432915319,161.028929224073,37.3500121142964,7.72487639549058,7.34399701008017,-1.51334650914996,0.821287602607866,5210.56989488126,32.3579739366627,643.745747349428,7.35915383563831,1.0000354,0.999941437556894,75,
4356,100.961688968444,91.0112727034595,83.6566172032534,1801.4369024534,31.8434743829301,68.8135975192365,97.1785191576637,160.662403752514,36.4098291925838,7.72296611360065,7.34423845715945,-1.53664527726053,0.828866299071529,5212.55117137629,32.4441253811051,652.635731599086,7.36587694744194,1.0000354,0.999941436356562,75,
4357,101.861157974958,91.9197118515698,84.5716864560218,1762.16745830292,31.1747516448137,72.5137225329755,97.6072413184175,159.457256102383,35.4719410195176,7.72015184230656,7.34474176497875,-1.51074299077655,0.869944817017835,5168.78742614142,32.4148775194193,648.025697358527,7.37033711486254,1.0000354,1,75,
4358,104.611511179213,94.4442992299794,86.9294034414156,1699.283583976,30.081842611893,78.0502574209763,98.0985169893235,157.328358575229,34.5261629893521,7.70895333430349,7.34566714593927,-1.42232338396792,1.07801461978101,5215.59320026095,33.1510049904133,656.034760337443,7.37025621942408,1.0000354,1,75,
4359,105.478180272321,95.2099789538241,87.6204388488483,1660.65483635389,29.4093046853177,78.492407256218,98.079221461461,154.367451699771,34.2218888244667,7.6944327928652,7.33872750701639,-1.41495814659102,1.11933766435996,5168.26687638846,33.4802888787735,655.806049094386,7.36357837015162,1.0000354,1,75,
4360,104.452505635874,94.2447663842468,86.6999156330438,1710.00875827149,30.2700948837014,69.2534007397582,97.1104753281498,154.402101624841,33.9446613664823,7.69718275421601,7.33168074420186,-1.4427562372734,1.10327868042689,5138.98792119292,33.2831474903067,650.132646825965,7.35704713335001,1.0000354,1,75,
