4320,133.830889014373,114.361247041717,99.9706421054061,528.101962616692,11.8806557640641,91.7986676802792,97.816769985598,78.2771750266529,41.2855022286558,7.44519839812887,7.36862033340076,2.47328837950478,7.13418429062434,4969.21664084807,63.4823195798275,751.72780405868,7.10401027611933,1.0000354,1,0,
4321,134.927749150634,115.699231918722,101.486849616874,524.195975765723,11.8560571128288,93.618456867424,98.0275465634571,78.4722613773983,41.3453084406165,7.44491799557654,7.36793169906126,2.41761904589925,7.15113055728852,4919.90577786865,62.696113142544,755.185725226536,7.10460748420212,1.0000354,1,37.5,
4322,133.920592686209,114.460122853832,100.076297325553,524.171406656333,11.8734925377853,93.6228893050968,98.0283032124607,78.3207559785693,41.3539897761256,7.44363450956901,7.36778190802588,2.33628847114698,7.13521654273911,4969.64096150799,63.4524130853361,749.759128589925,7.10396875143486,1.0000354,1,37.5,
4323,134.61658934641,115.348290053872,101.106503620256,529.038536775774,11.9431860950096,90.2789773732901,97.656542374066,78.5516768467783,41.3636372745883,7.44503503803443,7.36762467306546,2.21372788324736,7.05062658939825,4935.07395976629,62.8258257222512,757.081433007794,7.1040020422861,1.0000354,1,37.5,
4324,133.870757520718,114.867196016047,100.821085338681,527.639095439454,11.942862236441,90.1806526354624,97.6538673677451,78.6418949248419,41.3786638471507,7.44557206358755,7.36741259553717,2.09518970585863,6.94146754344075,4872.85840672593,61.9626270626225,752.777849890205,7.10481927534489,1.0000354,1,37.5,
4325,132.896032712089,113.837684430035,99.751079178082,525.426560644153,11.9328764186966,90.5059216389781,97.6988886996704,78.5922856399105,41.3964232067706,7.44554524708055,7.36717206673291,1.99352180981379,6.84638411450892,4883.82394809825,62.1412637173407,746.59242848633,7.10488282067506,1.0000354,1,37.5,
4326,132.770761684986,113.996816731668,100.120422635737,533.262638169586,12.0287835370336,87.7653589157301,97.3680901465054,78.8988528369036,41.3520242892263,7.4466396491485,7.36758541598107,1.87692196475869,6.72231398723371,4829.70995876222,61.2139439941668,753.960736677624,7.10545472989554,1.0000354,1,37.5,
4327,132.050389964951,113.533698505336,99.847448296056,528.51629849931,11.9918759200021,88.5121536562262,97.473371498671,79.3005622427156,41.3277189436972,7.44711989836562,7.36778870665449,1.75535004634275,6.59980578063884,4787.78321933552,60.3751484722332,749.941733275061,7.10614910704791,1.0000354,1,37.5,
4328,131.663654772434,113.152236452251,99.4698837808111,531.608223802418,12.0360632518742,87.5371514270606,97.3527974969974,79.5729870337223,41.3021766527402,7.44703251961172,7.36800587751673,1.65335373390004,6.49420323720554,4802.86276906868,60.3579549807936,748.193469094523,7.10630918092913,1.0000354,1,37.5,
4329,131.13120337708,112.880615897172,99.3910512381093,531.601358158796,12.0476634133281,87.0553874568019,97.3037223753606,79.9909329317025,41.3093697981735,7.44842971186494,7.36788009990857,1.5408138646764,6.37658995805163,4760.06006029363,59.5074952352142,753.066663121153,7.10683512613412,1.0000354,1,37.5,
4330,130.771560564545,112.518880830298,99.0277697223761,531.269104534688,12.0555514726509,86.850136205705,97.2847700907042,80.4741469828161,41.2908165443226,7.44883702376059,7.36802513813042,1.42436645220124,6.25757917691584,4789.36390971415,59.5143171972589,749.209533651786,7.10775780939737,1.0000354,1,37.5,
4331,131.691263980617,113.869093041629,100.696184086726,537.596245532617,12.1331304734406,84.8911647446709,97.0384035505533,80.9340373251636,41.216117387734,7.45145598731455,7.3687634428967,1.28717376736044,6.07401781206034,4703.12619410307,58.110608954396,755.376147287449,7.10954684078003,1.0000354,1,37.5,
4332,130.410575799936,112.879926823821,99.9224906240835,531.069834141262,12.0752848833748,86.1457684395716,97.2111069969404,81.0959048226916,41.2179846787373,7.45036953198751,7.36869568349062,1.17363566168265,5.94975131635476,4635.44827411261,57.1600783571942,747.317774667703,7.11058100515212,1.0000354,1,37.5,
4333,129.520023123353,111.897327527902,98.8718568703949,526.982434688194,12.0428779187179,86.8140757529978,97.3062484321024,81.3133565337143,41.2335053889647,7.45038285338347,7.36848338738438,1.086660210398,5.86036539639801,4672.28202968047,57.4602036965875,742.767425042212,7.1100852335766,1.0000354,1,37.5,
4334,129.58650371541,112.36248119885,99.6316819474786,536.201629069358,12.1508367460298,84.5760831521894,97.0163683193415,82.227935270506,41.1729603790587,7.45216065208767,7.36907376515023,0.942883464061883,5.68348313046906,4617.94537705019,56.1602983445771,754.083879996695,7.11020779456837,1.0000354,1,37.5,
4335,128.973761008087,111.998499755615,99.4515675255273,532.799566019745,12.1252818119044,85.0467921850213,97.0878381577129,82.4052465344689,41.1766362351076,7.45205560090906,7.36898779554569,0.851977900612445,5.57865175069206,4561.06384637742,55.3491924142184,749.241187305545,7.11173494198894,1.0000354,1,37.5,
4336,128.347482992747,111.32966933285,98.7512853233613,530.481846587042,12.1110276818408,85.326610491751,97.1325280674851,82.8389512556123,41.1692192753651,7.4520862978473,7.36901862090292,0.753591748535029,5.47694172139838,4596.56258549804,55.4879379304868,745.213900015395,7.11195261457131,1.0000354,1,37.5,
4337,128.551842765101,111.900719193197,99.5933669878759,541.161481416682,12.2350879151106,82.9629873688947,96.8141932061064,83.4652611818773,41.1042432696931,7.45430794492864,7.36965804915562,0.62149847915711,5.31992887115877,4531.52230753771,54.2923156696673,749.160362400016,7.11243011545406,1.0000354,1,37.5,
4338,127.863699077313,111.47463971186,99.3609871373948,537.126576113,12.202295316056,83.3928412165425,96.8879779718988,83.8117337697539,41.0982624207139,7.45488444898889,7.36967491073208,0.524073134249982,5.20783901625384,4478.71755292832,53.4378344353569,744.779604383558,7.11368106498476,1.0000354,1,37.5,
4339,127.317164376319,111.099144638954,99.1119126591626,533.644875662373,12.1752293881917,83.8809533140458,96.9620470638127,84.0829864846069,41.083336526155,7.45451212827079,7.36978598196755,0.459155859629488,5.13312212311626,4446.32060935789,52.8801460943812,742.749843322564,7.1141145917382,1.0000354,1,37.5,
4340,127.275209202984,111.188261080845,99.2979081210034,545.177933433331,12.3091451324087,81.6328624803703,96.6453549085056,84.8262220533159,41.013590284146,7.45636489984997,7.37047770881935,0.309420345484447,4.9676566050314,4449.3708790187,52.4527766451998,751.202169533585,7.11459360985849,1.0000354,1,37.5,
4341,126.60091960764,110.80276208174,99.1258630408575,538.294487535679,12.2453106441967,82.3736695967576,96.7739030753181,85.2856750294958,40.9938099896875,7.45756954189459,7.37064115484102,0.211682310115655,4.84985196203192,4393.16336019749,51.5111518866225,745.814721936177,7.11641054270107,1.0000354,1,37.5,
4342,126.198542204085,110.589102918607,99.051691272819,545.075559378541,12.3285961820928,81.1200893119833,96.591123891134,85.9010436900626,40.9160583196861,7.4580899509376,7.37141938387671,0.0904665718541109,4.69781988838773,4372.00414516378,50.895821020968,752.394442808912,7.11693982083307,1.0000354,1,37.5,
4343,125.309133299564,109.993399077453,98.6730737828498,545.441581099422,12.3428223152379,80.7369390087033,96.5519382746781,86.4331472764231,40.9399432841138,7.45999387174849,7.37111982046421,0.00865363381216211,4.58731487597564,4316.31339685029,49.938172250586,745.936550707023,7.11855953697528,1.0000354,1,37.5,
4344,125.135914030757,110.038615010591,98.8797418217736,548.718680670163,12.3886453633128,79.8481715562675,96.4295241998212,87.1521344533653,40.8193918292394,7.46173995617582,7.37235422389814,-0.106745200631284,4.43574692097453,4290.14633961072,49.2259468631415,745.355529463792,7.11947416526273,1.0000354,1,37.5,
4345,124.213066630559,109.327442143652,98.325024044633,547.955292982737,12.3905270211614,79.7785547919553,96.429534416222,87.7827170067017,40.7981710084356,7.46233573543311,7.37253362742734,-0.205666338503836,4.29090226488657,4260.6013390474,48.5357651748479,746.028516686234,7.12138080994174,1.0000354,1,37.5,
4346,123.025379284372,108.559751263642,97.8677653352754,548.700097789311,12.4087856791114,79.3107443699211,96.3764992677105,88.5413922899158,40.7689581979621,7.46441619371716,7.37279818807021,-0.297123802527422,4.14679822600842,4176.17281241138,47.1663332188985,739.00852247759,7.12265884915528,1.0000354,1,37.5,
4347,122.773150558997,108.445104668767,97.8548098803359,562.982147740086,12.5754161409755,76.8817885914675,95.9939544160569,89.4413112783951,40.6645886685736,7.46768779364804,7.37386486786074,-0.388704424356069,4.0007540088895,4178.49554237055,46.7177357157092,744.981790814549,7.12420901398421,1.0000354,1,37.5,
4348,122.214506264884,108.178185253006,97.8035132007479,560.267753309075,12.5558959309812,76.9411857584164,96.0225619112605,90.3277766898248,40.5615767790469,7.46888182694421,7.37491980587173,-0.467498395519618,3.89600392535404,4133.99012080895,45.7665434964107,748.846266955634,7.12659105849968,1.0000354,1,37.5,
4349,121.753491690039,107.925418640646,97.7046689954435,568.433948065528,12.6560949243309,75.5860384874196,95.7973557952178,91.2034448310219,40.459593042782,7.47051476842198,7.37596673981308,-0.566734705569638,3.74707825322306,4112.13845760807,45.0875344152502,743.850590498438,7.12862346662872,1.0000354,1,37.5,
4350,120.821686460197,107.288756504238,97.2861561020082,567.048141936736,12.6509009600777,75.4037605170187,95.7973844192168,92.0991246597411,40.4722567116846,7.47332182426803,7.3757846642391,-0.639106102372216,3.63842512956696,4063.89200377749,44.1251968332108,745.335251536265,7.13095547517656,1.0000354,1,37.5,
4351,119.6625229529,106.499737809006,96.7707227026504,573.30007002647,12.7302146470349,74.2616906157469,95.6144008613599,93.1009880815336,40.4414958865594,7.47613298400255,7.37606909717239,-0.760016344073389,3.44644573092043,3995.73708354,42.9183101691758,746.801441270366,7.13283585602793,1.0000354,1,37.5,
4352,117.581138568774,104.507677212035,94.8446840353144,589.740259353109,12.9235062691791,72.0756740397697,95.1916987179439,94.7118298630269,40.3523953316453,7.47738357715474,7.37698202232367,-0.858509411924395,3.21707288607153,4037.28712337137,42.627062841148,738.704025025919,7.13553975347026,1.0000354,1,37.5,
4353,114.594414938946,101.923385999003,92.5578428694808,594.448665015768,12.9859027295562,70.9282890054495,95.0187133582286,96.4940178985259,40.374318626774,7.48336008612718,7.37670295002978,-0.96208522040632,2.91389105649534,3986.64068736132,41.3148998682355,734.858446617303,7.13891297878566,1.0000354,1,37.5,
4354,109.140501409669,96.4141568557518,87.0077282724216,596.407597940571,13.017135849894,70.6589807855058,94.9756412121292,95.4394733691187,40.5833970889872,7.48412437073299,7.3744180368427,-1.01554750184262,2.64015937496772,3960.28584157994,41.4952608368161,713.157371339118,7.14047947342168,1.0000354,1,37.5,
4355,102.975778288009,90.276015451809,80.8892342250523,616.346821719097,13.2520816462006,67.7755637942075,94.353104979048,93.4329944068387,40.6196328649789,7.48770668680726,7.37399126991812,-1.05843805647583,2.34802353083604,3868.92846698907,41.4085890273671,716.523396130139,7.14150290833822,1.0000354,1,37.5,
4356,91.8586761429825,78.9766050422126,69.4550742286,630.802972494616,13.4275499913831,65.5256415738153,93.8210519404439,89.3623027705758,40.7716336974671,7.49078561000419,7.37233363272752,-1.07578625272536,1.92630810162569,3753.48655976137,42.0030196558148,688.469665320336,7.14287067104167,1.0000354,1,37.5,
4357,80.2091587626949,67.2173954605557,57.6147878024528,637.676879463189,13.5074533396972,63.8891612492136,93.4491236770932,85.1544008329493,41.029176595058,7.49593707467883,7.36957030052752,-1.06893813877628,1.50422986116828,3607.19830911545,42.3606798219605,657.501156173967,7.14315478024977,1.0000354,0.998478205021413,37.5,
4358,60.5101750513769,47.3389232054101,37.6036501018695,625.028231240757,13.1395495909049,62.7862961161939,93.1661003060203,74.4836524065187,41.3652486146426,7.49772227948561,7.36600359795798,-1.01609914897087,0.956924086287505,3198.76871881447,42.9459165261681,589.911729888078,7.139966357094,1.0000354,0.968193143919809,37.5,
4359,55.9322244651741,43.2663452507874,33.9046084401537,611.995032686767,12.6779508574381,61.8748424479547,92.8884617094372,75.3728349431708,41.6154353064058,7.49675698162741,7.36335869035628,-1.06641278827702,0.631151342122887,3112.75553635733,41.2981087775758,568.93360190096,7.134401335846,1.0000354,0.92636440025357,37.5,
4360,54.2149853970812,41.7350942310964,32.5108268475425,620.084317002518,12.6981099278964,60.909071949648,92.5251131619662,76.1211251265144,42.413377678926,7.49249736153848,7.35508908539378,-1.11820395568799,0.535302827214233,3097.49645884612,40.6916799206269,564.748912044884,7.12804513106783,1.0000354,0.915014730982481,37.5,
