4320,113.949507941705,92.0348274624533,75.8370201517018,498.543628274583,11.5441794216226,90.9724041879145,97.7558316417774,72.2228782513432,43.4334824468851,7.45643341747487,7.39124516560565,3.24727365222092,6.94710893794246,5160.65416974307,71.4545625249585,755.374253255101,7.09628294837121,1.0000354,1,0,
4321,113.223326960895,91.3220821811359,75.1342056047923,493.710675667994,11.5037518909769,92.2826067272006,97.9112199774774,71.9478109418837,43.4706199720976,7.45586125144901,7.39081307413348,3.20577589669385,6.95622611944112,5137.84745360839,71.4107543557999,753.143239182978,7.09591147903203,1.0000354,1,37.5,
4322,113.54681943542,91.490872721768,75.1886512377643,497.44635875819,11.5709607849149,90.5843437567241,97.7219784958238,71.9632426477811,43.4549836477485,7.4558421054364,7.3909111632542,3.12964738424286,6.92789077770134,5175.2489973455,71.915172342572,758.606698309626,7.09548243839027,1.0000354,1,37.5,
4323,113.347317057111,91.3897288954674,75.1602072107743,499.834605133968,11.6193001373935,89.5438585227886,97.6063752010748,72.0850341224705,43.4681592921613,7.45635515731658,7.39072406329691,3.05084099513253,6.88346261668546,5160.88955656508,71.5944664435737,757.503637025883,7.09608054937893,1.0000354,1,37.5,
4324,112.692522572094,90.9365988570205,74.8561335024008,497.5830465443,11.6082349625161,89.719738285102,97.6348112698532,72.1137934850059,43.4554062606302,7.45639033558476,7.39079794222202,2.9228537686025,6.80335469994177,5115.5306474737,70.9369234408302,753.214453822967,7.09654454291011,1.0000354,1,37.5,
4325,112.362264329981,90.6546777971432,74.6099399250454,497.154756163149,11.6193660403864,89.4816035721003,97.6143657690254,72.4466380089374,43.4494731844103,7.45675388621272,7.39080495239142,2.85428275180721,6.75852899085211,5127.72349963733,70.7793162051875,752.590991677459,7.09651314251126,1.0000354,1,37.5,
4326,112.418649266508,90.7794429832592,74.7852470347711,501.602594146751,11.6904733585791,88.2805796783466,97.4722431477565,72.7834076743511,43.4176992123149,7.45688803709411,7.39107184427171,2.76860818557043,6.70634674040966,5135.3320919672,70.5563569508012,754.720615781166,7.09669711014708,1.0000354,1,37.5,
4327,112.576968802472,91.0495586297234,75.1379945889959,499.566788312025,11.6802747523378,88.3015580588172,97.4852332464824,73.0604064259478,43.3886434357737,7.45756905708307,7.39131307052075,2.67335177682421,6.64255917512943,5128.24412594308,70.1918368212329,756.236125817593,7.0973657501184,1.0000354,1,37.5,
4328,112.130314887329,90.8026164884015,75.0386654978903,498.761115539318,11.6847049929934,88.1133152224689,97.4688712587041,72.8159384063727,43.3861379149048,7.45779046211365,7.39128974601214,2.48337709998509,6.49606456394375,5063.66846362147,69.5406606636318,752.573142821596,7.09810719629825,1.0000354,1,37.5,
4329,110.271724005442,89.2176798490309,73.6559950377708,507.052611096222,11.7997403978508,86.1042662916278,97.2199779374452,72.7677771207176,43.3696029504009,7.45903032918108,7.39140651185273,2.30074968121727,6.28509667701662,4995.39068448435,68.648389192888,748.173416549413,7.09861519824133,1.0000354,1,37.5,
4330,108.678764526124,87.6570557037804,72.1192709220481,514.183201918823,11.8965002982718,84.1143394460263,96.9719389774251,73.1534299011589,43.2937390532136,7.46238089322623,7.39211650237957,2.16434929530703,6.05954428047815,5014.15241904306,68.5429572587085,752.376439263736,7.10020534539878,1.0000354,1,37.5,
4331,107.628291676503,86.9566797826586,71.6776622959044,505.759760737004,11.8121656207742,84.8043340091043,97.0881171613746,73.5280389608789,43.1309385053584,7.46404348144578,7.39370115506657,2.017755160595,5.8244277127296,4955.89558259592,67.401438317058,738.02768572384,7.10262734867894,1.0000354,1,37.5,
4332,107.326482637006,87.0567406110447,72.0747573744647,512.466759780381,11.903467481508,83.3075081866347,96.8914022409325,74.1931848000553,42.9951195513519,7.46549811917806,7.39501839370567,1.88977849003687,5.63204262385583,4903.50990668893,66.0911095797209,746.412367603287,7.103894074768,1.0000354,1,37.5,
4333,106.321002228938,86.3974995030825,71.6714322709283,498.875158681235,11.7560262871308,85.224885249994,97.1647875515986,74.4282356358865,42.9080038396432,7.46484697345974,7.39584566022088,1.74572686786701,5.40649752019098,4835.01960261792,64.9621687429421,738.768109157038,7.1046641542087,1.0000354,1,37.5,
4334,104.590948095635,84.7625546987312,70.1067856662371,506.216256779655,11.8571211021437,83.9479149372593,96.9959452333173,74.8061512674156,42.9353639153084,7.46522519577025,7.39551388947066,1.61066174082267,5.17831421867355,4836.37157025753,64.6520571947161,735.433998481048,7.1043144294258,1.0000354,1,37.5,
4335,104.478399013972,84.9667446537467,70.5450870831455,497.869930056006,11.7702807532357,84.9134064542791,97.1429956156371,75.7770306613258,42.8404201069063,7.46603695440655,7.39641918379531,1.50448662228617,5.01791550422533,4820.88197398086,63.6193043183109,735.461041324781,7.1052590308585,1.0000354,1,37.5,
4336,103.369357366556,84.1341936676975,69.9168987598458,492.992472750579,11.7229938500103,85.8598576193233,97.2662757172699,75.9652472956098,42.8695805561604,7.46440744980826,7.3960666635762,1.3634777854328,4.81699727511182,4764.37200768986,62.7177844778136,732.026328750028,7.10439249138347,1.0000354,1,37.5,
4337,101.77701631707,82.8317287943606,68.828690190619,492.819814888816,11.7337828995193,85.7611273823187,97.261958729851,76.2210136223853,42.9399716166665,7.46483772886781,7.39529615839454,1.23366027413032,4.6200565760929,4708.37171808737,61.7726200994075,731.84569628603,7.10397863187134,1.0000354,1,37.5,
4338,100.990748804412,82.125270003768,68.181220455466,487.020456210229,11.6737027386801,86.6944529640856,97.3898282471007,77.0530562979061,42.98603770873,7.46488209423057,7.39477141589142,1.13027716785598,4.47889286713771,4739.7182198466,61.5123973995487,726.825989801217,7.10388576290457,1.0000354,1,37.5,
4339,100.683265203919,82.2557577624227,68.6354261752296,490.229119073263,11.7270217307573,85.9761860093877,97.3046821287841,77.593040210352,42.9771561438912,7.46522658326469,7.39480189794086,1.01450212073114,4.31487768540421,4662.12791880458,60.084356872288,728.670712845422,7.10420002382202,1.0000354,1,37.5,
4340,99.6086464117112,81.401035134723,67.94323549521,491.800309046487,11.7592118709218,85.5499272858762,97.2572158851648,78.066685458797,42.996733669845,7.4656745456625,7.39454424538547,0.912120391746432,4.16783445282377,4634.61363636236,59.3673678999537,723.455977036346,7.1037953926612,1.0000354,1,37.5,
4341,98.2040293411832,80.2953836704596,67.05855860949,489.472886288079,11.7428145717727,85.6538754101118,97.282400204604,78.4896927095264,43.0030084933565,7.46654899605509,7.39442060214322,0.814629478007757,4.01030404985198,4583.2146175991,58.3925667101361,721.750145533115,7.1044228555058,1.0000354,1,37.5,
4342,97.1513915987658,79.5082189821574,66.467613135099,491.526549385453,11.7808185312161,85.1365261301646,97.2228517848062,79.0145195924991,43.0087086320777,7.46703875564851,7.39430261478345,0.711636137294597,3.86518006817305,4545.46595001918,57.526970656298,725.765137406971,7.10446616488614,1.0000354,1,37.5,
4343,96.6160790020429,79.2036619712403,66.3336146006471,501.054861720377,11.9071739793224,83.1814489623989,96.9738953078939,79.8923641240273,42.9686346955736,7.46921122528296,7.39464701997788,0.61726630115934,3.7253168872384,4535.85491304685,56.7745736752169,720.563509464054,7.10566457034164,1.0000354,1,37.5,
4344,95.0892691027891,77.9965688432971,65.36283386889,497.021224762239,11.8716605795516,83.7146126873978,97.0537990292701,80.3393001048947,42.9635519126877,7.46897837267903,7.39463815954718,0.509991918958777,3.56659382314115,4477.47884394655,55.7321116576886,717.67751581221,7.10637526360767,1.0000354,1,37.5,
4345,93.4672325378284,76.5018372258052,63.9621972125706,502.917524600002,11.9512749104394,82.5572488264531,96.9039642788762,81.016403937391,42.9857008218233,7.47019418455156,7.39435506670504,0.422499896599128,3.39653506906815,4481.58633904054,55.3170237289708,711.23159876258,7.10735355989922,1.0000354,1,37.5,
4346,91.567726018492,74.9239166096639,62.621970524878,508.406333986303,12.0218510642073,81.5242644093377,96.7661683132001,81.9333674836749,43.0350081126402,7.47133406891297,7.39380005104989,0.332611581315247,3.22944637707771,4446.39827062091,54.268467257944,715.594438316638,7.10775532019963,1.0000354,1,37.5,
4347,90.1552870550701,73.6555644574716,61.4601173201162,515.187984673774,12.1048940653731,80.4874181994821,96.616101259572,83.0325140123987,43.1063604589657,7.47164877622271,7.39302668206933,0.243431201764218,3.05588715119587,4467.03805047603,53.7986607247493,710.750096071263,7.10857751978985,1.0000354,1,37.5,
4348,88.952823654419,72.7582063872384,60.7882718854093,522.454864008715,12.1925245649185,79.5079646349872,96.4675791536547,84.2190362092711,43.226705602822,7.47178954205365,7.39176635231904,0.144825139987253,2.89046398110344,4447.08855294685,52.8038404749317,712.331295798971,7.10876949875852,1.0000354,1,37.5,
4349,87.1109792667465,71.2868856291989,59.5908164188376,529.160691193747,12.2732193510088,78.6314475678117,96.3376383809751,85.1769418872964,43.467368127796,7.47282697546674,7.38931083669006,0.0531166728547463,2.71913780968504,4394.76552874544,51.5957186460212,707.529788400615,7.10868968910234,1.0000354,1,37.5,
4350,85.820639633867,70.3006818450351,58.8294086967681,533.046984571105,12.3220774809721,78.2553611811776,96.2812492949411,86.2503526816668,43.687728404341,7.4730832742878,7.38707623314858,-0.0358163971805285,2.56347260642958,4364.61797628828,50.6040594685709,697.523754905922,7.10886388384034,1.0000354,1,37.5,
4351,84.8417130570918,69.6050045194505,58.3430895133679,546.932679103424,12.4806809943691,76.6268826276188,96.0046119826258,87.3630648548325,43.9643904283547,7.47332403815651,7.38430190332938,-0.123152738011231,2.41393035374858,4340.24098003198,49.680502707225,700.986506288071,7.10885285069208,1.0000354,1,37.5,
4352,90.3032849697209,75.6722642180368,64.8580314885311,554.529322702333,12.5686081551758,76.0904639044541,95.9075163615664,92.8579079831003,43.9895029059434,7.4730044482907,7.38402783648402,-0.23575357647704,2.35509065954021,4429.8430880962,47.7056094016506,733.36025058903,7.10954743141502,1.0000354,1,37.5,
4353,94.0225131155379,79.9274512956058,69.5093621243516,542.843549058141,12.4389176081256,79.0952989396004,96.388671766047,96.5272305355134,44.5841291988025,7.46845111816243,7.37817432552443,-0.333466978837172,2.33077269247414,4436.20546721694,45.9580725833092,729.745565601755,7.10944127844258,1.0000354,1,37.5,
4354,99.7129193000554,86.2003487580602,76.2127966183246,539.448657983792,12.3987810807167,81.3683098593441,96.7016258713505,98.199490977863,45.2761334509315,7.46265302067352,7.37146892551079,-0.435085491406048,2.40148237767651,4326.5530431878,44.0588133411316,746.84309330928,7.10747538418084,1.0000354,1,37.5,
4355,102.439844382143,89.1179993856945,79.2714183013633,556.356228735272,12.5823302674904,79.8580824103213,96.4586587599534,97.998104150549,46.0167482493474,7.46215147843307,7.3644091774068,-0.493635387863752,2.46753618513355,4256.73752482311,43.4369374971145,760.979797882618,7.10539852651577,1.0000354,1,37.5,
4356,103.250571923317,90.0447064807936,80.2838494145808,558.903766459171,12.6057453037505,80.3980685695049,96.5264848875755,96.5116956123784,46.5764739661073,7.46006912054657,7.35914714331006,-0.544245564294911,2.51560161080575,4155.67557123507,43.0587769167955,755.460145421666,7.10451705766906,1.0000354,1,37.5,
4357,102.57028004616,89.4020169370661,79.6689528999099,568.255594976604,12.7048611316347,79.6736234702126,96.4054969157593,94.6505040850309,47.1898091696437,7.45985767379652,7.35345485186264,-0.583295878054145,2.52898370929167,4063.93027703164,42.9361715113608,757.806293990711,7.10280411820573,1.0000354,1,37.5,
4358,100.922300065198,87.5476808608178,77.6620927532326,603.383655401388,13.0944127783391,74.923855378311,95.5888718811523,93.2954321103591,47.7069468897845,7.46387153330889,7.34871056044203,-0.636850720234193,2.49381632604693,4068.52161925899,43.6090120087159,754.1199530722,7.1022408333486,1.0000354,1,37.5,
4359,99.834939862151,86.5800303014987,76.7829232349296,623.868996472512,13.3223663056216,72.0262598755497,95.0333359727639,93.055035233166,47.834289520414,7.46810755271085,7.34754138396163,-0.697088956543786,2.40513220874334,4021.71664374978,43.2186891732688,758.408204661929,7.10542334336888,1.0000354,1,37.5,
4360,98.6249180825452,85.5074596963786,75.8119469761685,638.899980753116,13.4898927827679,70.0663199135361,94.6076639495293,92.9703782552849,47.8698714640733,7.46986769901582,7.34720635230734,-0.753703229279925,2.31352149012131,3976.39129823714,42.7705186626053,758.790464478199,7.108847214356,1.0000354,1,37.5,
