4320,114.980138106721,92.689269204984,76.213409581961,499.171795679459,11.5278601835845,89.7832944721218,97.6155446063286,72.0661065823844,43.6794515155331,7.45941871965909,7.39539849689157,3.44972841178726,7.22360346914383,5237.84785285202,72.6811548625043,768.357858363611,7.09479435908928,1.0000354,1,0,
4321,114.436599443767,92.0474386796673,75.4989285496807,492.693682818233,11.4873817334541,90.8543891354097,97.7543178287429,71.4998300349003,43.7011063709194,7.45834330846052,7.39504842215042,3.38383041387723,7.20732427197911,5219.60508926203,73.001643314596,769.025123412358,7.09458701001265,1.0000354,1,75,
4322,113.706272062701,91.2061465661258,74.5756190251791,491.384313842469,11.5099664979478,90.6857480760244,97.7460418501722,71.5784460079512,43.7264823776196,7.45777315470286,7.39466710107581,3.25024856639221,7.15952211411491,5251.24193588552,73.3634526698468,767.109757851315,7.09427391047327,1.0000354,1,75,
4323,113.855240148132,91.506853347698,74.9884804952036,496.88330567266,11.617328210806,88.6706911523439,97.5186909140647,71.9040592105741,43.7120233164423,7.45826353763853,7.39468636424964,3.09550400041088,7.08216764896259,5239.55507175745,72.8686965559647,773.600356152535,7.09445834235942,1.0000354,1,75,
4324,113.293154138845,91.1814209651313,74.8379660106474,494.678034567894,11.6250396286349,88.4720275412206,97.5108532201996,72.1471641331011,43.6955194713471,7.45867907462173,7.3947298513088,2.90220318887527,6.97281893217099,5201.59903764027,72.0970685423487,770.364275898384,7.09551774702745,1.0000354,1,75,
4325,111.981000683909,90.1406458781367,73.9977749347399,501.413441188268,11.7429650265778,86.580989272415,97.2853807995708,72.0585926096076,43.6831797605248,7.45927273420123,7.39473481018706,2.61367101183021,6.78471897481232,5131.45218710227,71.2122177420669,761.824286495595,7.0960574107894,1.0000354,1,75,
4326,110.343910092741,88.7879986196507,72.8553684004099,513.65408928734,11.9195583547296,83.4222517437545,96.8855630254773,72.2698888649175,43.5743246138511,7.46298625701365,7.3957022974587,2.31220065336387,6.47645124584522,5079.47234210834,70.2847675828392,767.757980375382,7.0977267537133,1.0000354,1,75,
4327,108.374309257057,87.3212092107387,71.7602222199819,516.151054843548,11.9781270115658,82.0062417162232,96.7145699328903,72.7450798809264,43.3856770619889,7.46612266828462,7.39747069998997,2.04263008112421,6.14872731463537,4993.60862099246,68.6453108466759,756.894917292959,7.10054377111838,1.0000354,1,75,
4328,104.767887812513,84.265507549051,69.1115743108398,518.214192124429,12.0304014022059,80.6210375735404,96.5490021462511,72.8919980427033,43.2650983030999,7.47014276895258,7.39856224097689,1.71888436006785,5.64168657802094,4872.80419954559,66.8496450967208,755.809379033812,7.10362578315463,1.0000354,1,75,
4329,101.485485399965,81.5139013906502,66.7522958185478,513.442615575246,12.0096757662389,80.3897440090871,96.5505830676523,73.200247289684,43.0208544470049,7.47250867649121,7.40090133972217,1.43970697069049,5.1319754276767,4766.72262837916,65.1189416002277,744.021364191396,7.10648219567884,1.0000354,1,75,
4330,100.746064878573,81.1677726617922,66.6968610233023,513.299307677276,12.0386867528381,79.7284318726334,96.4766366657343,74.6113147148806,42.7856667337115,7.47398361729911,7.40316062194544,1.25318596881155,4.82842927568637,4762.93133688306,63.8365823613229,739.119888883374,7.10794303006087,1.0000354,1,75,
4331,100.450447497661,81.3542920840603,67.2397424305296,503.585309361963,11.9630051774227,80.6811981280746,96.6496128441896,76.0374478352247,42.6789438750161,7.47444406101119,7.40412414714425,1.04521736125006,4.60408469449083,4734.43647525289,62.2645368833598,738.943400706887,7.10972280929723,1.0000354,1,75,
4332,97.4330806903371,78.8853315123338,65.1761255981574,505.15171161505,12.0104125161681,80.0585882968669,96.5782247039075,76.7606955367302,42.7221179465191,7.47527972097156,7.4035636478609,0.791921398399103,4.25780474315473,4642.21165123084,60.4764146386548,734.581920956185,7.11076844063113,1.0000354,1,75,
4333,95.7832931626978,77.6627041030489,64.2692252328737,514.151751843715,12.1393722963246,78.1957252148331,96.3152159642371,78.109244477843,42.6742460562793,7.47751893501619,7.40392795621836,0.581876930682885,3.96217269715901,4614.97731161848,59.0836250237653,730.519168595255,7.11235217204905,1.0000354,1,75,
4334,89.9395785334141,72.2210932911872,59.1248215904108,523.888739033422,12.2773223497003,76.2549832415726,96.0296489423319,78.3638807583544,42.7462404630862,7.48067866782582,7.4030735673036,0.365760669457577,3.53536675305212,4527.27992436703,57.7725334753074,718.958569555586,7.11433035676461,1.0000354,1,75,
4335,83.7465185165354,66.3426665773578,53.4789499266612,540.050737753502,12.48777155337,73.6992357541777,95.6009091847161,79.6327495481854,42.8137585934025,7.48332462238842,7.40227075693955,0.173087106592306,3.08651696655634,4518.89148932971,56.7466465112491,701.649779430436,7.11587410775,1.0000354,1,75,
4336,74.4385411052305,57.7677199045267,45.4458085822673,558.886831865202,12.7032266605105,70.7440016771667,95.0529959520286,80.8181511764989,43.0525759333322,7.48688959859579,7.39974951118407,-0.00811862071517178,2.4664738369283,4392.99517694035,54.3565413584688,676.60255717453,7.11647891889068,1.0000354,0.996608864081121,75,
4337,65.8025525521268,50.0479663200619,38.4032721485356,547.689009092018,12.4978385012973,71.5083021247761,95.2308948982584,79.7683425012702,43.493973814203,7.48625928566345,7.39523027431219,-0.187844539378131,1.89225690390283,4097.62670323982,51.3690842099994,635.128102508389,7.11463381969499,1.0000354,0.983409127196845,75,
4338,46.6789619994316,30.8040970014695,19.0705011334106,449.66523635363,9.27888173736013,68.6462964296736,94.4180910529054,59.4244318437888,44.8136460415172,7.47005565822718,7.3821779653163,0.0147734118160061,1.49640428138276,3075.88362827545,51.7612627136451,444.01733089531,7.09641316969513,1.0000354,0.706233001419741,75,
4339,45.3701137430613,29.7327861528722,18.1747614122977,475.648744386695,7.9005472070874,54.7079206896856,88.9133571659676,62.584051275688,47.082633171104,7.43451615568893,7.36064931216928,-0.138319437690352,1.35837543636785,3190.95756797925,50.9867530614599,433.017006710794,7.06102376593522,0.994139134895275,0.496329513608266,75,
4340,45.3497324791181,30.328686900193,19.2261749505527,606.341116892967,9.03234675680884,47.26417542985,84.5944524501224,66.4900636624535,50.1882431813767,7.43768983023539,7.33254433354294,-0.424702092966224,1.10421097190007,3256.5048880988,48.9773164398055,448.073770190849,7.03898538081238,0.993533775223777,0.434247466720743,75,
4340.7902844855,42.6466861710519,29.1160727551946,19.1151845782566,613.816241075025,9.14278634112094,49.245487200015,85.7488895595191,NaN,52.9090828222131,7.42931361667006,7.30884360456672,-0.687596199378339,0.570639039243985,3114.13492370579,44.117643569559,428.798738744382,7.02744115342458,0.988591920190381,0.43352398157523,75,
