4320,115.922751149182,93.9295343745859,77.6736784977102,506.442460726059,11.6182795793095,91.2612635725558,97.7680157171424,72.4407864898761,42.9755947130056,7.45273016697533,7.38571547505388,3.37124620465365,7.2989604822126,5194.77489877191,71.7106363760683,752.113606106819,7.09264256465222,1.0000354,1,0,
4321,115.747777808827,93.5806374468291,77.1962293531786,504.172541965202,11.6110123939863,91.5929798258486,97.8114566416227,72.3549581643569,42.9488414165991,7.4521486271297,7.3859241434451,3.34909178118407,7.28808703103798,5229.65199261999,72.2777280962646,753.233220934842,7.09223486216586,1.0000354,1,37.5,
4322,115.737077776483,93.66972406286,77.3590713180085,505.129484182624,11.6419594282448,90.7671488070768,97.7230103889396,72.4263290977486,42.9608862065319,7.45245011645866,7.38574334090276,3.27113715397798,7.24887874234185,5211.24572299834,71.9523657752293,754.835131726162,7.09259363135763,1.0000354,1,37.5,
4323,115.71101418044,93.7003330972124,77.4315688183052,504.854165951132,11.6562473795023,90.5092673176866,97.6989495067165,72.6810849790084,42.9466857392223,7.45244176894943,7.38582985811211,3.18656995761431,7.20645113923746,5216.14559136135,71.767580146442,755.614830476137,7.09293095827886,1.0000354,1,37.5,
4324,114.9484994935,93.2124602216778,77.1466920642436,504.263572301191,11.6654557829321,90.2105621987831,97.6715795035568,72.590047978422,42.971885107767,7.45283382471893,7.38552002729067,3.02800008555244,7.10339675591347,5144.60831388237,70.8720886286182,751.065638165759,7.09336256481982,1.0000354,1,37.5,
4325,114.236636657219,92.6171855383464,76.6375912330926,505.651387553189,11.6981930401909,89.3369449628574,97.5742456320656,72.5682634752674,42.9489905158833,7.45338278909103,7.38569769789733,2.89585811509695,6.96790204752803,5115.47794059607,70.4919436626663,747.531258316364,7.09327048529449,1.0000354,1,37.5,
4326,113.192405605265,91.7534585341512,75.9072802641972,514.768133691259,11.8220032930665,86.8617675783774,97.2722151107096,72.8077616117337,42.9293303606966,7.45506620780034,7.38584391731701,2.74511956992445,6.79213610145166,5089.50977921896,69.9033958269462,747.919127406575,7.09391543643639,1.0000354,1,37.5,
4327,112.271164379819,90.9934409145827,75.2664279185388,510.451019568314,11.7855547769287,87.1901253733279,97.3280566327233,73.1155845764718,42.863451491676,7.45595024128675,7.38645897136146,2.61836616680355,6.61124919779385,5072.59207246502,69.3777134088229,749.009314480262,7.09483090218773,1.0000354,1,37.5,
4328,111.625029487529,90.6374702059903,75.1249263892009,508.648150251854,11.7780778989699,86.9779999996338,97.3117253588501,73.3752156465516,42.7407235409979,7.45679426400992,7.38765265363801,2.46707890111364,6.38879343366199,5021.18413777124,68.4316099588488,742.221322053789,7.09604228092509,1.0000354,1,37.5,
4329,110.722421059221,89.9281743685349,74.5585137710713,503.250440157575,11.7265702631499,87.9706613050582,97.4435423516264,73.8183501590341,42.7377764905723,7.4562513235271,7.38763138032723,2.33237110533862,6.19559605578423,5004.98001955464,67.8012988473994,737.000115436509,7.09598272673932,1.0000354,1,37.5,
4330,109.479193001871,89.1285952776506,74.086849133662,500.765276083983,11.7095295117389,88.2225863323024,97.4844440454194,74.187759253666,42.7632143187316,7.45678680219631,7.38732194378513,2.19698093686427,5.99946085648764,4922.70992373116,66.3547460289131,740.159219631254,7.09595024657519,1.0000354,1,37.5,
4331,108.43464915384,88.2645377878842,73.3561946043515,502.86160163931,11.7483803048012,87.5280236729286,97.4052245404479,74.6113825625006,42.7574224031705,7.4573759228724,7.38732901938988,2.06745179941702,5.80337072889183,4906.91127650937,65.7662558711996,731.992023648598,7.09633525553051,1.0000354,1,37.5,
4332,108.328021985744,88.3423671496006,73.5703614011467,502.134761577439,11.7523979577683,87.5140963569002,97.4089490489835,75.1860463217288,42.7231793583858,7.45733939320156,7.38762445756801,1.94302495292114,5.62277101147704,4899.48522414025,65.1648206526894,732.876981505313,7.09663645755957,1.0000354,1,37.5,
4333,107.874711170143,88.1621325176913,73.591965687618,495.432775811427,11.6823369220107,88.6899592350453,97.5635061145319,75.859893053623,42.7130148514223,7.45755810013385,7.3876741048546,1.81168567120467,5.48018389706964,4875.85168847415,64.2744339888215,731.459171642171,7.09687469378176,1.0000354,1,37.5,
4334,108.151732120494,88.6244373285304,74.1912194388179,501.53996372432,11.7698440302681,87.494832364828,97.4183140313759,76.8913365390099,42.7209172384402,7.45747304368892,7.3875394259416,1.69740991657121,5.35946339764566,4895.69455654775,63.6703011926964,736.813139421636,7.09682969229474,1.0000354,1,37.5,
4335,110.750012815209,91.6668659538928,77.5619313172679,498.106313494423,11.739374013592,88.1564505389156,97.5091032303965,78.0564527166958,42.7375475512687,7.45783547192267,7.38731678357666,1.56862025573913,5.27865964938899,4856.83808180948,62.2221214617229,747.127558576999,7.09902977188103,1.0000354,1,37.5,
4336,112.240699385152,93.4637980173713,79.5852187455332,498.790917164626,11.7583814294399,88.2528303296712,97.5207393952507,78.5286134384879,42.7735014275929,7.45697239093138,7.38689898363037,1.45276655142552,5.20910880324673,4807.80313134946,61.2235836191791,752.835904398498,7.09939951513332,1.0000354,1,37.5,
4337,112.868013396389,94.3933964713029,80.7382448310221,494.136300964832,11.7109591854747,89.4915616878417,97.6728682010476,78.604372748396,42.8625529170773,7.45646501859086,7.38594367539783,1.34335312938816,5.15741703635547,4734.96714780047,60.2379610986348,753.885577538058,7.09920725102746,1.0000354,1,37.5,
4338,113.48740355991,95.3232162103127,81.8975125171318,493.735629796086,11.71556198811,89.3719177881286,97.6696342281113,78.7987772348931,42.9755970003909,7.45777707001685,7.38474847136335,1.25924609712392,5.1109351489787,4666.91910178342,59.2257807233695,760.86066226345,7.0998895074935,1.0000354,1,37.5,
4339,114.715905111048,96.897442938487,83.7272752457248,494.629678404425,11.7357742971153,89.0906618026878,97.6392513291368,78.683377735263,42.9825764037203,7.45767810263974,7.38462724165147,1.16981638172953,5.08272709361265,4571.38749805578,58.0985162258363,762.957887724911,7.10064924942149,1.0000354,1,37.5,
4340,114.77168090588,97.0248060831283,83.9075507793557,490.345515839401,11.6909062905536,90.4313113149544,97.7967420706635,78.2976482921423,43.1022901266532,7.45706806403395,7.38336891958142,1.07478054838238,5.05350317515029,4530.70124549186,57.8650999655445,764.099842277095,7.10104429093965,1.0000354,1,37.5,
4341,114.955355769143,97.3027262634336,84.2551305418222,491.654936142037,11.7159051334888,90.1275985158272,97.7638296854863,78.0366434609781,43.1675495014441,7.45681411388285,7.38266173550105,0.997774233025194,5.02094468219432,4491.61795377111,57.5578055970222,768.183311977887,7.10104064804278,1.0000354,1,37.5,
4342,115.077873508402,97.5122411097979,84.5289475977861,492.612078897298,11.7362046237248,89.7115314964747,97.7205694205443,77.8009286006032,43.2194901534939,7.4571555225642,7.38208969480776,0.936790302815901,4.99466777449917,4455.98163427701,57.2741445947532,762.414602751678,7.10124041667348,1.0000354,1,37.5,
4343,114.996055748731,97.6090814797362,84.7578396287399,495.5846159736,11.7810406649891,88.6155474123813,97.5998982349521,77.3683159384197,43.2933934263594,7.45833281405049,7.3812981500836,0.831814573377179,4.94189866699132,4386.13482078849,56.6916155222969,764.752628531585,7.10127780937436,1.0000354,1,37.5,
4344,114.284059887034,97.0773710220387,84.3593836000857,497.488462986226,11.8122686552366,87.9990110119683,97.5306709548701,77.1357240409375,43.3328446293301,7.45878824787146,7.38085278352107,0.730562224379466,4.88201795501464,4327.60573739631,56.1037805919804,759.929424197385,7.10183629067153,1.0000354,1,37.5,
4345,113.560735041939,96.5369865590758,83.9542159413076,502.598539524734,11.8810524557564,86.6473301857132,97.3702268022449,77.1414958241403,43.3504322011135,7.45985518877995,7.38062676163929,0.634049178768818,4.82006591711551,4281.91529441298,55.5072888938332,755.917111407357,7.1021021930205,1.0000354,1,37.5,
4346,113.555288522507,96.6142550343144,84.0926215865196,518.430737661147,12.0637674995368,83.2002557248951,96.9199148022558,77.2565391072389,43.3013628176725,7.46240636134252,7.38106907081272,0.519637408803769,4.71343379860327,4267.46503669771,55.2375900604879,763.369843874164,7.10328811730521,1.0000354,1,37.5,
4347,112.771980304215,96.0525809168535,83.6947639783693,523.134986161496,12.1220513185325,81.9077037462992,96.7545580417853,77.6152169954723,43.2675280494549,7.46530280250264,7.38135906792621,0.436096538100106,4.63199071174277,4231.1884635894,54.5149344082389,761.569948392429,7.10631413912902,1.0000354,1,37.5,
4348,112.099410205276,95.461912118216,83.1646309234328,538.111304048198,12.2916565428466,79.2655435562542,96.3602076792605,78.0853702294731,43.1728329715257,7.46762608773329,7.38226149863042,0.325894031184813,4.51317607774334,4235.96647254477,54.2478886902416,760.76249139732,7.10896250164867,1.0000354,1,37.5,
4349,111.11975576657,94.466840743224,82.1581644216204,544.132697573249,12.3643291518012,78.0510967777742,96.1858613786925,78.8524936010929,43.1771358053849,7.47063422623945,7.3821699590336,0.25163441854101,4.41779487010496,4281.54506476857,54.2981568398901,767.053841394281,7.11180040011298,1.0000354,1,37.5,
4350,110.699636365241,94.3458840480179,82.2583279874616,560.800505230411,12.5533920818659,75.4782263062118,95.7521775083262,79.7135223984304,43.0811613748139,7.4734031873268,7.38308963799961,0.162975950658894,4.3058709508503,4250.54127629524,53.3227129902735,772.574201409602,7.11386176331356,1.0000354,1,37.5,
4351,109.47505183979,93.3481816309578,81.4283210418207,574.690600565126,12.7126354695986,73.5131669899135,95.3927504054102,80.6752853196615,43.0634859505519,7.47548346998361,7.38322258038075,0.0514920788805431,4.14675188321849,4242.14415464208,52.5829457910603,768.246481472671,7.11703742930404,1.0000354,1,37.5,
4352,108.658380118624,92.5823433598078,80.700055320683,586.577062419964,12.8501972815368,71.8457948464981,95.0690900965772,81.9478334158496,43.0169327941171,7.47746624607346,7.38364902127382,-0.026866817805967,4.02358777481811,4295.4759143409,52.4171992753393,766.573755881169,7.12002286281628,1.0000354,1,37.5,
4353,107.60466053979,91.8693489382683,80.238901232796,595.404512763558,12.9536022100754,70.4696145551153,94.8105441110016,83.2777448481624,43.0713341770279,7.48116842845323,7.38305916839082,-0.112937668442789,3.89343337678214,4272.66777569154,51.3062377407284,763.733636749118,7.12270628276284,1.0000354,1,37.5,
4354,106.132264922202,90.5494921821824,79.0317905917332,608.109079568071,13.1001080959812,68.7114091502751,94.4417365896308,84.7119720044033,43.1544966660366,7.48450780799507,7.38218287568792,-0.242896643403689,3.66628704424117,4304.11979529171,50.8088726239071,768.500726482918,7.12542921940872,1.0000354,1,37.5,
4355,105.025137648644,89.7397137203156,78.4417916863341,622.968611419575,13.2712526116362,66.7211847474527,93.9737194521422,86.4904966501629,43.1308337156808,7.4869441975166,7.38238514510303,-0.330720035874802,3.48182211228883,4310.62953931112,49.83934312167,764.384847615917,7.12840180904561,1.0000354,1,37.5,
4356,104.532981563338,89.6042563687211,78.5699812248737,633.034471706147,13.3884118166568,65.4173307182605,93.6437026563259,88.3365150091379,43.1129556870484,7.48833163944692,7.38253192730039,-0.400804086534056,3.34244464559549,4299.89457019873,48.6762984678978,772.344456157538,7.13090754697955,1.0000354,1,37.5,
4357,103.888853130754,89.2932615692195,78.5052156324329,634.148833200342,13.4035828183864,65.3654848224443,93.6406272829229,90.0666365473687,43.1810724703392,7.4889080256028,7.38181521278138,-0.482565078844157,3.21222066537674,4286.27931254603,47.5900897031027,766.209149984668,7.13242042652447,1.0000354,1,37.5,
4358,103.65224441484,89.3691831992417,78.8121379529303,641.561139122845,13.4894047366742,64.5618701495657,93.4233717620992,91.6349036498697,43.2807192928675,7.48944988041064,7.38078488789339,-0.597213919509183,3.0321105540003,4267.53455916589,46.5710595983363,777.44494630368,7.13323609855452,1.0000354,1,37.5,
4359,102.649059005954,88.6151744833817,78.2423033145241,649.567132593217,13.5816694510008,63.8302427476819,93.2060720554812,93.1742629805627,43.4519092388503,7.48910861156919,7.37904254696071,-0.692062760376553,2.86249855110019,4263.52374885042,45.7585991288156,780.903754853362,7.13408384006863,1.0000354,1,37.5,
4360,98.2349056993834,84.9845071988558,75.190734394118,645.5098967994,13.5366409386887,64.3166308102577,93.4008609575556,94.7052733076378,43.7367893631998,7.49245681489011,7.37617854834192,-0.83390697964844,2.4031752189733,4091.64478143445,43.2039805021551,756.82628190165,7.13514859070192,1.0000354,1,37.5,
