4320,122.142530446044,100.078260544841,83.7698871396039,503.241999533832,11.5926026017851,90.0186127371974,97.6476008141145,74.7209906595973,43.353591251866,7.45875323745096,7.39491266035587,3.46946028032715,7.64722952766652,5375.60073025487,71.9423107590239,801.095959214341,7.06298652512155,1.0000354,1,0,
4321,123.760402030495,102.108695900439,86.1052609347454,495.089187728359,11.5099977356628,93.3216055671442,98.0286874039416,75.6491588619705,43.4113502677769,7.45772858024344,7.39426382429539,3.39723798038234,7.69652824768962,5340.61226931241,70.5971136976803,806.361996350868,7.06376026381189,1.0000354,1,37.5,
4322,123.366268044994,101.795617513653,85.8520932078795,497.278432904643,11.5567091166028,91.8886776633157,97.8749543965861,74.9533623711293,43.494500674857,7.4574945868551,7.39336504642326,3.31927017072808,7.69293066617534,5271.68175307263,70.3328254571163,807.729710616738,7.06336222149915,1.0000354,1,37.5,
4323,122.470573592921,100.702879584993,84.613714448698,501.646630542012,11.6292538661099,90.1487492173619,97.6774058235947,74.684117032413,43.4754602779764,7.45731285488958,7.39348882195508,3.23218426438287,7.64413233385697,5300.72771757943,70.9753014188936,803.466739558309,7.06258555082677,1.0000354,1,37.5,
4324,121.701964788604,100.135699193601,84.1954159277287,499.676113955838,11.6212941293535,89.9020709963338,97.6609687173038,74.7727925342875,43.4632051341778,7.45856343927146,7.39354676960946,3.12888881352925,7.56045004838354,5257.91270715514,70.318528022664,797.976248711158,7.06313495430224,1.0000354,1,37.5,
4325,122.048775740676,100.460836900633,84.5045342797314,509.376279593564,11.7558736246568,87.441775962378,97.3620911483893,75.0727761057778,43.3895573560982,7.45911690436551,7.39422018906301,3.01385723923025,7.4506953980201,5284.31230395462,70.3891953656942,801.73110251754,7.06326783511123,1.0000354,1,37.5,
4326,121.745227388263,100.432092465569,84.6789057835767,510.897639798445,11.7887266758843,86.5412716322008,97.2618901230133,75.3736274245995,43.3489261644929,7.4610699927448,7.39456591161324,2.88604775704984,7.32346511245078,5237.95270274931,69.4931752885203,804.844531872652,7.06512807231515,1.0000354,1,37.5,
4327,121.282334392611,100.222716322267,84.6569116615786,501.546487794285,11.6897980191781,87.933118772711,97.4511927904035,75.7192972659793,43.2831857233136,7.46127334563852,7.39516424746708,2.75799554697692,7.19704170370021,5199.38392507331,68.6665633835642,799.670937145773,7.06625724582864,1.0000354,1,37.5,
4328,120.890570267,100.081268961134,84.7004810394072,503.362963181473,11.7258735966987,87.5170138059036,97.4025146657003,76.0727742768222,43.2825956928853,7.46103168212316,7.39511021597902,2.63454348677313,7.07036579190457,5161.56706988076,67.8503856201992,798.596230504516,7.06650580786699,1.0000354,1,37.5,
4329,120.539698656083,99.9714012001262,84.7687465587668,502.913744888259,11.7337361990461,87.3619370193781,97.3907881098689,76.4437551620541,43.2655643646348,7.46142091391005,7.39522179244749,2.51315818942164,6.94623770176345,5126.66782575917,67.0645733571183,796.860666189937,7.06700944063806,1.0000354,1,37.5,
4330,121.054049228362,100.507794960356,85.3214331100906,510.798838171293,11.8407005216921,85.6810192066194,97.177941642913,76.796980868551,43.2197401958659,7.46211094410283,7.39562338032021,2.38860048072261,6.81703010494045,5144.83708377794,66.9926997857385,801.87150995234,7.06726551230248,1.0000354,1,37.5,
4331,120.691454307963,100.451527512372,85.4915816199779,502.501144906945,11.7542708567765,86.698588140203,97.3281639110358,77.0659501572067,43.2128119427347,7.46339930990077,7.39563533313831,2.26405848288308,6.67888408768345,5085.88219535482,65.9938946445239,797.49627446285,7.06862169193347,1.0000354,1,37.5,
4332,119.584789392944,99.3237435161401,84.3481878680674,497.662625106545,11.7072497223356,87.5634065986748,97.4417651866765,77.1373104952335,43.2407600707456,7.46282009607276,7.39529641648709,2.16272674643399,6.57684769691876,5095.90325171941,66.0627550922235,799.029511025256,7.06862798556917,1.0000354,1,37.5,
4333,120.372451911504,100.506809592429,85.8235087478957,509.94138143945,11.8667637241844,84.8109622459965,97.098643896071,77.8704053663398,43.1512454096582,7.46548678388857,7.39613871811348,2.02232654867879,6.39290123126869,5043.93950208163,64.7735102745712,803.14839617837,7.07045674528227,1.0000354,1,37.5,
4334,119.652604838198,100.05540756543,85.5705226246892,501.89194386852,11.7831505783105,86.0238075929495,97.2651238350433,77.7910942713496,43.1158201420435,7.46485005471782,7.39643764418585,1.92205243397165,6.28524839952853,4970.71275165381,63.8982238032936,797.098600295698,7.07148954195052,1.0000354,1,37.5,
4335,118.520167123855,98.8773379731832,84.3587251226869,496.889769289995,11.7337895556844,86.9658631193624,97.3888159515374,78.1124794665751,43.1462319345165,7.46405709720445,7.39607279593318,1.81912631258158,6.19280032636495,5002.87076746536,64.0470101785224,790.82556687712,7.07086172424729,1.0000354,1,37.5,
4336,118.678733537898,99.6844284039417,85.6451593918872,497.600537040194,11.7542164544541,86.4207892484549,97.3348351460827,79.0382203017258,43.1151782242927,7.46589811151553,7.39632755667308,1.65561712789328,5.99291117899793,4895.03030508823,61.932445928079,793.10846160753,7.07220150802729,1.0000354,1,37.5,
4337,118.294322201046,99.3177417879432,85.2915736565196,500.938438433159,11.8061346069368,85.9545660755137,97.2706041795205,79.0548888854583,43.1076403173309,7.46456736273267,7.39634481372851,1.56542957939088,5.8951811941487,4891.4938227135,61.8746530628957,793.828043476199,7.07164086437871,1.0000354,1,37.5,
4338,117.532152790982,98.7878065879633,84.9332898292103,500.777737100218,11.8154569599744,85.6938526655287,97.2487344006426,79.3518761872049,43.1422230613397,7.46572875139075,7.39593758442659,1.46457386895327,5.79206017061432,4849.78312781782,61.1174349094952,790.719914023846,7.07167776573616,1.0000354,1,37.5,
4339,117.628604061033,98.8694150224174,85.0039274721366,505.684880122392,11.8844265888686,84.7710125012762,97.128630927227,79.790587273798,43.1058169273729,7.46561480131686,7.39624434212075,1.35877680457712,5.68204960768593,4880.45758919334,61.1658311580821,802.208737292517,7.07182669413709,1.0000354,1,37.5,
4340,117.515082331757,99.0609213096205,85.4208892497804,507.853364867398,11.9200668726437,83.9616435380505,97.0353721093873,80.1821466456365,43.0820286182074,7.46763526435813,7.39642474438898,1.24962548329944,5.55413307837437,4824.66103344058,60.1712629965256,799.932104418433,7.07331124696004,1.0000354,1,37.5,
4341,116.971673472631,98.79327666202,85.3570703237424,504.495803107929,11.8921604056399,84.2259619818453,97.0826787485771,80.5755231672419,43.029875702327,7.46832299738045,7.39689060079928,1.13652708090057,5.43426231193108,4775.88141780563,59.272111803641,794.603548125684,7.0745276889078,1.0000354,1,37.5,
4342,116.325347971395,98.3523316835137,85.0679283402973,500.21871819132,11.8526954829647,84.7749714863715,97.1634719140623,80.8032723206916,43.0149075365934,7.4682991881957,7.39698081834916,1.04750933524058,5.34779770548951,4735.26990687726,58.602452238369,791.175920411504,7.07492117239621,1.0000354,1,37.5,
4343,116.742244828156,98.7715676699001,85.4888932485806,510.269521023778,11.9780212301089,82.9612344286347,96.917428325582,81.1542655745232,42.9563890716292,7.46869189511165,7.39751083370999,0.953326432882116,5.24490361666198,4755.22001529372,58.5948253197738,796.661816643295,7.07485088331085,1.0000354,1,37.5,
4344,116.273377977956,98.555885273375,85.4603471873804,509.75293424189,11.9823522455566,82.7402414716147,96.900645878281,81.4903925731123,42.9555964568299,7.47001110784252,7.39745795870484,0.852470636517356,5.13876056042639,4707.64270971711,57.7692972271973,800.286850249577,7.07679231394227,1.0000354,1,37.5,
4345,115.618299914357,98.1391949889533,85.2198565658288,504.315410166349,11.9317493756456,83.3590534865562,96.9996264277926,81.9030670107307,42.9200952197057,7.47064989673725,7.39775575985628,0.747438455224474,5.03648172892891,4667.82081307787,56.9920148712661,795.188335121634,7.07766591532151,1.0000354,1,37.5,
4346,115.360114492956,98.1190265894682,85.3756137912379,509.53014889548,11.9995325445938,82.4399122392018,96.8728995349922,82.4720299114735,42.8850399660827,7.47061096225325,7.39804947429851,0.646891339137755,4.94192709716003,4636.2428005549,56.2159413989386,796.055865308717,7.07782950152087,1.0000354,1,37.5,
4347,115.363916531702,98.2809310825713,85.6543766201702,514.121885352688,12.0588474719793,81.3947944400254,96.7366024925601,82.9502628691844,42.8823342626792,7.47238623488954,7.39801672678203,0.523743196929214,4.80232966209364,4620.3657869043,55.7004357441373,805.83449123701,7.07868503796163,1.0000354,1,37.5,
4348,114.393155918654,97.6066555752781,85.1992422780005,516.73669906574,12.0968644713619,80.8117374850007,96.661839839046,83.2746331962464,42.9303082178619,7.4734458148524,7.39747160094835,0.44039016763027,4.69906771970855,4557.93065831971,54.7337224239513,795.217058906593,7.08050146069767,1.0000354,1,37.5,
4349,113.888534642276,97.156630455817,84.7895708397384,524.735098547996,12.1935160508107,79.5128836400955,96.4685312733553,83.8134834023073,42.9307310893851,7.47407186803402,7.3974086239157,0.355615318388947,4.5908307119167,4572.5038684957,54.555707302458,801.377878965701,7.0811240280661,1.0000354,1,37.5,
4350,112.947217329048,96.2730287622346,83.9486285171983,536.144476802256,12.3275964836363,77.8804607088217,96.2061517573323,84.5848471937649,42.9368913557031,7.47436224703245,7.39728917875362,0.26806374392065,4.47654475383822,4598.66844966745,54.3675209240838,805.700791976981,7.08216103830521,1.0000354,1,37.5,
4351,111.367458437677,94.956797940911,82.8271793128664,555.86211030085,12.5538708092882,74.8576539948176,95.7089295258646,85.7947304815287,42.9948283796715,7.47895432089183,7.39664887185418,0.156230609424827,4.30661311608387,4590.72731541301,53.508266645833,802.292331215846,7.08428118527045,1.0000354,1,37.5,
4352,109.929276369939,93.7833163490016,81.8493458987435,567.964253093367,12.6966117826653,72.970753796972,95.3797301656275,87.40178510933,42.9633872712168,7.48253924667453,7.39691460914359,0.0549822059609579,4.12717853538732,4601.2835523992,52.6451896450799,797.455365576386,7.08759649162564,1.0000354,1,37.5,
4353,108.992321172595,93.0659438203447,81.2942736034642,581.273491099563,12.8528329196483,71.1520857555041,95.0236302146601,89.266107087513,42.9115767157987,7.48453437023437,7.3973900108329,-0.0468615600509481,3.94472903120027,4635.51956797608,51.9292228508587,808.133278359922,7.09027013737722,1.0000354,1,37.5,
4354,107.66002474156,91.9931543789999,80.4132936762383,585.192292386926,12.9031619939348,70.5618706258266,94.9206156622246,91.268812804701,42.9423978292942,7.48645230467682,7.39703335938329,-0.168376377201838,3.71308971715369,4662.29203183957,51.0830796256334,803.807955653796,7.09265267647696,1.0000354,1,37.5,
4355,105.452070641612,90.326215729054,79.1462360110766,596.278607777676,13.0334611017339,69.2696411674582,94.6436458549309,93.6578789307856,43.0360315403844,7.48761625067545,7.39604740783119,-0.269460175719222,3.44958458173772,4619.11814084568,49.3190556264815,796.654488595638,7.09469134832066,1.0000354,1,37.5,
4356,104.466155204363,89.8024428601886,78.9640467797117,601.852671304698,13.1008637815584,68.6430184568289,94.5141454141351,96.1128182953949,43.1261447715925,7.48885223852371,7.39510345726235,-0.381982062261228,3.20500200991661,4595.3655739378,47.8122029448176,801.19498358222,7.09561437263423,1.0000354,1,37.5,
4357,102.900751778305,88.5251571689954,77.8997176751576,606.558303611867,13.1576221385607,68.4931428568972,94.4569068465812,98.5407477004535,43.2626845312159,7.48687573545027,7.39369928288045,-0.482061533319726,2.95141893363582,4618.87800995905,46.872772104385,788.256151432188,7.0958765002093,1.0000354,1,37.5,
4358,101.936075067559,87.8675322852619,77.4690441418247,604.266150422556,13.1341896584217,68.9572374794569,94.582821350312,101.022120330043,43.4836518737174,7.48782683577528,7.39145917451351,-0.539837095368178,2.82399859510767,4634.04681491919,45.8716051472647,784.233413407243,7.09548777551162,1.0000354,1,37.5,
4359,102.221861359095,88.2582996503981,77.9374062135355,609.88897599335,13.1996240272136,68.7027197468416,94.4974960700529,103.10384090524,43.5973513199063,7.48566880667231,7.39030035447988,-0.586880369944232,2.76122612823094,4694.24632118826,45.5293059887322,793.168912061439,7.09424799632491,1.0000354,1,37.5,
4360,100.088349592056,86.760727739392,76.9098768048145,620.789271902985,13.3244701339673,67.9591512840261,94.3096307452846,105.035502379369,44.1169450146997,7.48509884063885,7.38513285341311,-0.761650085502505,2.41572858247598,4564.39899006724,43.4557733972792,781.991166715755,7.09299643566747,1.0000354,1,37.5,
