4320,115.563537875004,92.9394682012893,76.2173297468045,492.975459544777,11.4570311281172,90.0168215703921,97.6532433035733,72.2948725383105,44.3458067819583,7.46196746157033,7.40059363198672,3.60515402526921,7.51452862617739,5333.0179771177,73.7675825390194,786.780304599569,7.09259429480244,1.0000354,1,0,
4321,116.369018130418,93.7333059746142,77.0025622072812,486.483359005974,11.4578232372232,90.5163477473867,97.7389693081097,72.56477060368,44.3451146903767,7.46087516732066,7.40030445922015,3.42919601610581,7.48895424864621,5355.68235366783,73.8055437798935,794.181214600072,7.09308656835617,1.0000354,1,150,
4322,115.483222600207,93.127576059726,76.6038373124144,485.228573549867,11.522087133125,89.6288538568801,97.6623136839114,72.7468396237642,44.3815995911596,7.46058755907416,7.39966064002399,3.03703780488674,7.36290499557456,5302.68936956021,72.8923675170624,795.552645140119,7.093563660119,1.0000354,1,150,
4323,114.52406118153,92.6599631135209,76.4995428023835,505.784053947484,11.8543482258275,84.4406794403642,97.0373425206799,73.4144961440356,44.3476200835523,7.46329090421558,7.39971265799922,2.50453826830901,7.00705885647071,5233.69260013249,71.2896345411708,801.327734462123,7.09471870008971,1.0000354,1,150,
4324,113.205456917506,92.1927592785698,76.6616349367471,510.562940907869,11.9793347613426,81.9986054082626,96.7537131683388,74.7532179782173,44.1283120567521,7.46804939330807,7.40158449858703,2.00368247314635,6.48043886640548,5121.61024956907,68.5135755769268,794.126350154416,7.09945990404144,1.0000354,1,150,
4325,114.456091044918,94.2482479074881,79.3120160233009,511.466833278719,12.0559202986618,80.4954476913965,96.585576003061,75.9750982973665,43.8966884456335,7.47093131299178,7.40358673925536,1.5817819251605,6.10127467772773,5005.94477695685,65.889283319695,803.328450653697,7.10336741108845,1.0000354,1,150,
4326,114.899282071496,95.7910940026071,81.6676506473414,505.289864793956,12.054590034175,80.1550891323633,96.5985817235299,76.933923355807,43.7963002882111,7.47408978169539,7.40430129266812,1.12559232917168,5.70716613958079,4793.27349019604,62.3037703150524,804.033248805127,7.10820321370816,1.0000354,1,150,
4327,114.517931902881,96.3372558622758,82.8993648757413,510.332264829513,12.1771721817782,78.3538319517823,96.3736646879281,77.7039581032624,43.7586408667158,7.47667871515659,7.40439949938586,0.683071609376974,5.31722905557623,4606.25515787763,59.2795434147162,810.951044280859,7.11190060602307,1.0000354,1,150,
4328,108.928540486391,91.2620915564403,78.2042814777811,544.024485515291,12.627010744888,73.0938427531706,95.5004833216969,78.8906794736429,44.0167217766415,7.47999482862048,7.40157922326868,0.162699879743705,4.75062498705316,4544.32915405945,57.6028649313091,796.583725222021,7.11570784196315,1.0000354,1,150,
4329,96.7545278296109,80.0124399771516,67.6378533035948,624.241075254874,13.6396379686355,60.8544162589996,92.6122089991731,83.089757178472,44.1835246642031,7.494078297674,7.39968812424785,-0.294242697192991,3.63543501224074,4535.77943916011,54.5889119571925,795.62053604336,7.12477719594655,1.0000354,1,150,
4330,86.8643368220207,71.7067160601861,60.5032572362213,714.591926079558,14.8228407190943,55.0330454744472,90.9022115829621,90.7843238088444,44.3040978239533,7.51390653044992,7.39828264091673,-0.675026564146326,2.50211778491946,4486.80010987152,49.4226307101096,781.630624709591,7.13818857482272,1.0000354,0.999718162661328,150,
4331,73.4198548943955,59.4887796014007,49.1918978631002,835.562727270119,16.3880834205299,51.0282725656965,89.7981299914888,84.93890681086,44.8924813578163,7.54237591537161,7.39235144536463,-1.00224577144085,1.60991393116149,3858.21236323767,45.4233814408401,743.899433880368,7.15773556364299,1.0000354,0.988834025556574,150,
4332,50.9111813333841,38.1349044172404,28.6915693053081,924.131157380529,16.4373277603865,44.8134585354018,87.8458262846585,73.9285258644768,45.2041295889226,7.59656951619962,7.38852219114203,-1.2141503021544,0.594871055313011,3079.71965252422,41.6580692839711,597.853423104339,7.18418292366721,1.0000354,0.819011322278413,150,
4333,56.8723599759821,45.4735395107744,37.0483243843165,1149.2994888458,20.1494956788925,47.7478373422855,89.3603348763716,93.5218711598514,49.6045911623012,7.58509471848322,7.34507168895704,-1.38909462966746,0.233793438842353,3475.90519531803,37.1667627284411,634.504717849846,7.1916183256176,1.0000354,0.86047554270032,150,
4334,59.8581484170832,47.8630667986467,38.9971369067589,344.291956666521,10.2002549305744,169.900391244964,100.754335967527,82.7518368379075,56.7332271343947,7.59626542373301,7.27929280285322,-1.1739990772571,0.531249489023778,3236.50044945166,39.1109197466063,480.660695288157,7.25993943802379,1.0000354,0.995532444133233,150,
4335,54.7149668841263,42.7681583057352,33.9379084869244,1340.11966973384,24.4986860256244,61.956961662986,94.571137664761,80.6962210957717,77.1110346983274,7.57813931067696,7.13582261908945,-1.23086749634159,0.37069250844389,3143.40199566349,38.9535216516874,468.304158900888,7.18729268508104,1.0000354,0.984583680113073,150,
4336,54.9515433907329,43.2934451750737,34.6765899721952,0,20.7449637273,75.7707022890498,91.4936554277979,80.4975609160818,92.7999107515654,7.09628039447794,7.04109200897413,-1.25044308970082,0.303951644694277,3059.88604447434,38.0121585008551,487.132247090164,7.08971047808827,1.0000354,0.998628043059761,150,
4337,6.00938505820445E-06,6.00938505820445E-06,6.00938505820445E-06,0,0,4.28570075448884,56.5115346093246,0,0.721800261173828,9.15464114142147,9.14485988407144,-3.95114350126846E-07,0.299682985889712,0,0,0.000101982889951375,7.01475886891731,1.68590515372455E-07,0,150,
4338,3.9820287154221E-13,3.9820287154221E-13,3.9820287154221E-13,0,0,0.438659667883978,41.0164819435107,0,0.00475809166252067,11.3353025571253,11.3257332953217,-1.23943770358181E-07,0.299676009627925,0,0,6.78763696528911E-12,7.01523882737995,0,0,150,
4339,2.38921722925326E-13,2.38921722925326E-13,2.38921722925326E-13,0,0,0.145469945733813,84.520560714602,0,3.20489332151449E-05,13.5070030666489,13.4974352024565,0.993012178239776,0.299673443204638,0,0,0,7.01476504237798,0,0,150,
4340,0.00855336881388554,0.00855336881388554,0.00855336881388554,0,0,0.000344775376220855,0.0497444654052705,0,2.15845720841134E-07,15.6788704856966,15.6693026309181,0.202495354505642,0.299672499070273,0,0,0.147045115834516,7.01387795053251,0,0,150,
4341,0.000205466198096985,0.000205466198096985,0.000205466198096985,0,0,0.00044308785759518,8.10293949837504,0,1.45401941072043E-09,17.8505445501324,17.8409766954173,0.00547538034223916,0.299672151742651,0,0,0.00354698483970712,7.01291607693642,0,0,150,
4342,0.00617065877520557,0.00617065877520557,0.00617065877520557,0,0,8.98279147433927E-05,18.2699909887029,0,9.79245758173941E-12,20.0224291511065,20.0128612963918,0.166675430274246,0.299672023967959,0,0,0.106952706922207,7.01187919472808,0,0,150,
4343,0.00331636234493783,0.00331636234493783,0.00331636234493783,0,0,1.3304112547248E-05,21.5914795425944,0,6.59465661458701E-14,22.194355766286,22.1847879115713,0.0884583101589027,0.299671976962277,0,0,0.0577053051298757,7.0109072120168,0,0,150,
4344,0.00373736256039997,0.00373736256039997,0.00373736256039997,0,0,4.03732386098026E-06,63.84551923879,0,4.4418706568162E-16,24.3661359138357,24.356568059121,0.106279377281228,0.299671959669853,0,0,0.0652779752304559,7.00998938758438,0,0,150,
4345,0.00104266030945099,0.00104266030945099,0.00104266030945099,0,0,3.100658474688E-07,32.4525209257485,0,2.99167788954581E-18,26.5379656569363,26.5283978022217,0.0278626982691659,0.299671953308326,0,0,0.0182791183057372,7.00908463208005,0,0,150,
4346,0.00230161706805797,0.00230161706805797,0.00230161706805797,0,0,4.32104692465913E-08,33.9798345311687,0,2.01501396301291E-20,28.7097667909672,28.7001989362525,0.0604338984062536,0.299671950968051,0,0,0.0404964113889814,7.00819654722659,0,0,150,
4347,0.00225776828016113,0.00225776828016113,0.00225776828016113,0,0,4.98959232611196E-09,26.3559243971963,0,1.35713330372237E-22,30.8816054850119,30.8720376302972,0.0571726054666168,0.299671950107111,0,0,0.0398653687702404,7.00733542643446,0,0,150,
4348,0.00842322250791774,0.00842322250791774,0.00842322250791774,0,0,1.81963146634853E-09,77.8029096976917,0,9.14061698393073E-25,33.0534270693521,33.0438592146374,0.467503120876289,0.299671949790389,0,0,0,7.00650855896585,0,0,150,
4349,0.0154129800446388,0.0154129800446388,0.0154129800446388,0,0,9.475106779517E-11,28.0794043962951,0,6.15588271885728E-27,35.2253250080871,35.2157571533725,0.362225009131351,0.299671949673874,0,0,0.273982973876783,7.00576937194935,0,0,150,
4350,0.00388113711355693,0.00388113711355693,0.00388113711355693,0,0,2.68398225476265E-11,68.1449846487369,0,4.14613976373105E-29,37.3971453971902,37.3875775424755,0.105005087968882,0.299671949631011,0,0,0.0692175000550897,7.00508982700661,0,0,150,
4351,0.021023763929277,0.021023763929277,0.021023763929277,0,0,9.20425345460604E-13,8.3570246832927,0,2.79252876551927E-31,39.5689655524081,39.5593976976934,0.393588246319127,0.299671949615242,0,0,0.376125919075114,7.00439774592607,0,0,150,
4352,0.0114597331149262,0.0114597331149262,0.0114597331149262,0,0,2.70567005379162E-13,35.2399272530698,0,1.8810036012477E-33,41.7407091997055,41.7311413449909,0.282414784937945,0.299671949609441,0,0,0.205662034595681,7.00376831047598,0,0,150,
4353,0.0428675491373786,0.0428675491373786,0.0428675491373786,0,0,1.21843732488227E-13,89.6506300034268,0,1.26694615704297E-35,43.9124997272173,43.9029318725027,1.9682587039885,0.299671949607307,0,0,0,7.00312640265224,0,0,150,
4354,0.000631853171394803,0.000631853171394803,0.000631853171394803,0,0,1.20784369765545E-15,2.08226692692297,0,8.53467619591851E-38,46.0841695390552,46.0746016843405,0.0140269347912478,0.299671949606522,0,0,0.011408493256958,7.00254289743162,0,0,150,
4355,0.0166574973375649,0.0166574973375649,0.0166574973375649,0,0,2.26640269439605E-15,90.0175635654079,0,5.7496306740208E-40,48.2557913294008,48.2462234746861,2.02260131648063,0.299671949606233,0,0,0,7.00178753970967,0,0,150,
4356,0.0106177428138848,0.0106177428138848,0.0106177428138848,0,0,4.31044147866142E-17,9.01620079058237,0,3.87293361149939E-42,50.4275187123895,50.4179508576749,0.234157929305046,0.299671949606127,0,0,0.192828651534074,7.00130456473793,0,0,150,
4357,0.01416593563882,0.01416593563882,0.01416593563882,0,0,1.60547487277215E-17,50.4846247970086,0,2.6088513521771E-44,52.5992277389567,52.589659884242,0.348898071387432,0.299671949606088,0,0,0.257989679778925,7.0007478879091,0,0,150,
4358,0.00228984993969773,0.00228984993969773,0.00228984993969773,0,0,6.98176464116796E-19,6.98374977520535,0,1.75740268374425E-46,54.7709114272856,54.7613435725709,0.0500528096401047,0.299671949606073,0,0,0.0418178957251534,7.00028089852331,0,0,150,
4359,0.0160992078284163,0.0160992078284163,0.0160992078284163,0,0,2.00981340451309E-19,29.9287757487086,0,1.18387553558745E-48,56.9425694961327,56.9330016414181,0.368432205794589,0.299671949606068,0,0,0.294805216548258,6.9996915537005,0,0,150,
4360,0.0729997601212579,0.0729997601212579,0.0729997601212579,0,0,1.09318767044029E-19,91.3043710846972,0,7.9748226100546E-51,59.114267115816,59.1046992611013,2.25711505021816,0.299671949606066,0,0,0,6.99924565555831,0,0,150,
