4320,124.369918637362,103.752511536371,88.5135584617247,515.782238146078,11.7301317619204,91.0023603424047,97.7384268416331,75.1420022876464,42.5924861085803,7.45189519418795,7.38053955019212,2.80018059440228,6.94363646264359,5051.39850627944,67.2246992692915,759.659061501888,7.07905298067746,1.0000354,1,0,
4321,125.938224419473,105.603698086899,90.5738307976051,511.594590084595,11.6999532292115,92.4154333456818,97.9094840452198,75.9630522538129,42.6293694158276,7.45193427324446,7.38009959801474,2.73298063478728,6.96422601295173,5036.52841995351,66.3023439753989,764.899042397988,7.07949012405284,1.0000354,1,37.5,
4322,125.471724015569,105.165282060622,90.1561727895741,511.179674982711,11.7132237212239,92.5085553820341,97.9229963485813,75.5736035925227,42.7037341357059,7.45123097348816,7.37928170177613,2.63855603221932,6.96162984356097,5003.78668380582,66.2107726235368,756.267461561537,7.07911826415273,1.0000354,1,37.5,
4323,124.999649206197,104.549877053645,89.4348280713238,511.761164630841,11.7372155546514,91.5492639989914,97.8210235691784,75.1470566502343,42.7396402804954,7.45146544979081,7.37885696696925,2.55174999658182,6.92482632396261,5010.66387164524,66.6781121576984,754.483753923328,7.07876938991241,1.0000354,1,37.5,
4324,124.335081019251,104.099800801145,89.1432893355884,515.70667140745,11.799844160049,89.7703337904053,97.6179547291229,75.2563936144638,42.6962553569843,7.45188753613944,7.37924008824143,2.44801774672356,6.83831595602325,4965.32233679874,65.9787441082539,752.537700594379,7.07874568522333,1.0000354,1,37.5,
4325,123.97306559613,103.693210705689,88.7037527431888,518.147664337864,11.8430625321221,88.830218841096,97.5055071181237,75.2822812595202,42.622609717766,7.4515323694074,7.37993258693811,2.35240590064583,6.75621792615752,4977.97184307548,66.1240833804564,757.319927505105,7.07928282752422,1.0000354,1,37.5,
4326,123.561453891678,103.514405213268,88.6970214074861,519.600882578183,11.8737161881472,87.7499959359187,97.3856873079363,75.5729650588622,42.5986224993951,7.45359325144888,7.38012158148555,2.24169557810186,6.65217240830946,4939.82687385291,65.3650001691131,754.393420438151,7.08008975179895,1.0000354,1,37.5,
4327,123.162014668239,103.339468027183,88.6880205098805,520.114382976158,11.8928498281371,87.2449434211334,97.3300023843521,75.9734641069587,42.544015765627,7.45427344953614,7.38062373749527,2.12376903952424,6.54212556622657,4910.39240277417,64.6329933812299,760.301306802247,7.08090094646563,1.0000354,1,37.5,
4328,122.823947881282,103.219315924197,88.728935782003,520.351859018365,11.9082559225525,86.7958700820436,97.2823102492176,76.4170782144283,42.500030777881,7.45518519517319,7.3810186372444,1.9999423377512,6.42973198459817,4884.76802163489,63.9224651841321,755.740673880636,7.08222195496426,1.0000354,1,37.5,
4329,122.873371903413,103.273326160105,88.7863358280952,519.177641932505,11.9073991133174,86.7061720466226,97.2802426638059,76.8509507516351,42.4631182110313,7.45580009368146,7.38134232460846,1.87722401802642,6.3115461267592,4911.35301652848,63.907511468542,754.359641476822,7.0830397207616,1.0000354,1,37.5,
4330,123.314368432008,104.037691949695,89.7897136801594,524.191155209789,11.9739258221029,85.2786105310975,97.101968166456,77.2104185789454,42.4134768111981,7.4573990552371,7.3817981396557,1.75529889376766,6.16982992311734,4852.91726517561,62.8531402172576,757.72131273576,7.08415670157337,1.0000354,1,37.5,
4331,122.80263905897,103.818127074759,89.7860964777335,523.159573945205,11.973993498371,85.2874645384703,97.1093929264893,77.5247648833692,42.3790214984114,7.45742183755601,7.38209899844446,1.63099156300184,6.03800201589983,4798.82283918504,61.9005145827214,753.31643420162,7.08527985742951,1.0000354,1,37.5,
4332,122.056107380759,103.346095985596,89.5169571283016,518.347398275342,11.9325996445774,85.9121287181579,97.2052872549033,77.8825915457752,42.3797236105311,7.45807210007191,7.38203925925214,1.51143749942914,5.91031099237802,4751.26515594791,61.0054835316487,758.096985260803,7.08579002918111,1.0000354,1,37.5,
4333,122.798259805914,104.261573875199,90.5605451438008,533.887672702661,12.1082910227935,82.9281036894432,96.793183837948,78.8227901276525,42.3000887681129,7.45923524840612,7.38280342737693,1.35426713304685,5.71659363547715,4764.07639578502,60.4403420390177,763.489583772565,7.08642811683865,1.0000354,1,37.5,
4334,121.723193427189,103.508110990491,90.0447891894541,515.522950475318,11.9228609785146,85.7864110718852,97.2138263498937,78.9816301146224,42.3441137663463,7.46030886220937,7.38229988117112,1.23508510815339,5.56971410045805,4690.85550948567,59.3917282117126,751.076398705987,7.0887330745244,1.0000354,1,37.5,
4335,120.885925152434,102.951627197501,89.6958417525499,516.612920981246,11.9454735529603,85.5081905744313,97.1791929935346,79.1254501866568,42.334606938111,7.45994451503625,7.38234485979207,1.13674614767468,5.45428956936754,4626.9562853885,58.4762080275502,749.765776767401,7.0882305791624,1.0000354,1,37.5,
4336,120.756064205887,102.870632802094,89.6509661123335,519.936345381868,11.9917673017463,84.7732529446144,97.0822939188657,79.5043413635237,42.2847344667758,7.45977779641889,7.3828037106468,1.03360496042892,5.33529406084936,4636.44471677345,58.3168747423979,751.08992630387,7.08799422445278,1.0000354,1,37.5,
4337,120.288577111284,102.688585471094,89.6798959979096,521.544019688605,12.018737909163,84.1652301448658,97.0119482154326,79.8928277336861,42.3043603364422,7.46119118714253,7.38254983254127,0.925385743286894,5.2119203328972,4584.74384475955,57.3861756407257,758.29106364385,7.08857527261219,1.0000354,1,37.5,
4338,119.706923247338,102.090228945301,89.0691940264046,516.934713567709,11.9795937202665,84.7268906987829,97.1003383978692,80.1420249912529,42.2953790224628,7.4617704957817,7.38258930737692,0.836780386195055,5.12366839369882,4603.40888590934,57.4406360010467,750.989072449419,7.08984307806718,1.0000354,1,37.5,
4339,119.97783131391,102.685799136511,89.9047318749555,526.047014001006,12.0864094717348,82.7840666427443,96.8381868094301,80.6411596284334,42.2219027581604,7.46329887847924,7.38329200219104,0.720172540568656,4.98613524628471,4546.71383494099,56.3820492648007,754.660205987341,7.09051028691387,1.0000354,1,37.5,
4340,119.411114695804,102.356838935573,89.7515046780121,524.035466157587,12.0747714470746,82.9729266159922,96.8715983258968,80.9087669347273,42.1978761772157,7.46325700660953,7.38348677266826,0.628643266274706,4.88731866506566,4499.07968557504,55.606825515023,750.068117890315,7.09163459146284,1.0000354,1,37.5,
4341,118.881155113573,101.987390519531,89.5006949500212,520.286262076489,12.0444657420697,83.4137763617224,96.9428750367607,81.0907941054192,42.1873862431524,7.46345234906086,7.38354203544606,0.56405866427405,4.82115588956572,4466.76200515176,55.0834660632982,748.068154751905,7.0919039799508,1.0000354,1,37.5,
4342,118.613410804175,101.706475114817,89.2100443878991,523.60499205498,12.0895791669082,82.6675463957168,96.8446159578549,81.7687705936872,42.1504414541038,7.46413962786784,7.3838698122156,0.451702823122901,4.72510761252874,4507.61889309855,55.1264114694486,754.714137171143,7.09249154520166,1.0000354,1,37.5,
4343,118.720184539549,102.215884889094,90.0170547126709,533.532972168359,12.2059471795868,80.6326527980992,96.5611877714661,82.3144697056433,42.0883902891006,7.46697056495395,7.38445749454765,0.321774053698699,4.58175169614584,4429.63667687435,53.8135845704253,755.788476774194,7.09381487372837,1.0000354,1,37.5,
4344,117.959099520296,101.755362407649,89.7786871504748,529.89032490456,12.1765342608713,80.8165787193544,96.6088351984846,82.6553509454724,42.0573984100619,7.46856613478539,7.38472514754691,0.240557325168924,4.47658002961436,4366.97780384205,52.8335764580195,757.011026055133,7.09623039969534,1.0000354,1,37.5,
4345,117.440199233184,101.256658187446,89.2949104579881,527.113012792295,12.1563061855391,81.0838899519144,96.6559044506788,83.1961617777463,41.9838284951347,7.46849478214899,7.38543306583002,0.147057989235667,4.38136664302343,4390.07223333432,52.7677255720299,750.743128817798,7.09749639995983,1.0000354,1,37.5,
4346,117.342825157774,101.516810325252,89.8193211012147,537.466978317072,12.2780217761885,79.2771874452829,96.3869185283787,83.7039760222349,41.9237441502346,7.4700650504107,7.38600320100199,0.0533642542928749,4.26020896353885,4319.29113562584,51.6019828553721,752.73839584033,7.09792552489355,1.0000354,1,37.5,
4347,116.407540504291,100.889245169287,89.4192007912405,534.116381722643,12.251435454647,79.4905392873078,96.4384450462773,84.1070836550434,41.9187532086599,7.47130876136568,7.38600326619554,-0.0410497245747776,4.15720014948851,4255.70395524376,50.5986389053518,753.644097125748,7.09986174591474,1.0000354,1,37.5,
4348,116.206037918096,100.790300216962,89.3960593074292,544.541223064474,12.3747371506947,77.7652157659894,96.167091803399,84.689339429984,41.8152679048013,7.47260094292266,7.38702553576969,-0.12434846581978,4.04125363272058,4256.84541510858,50.2642415652312,761.775862094011,7.10062843989798,1.0000354,1,37.5,
4349,115.244470695079,100.152074396366,88.9968249581875,549.334093936264,12.4370431501713,76.7381534438709,96.0200644854731,85.3420532080766,41.8203463579066,7.47554590191566,7.38692219820471,-0.213834702817454,3.93006549660577,4199.67912274946,49.2099611490483,751.120142300651,7.10301881632778,1.0000354,1,37.5,
4350,114.726170105657,99.755287631342,88.6898527590223,557.162371240666,12.5328012387311,75.3667908203359,95.7977744213324,86.1473710465062,41.7284752600804,7.47780537799308,7.38782760367648,-0.300853139124483,3.8080896469958,4205.17671918191,48.8137556387155,754.639923168117,7.10509879255173,1.0000354,1,37.5,
4351,112.817596285571,98.0456795018742,87.1273062269677,567.814002470138,12.6597842510446,73.7204020463763,95.5163513735921,87.2030781169232,41.737234380869,7.48069408351136,7.38768812599719,-0.436972294282355,3.59565496006213,4200.13731657182,48.1650121448719,756.106700634886,7.10788484030031,1.0000354,1,37.5,
4352,110.010731475605,95.6830867272162,85.0930884349285,589.132149348648,12.9061396163095,70.6291211745547,94.9240307627337,88.9817912325345,41.6562923044715,7.4853128583313,7.38848528276023,-0.548364319479507,3.28946835406043,4156.91142213795,46.7164277607625,750.510495600217,7.1115165127879,1.0000354,1,37.5,
4353,108.043162717694,93.9825188749607,83.5898690781578,594.913691675485,12.9796603265565,69.4662448954248,94.7199722445224,91.3515318386273,41.5587131428559,7.48980239509291,7.38946109136097,-0.637640241686163,3.05078838650596,4188.08862824509,45.8458500251902,749.307524371326,7.11573034492943,1.0000354,1,37.5,
4354,106.930665805259,93.1620201756649,82.9851951450951,596.314581274489,13.0031475851216,69.2198021618174,94.683140069119,93.8725502086937,41.4987950508721,7.49094265823547,7.39004823889198,-0.716158461339621,2.86442216688644,4214.29235696588,44.8937665760313,746.261638249134,7.11883979263706,1.0000354,1,37.5,
4355,105.546610204733,92.2667970712566,82.4512830160786,590.926656786713,12.9489982111623,70.0338116594961,94.8734804471172,96.0618462094365,41.5964179371374,7.49080254891481,7.38899146126969,-0.839483670893637,2.61526236273293,4159.46730274233,43.2998892575284,737.166454739802,7.11950204388942,1.0000354,1,37.5,
4356,100.038435656556,87.0318905764939,77.4183572564482,596.928680015241,13.0222262163055,69.516070631148,94.7599094616597,94.6880780876235,41.971085282073,7.49071381867594,7.38506380721773,-0.909225392975067,2.29076508245376,4015.61505576626,42.408876987135,731.867529489246,7.11842125815743,1.0000354,1,37.5,
4357,92.8193241775206,79.7377988385778,70.0688453271854,610.020782611827,13.1767209886948,67.7940287219526,94.3818799299853,92.8968010677949,42.2339040923617,7.49279523055269,7.38232329674246,-0.942079964547216,1.98372894178833,3962.36033630075,42.6533560979034,709.747295046816,7.11739793760522,1.0000354,1,37.5,
4358,82.7778108837798,69.6166708798418,59.8888717464964,618.904933495956,13.2855630597503,66.3569188077843,94.0594952483868,88.8364574608244,42.4934792467642,7.49540581313028,7.37963828549723,-0.955644514987547,1.61605988698737,3812.23410710827,42.9129460592168,691.687933982282,7.11674028356301,1.0000354,0.99997137271068,37.5,
4359,62.5472739103583,48.8752554714501,38.7698505383441,586.293497013349,12.8303911249681,69.0256974915035,94.7369462195156,72.6310654124989,43.3705949593426,7.49650641254012,7.37074902342005,-0.888748960782871,1.15903685048507,3237.79890558065,44.5787059186312,604.465436618766,7.1138667302491,1.0000354,0.987811993101438,37.5,
4360,55.9477698916816,42.6305143371719,32.787325449056,601.484358701591,12.5058889301072,62.86415311292,93.1437514367601,73.3660594115879,43.396577205992,7.49811152111908,7.3704678890145,-0.895041009520275,0.825911941562023,3185.69906965702,43.4219732558493,581.100562575434,7.10620446050393,1.0000354,0.922989133868567,37.5,
