4320,118.949138627242,96.6356484783605,80.1430688031004,494.631947366557,11.4891599323915,88.2102420164652,97.4540969875992,72.8055716655305,44.4838333084674,7.46639744725181,7.40477821173192,3.37619699186909,7.30572157090788,5296.96305005707,72.7549132419613,789.669990321775,7.07621686073573,1.0000354,1,0,
4321,118.204900251058,95.9899891817378,79.5702723044145,484.406077038841,11.3987553458284,89.9384747790973,97.6766760426579,72.6895380543445,44.4875169086249,7.46500787568845,7.40459440691374,3.27145185144783,7.27148942570666,5265.15680384999,72.4334882952981,789.508934391068,7.07613892555977,1.0000354,1,75,
4322,117.850910151603,95.7123405986309,79.3490500594773,485.269216920947,11.4501406965129,89.3764080373129,97.6219318940645,72.8740851864028,44.5266932479998,7.46458387617959,7.40406930837722,3.16183402908717,7.23164874682686,5260.38455404819,72.1845706960544,793.188256320077,7.07580796463961,1.0000354,1,75,
4323,117.99702003664,95.9387442093522,79.6348012065743,494.107779828719,11.6019704926793,87.0246979190008,97.3466668144599,73.0600341461487,44.5032131036649,7.46551000311638,7.40416094654522,2.89461003955674,7.09252968447805,5254.67978391779,71.9227666032344,797.156842658266,7.07625149168863,1.0000354,1,75,
4324,116.853344863024,95.1478472944488,79.1046534394147,495.599740408142,11.6568737670815,86.0464797866785,97.2429814111224,73.4231404721261,44.4569457565782,7.46704667851871,7.40447788476825,2.59773720939882,6.84472843838112,5196.33957402776,70.7725049706974,795.833956408933,7.07788930214053,1.0000354,1,75,
4325,115.892417392029,94.5741151310412,78.8171091120498,502.365777479319,11.7750309451184,84.1715087415026,97.016850605526,74.082807366551,44.3226008075045,7.46940849204806,7.40565661575582,2.34275433679255,6.55067711697513,5149.49770373207,69.5100238069152,793.329973230596,7.08027681658265,1.0000354,1,75,
4326,115.778531144301,94.833362929727,79.3521516406938,503.82891891758,11.8258071563545,83.1888726883956,96.9097052407438,74.9097241837513,44.1850397393727,7.47179125474083,7.40686776856495,2.16414256099433,6.35283133060804,5115.83904637869,68.2933905060135,789.702894290784,7.08252367196469,1.0000354,1,75,
4327,116.443976488046,95.771434407333,80.4917293911542,504.795932123055,11.8689828884839,82.5599554176831,96.8400825511431,75.6012604323262,44.0627460773413,7.47252760303652,7.40792861768012,1.99174111543203,6.20504418948117,5095.86298644544,67.4044712654884,793.680662738705,7.08449954342641,1.0000354,1,75,
4328,116.654936310087,96.5282837194307,81.6520622393801,492.814023180356,11.7558510979028,83.7521128437741,97.0370165382094,76.0536660567493,44.0310144326777,7.4737715596657,7.40809845546813,1.78981359212526,6.04990200149505,4990.98799643412,65.6245550702313,795.347865705718,7.0866273800438,1.0000354,1,75,
4329,116.702246306111,96.9203420916527,82.2989346287921,494.338269172816,11.805468481591,83.3516462772724,96.990936493546,76.4029749872138,44.0015795849749,7.47299536958386,7.40824827036089,1.5741506242549,5.89062802424827,4928.02821703052,64.5004755096936,798.190202157918,7.08758929008937,1.0000354,1,75,
4330,116.663219851972,97.2722503952419,82.9397947098327,497.69345727211,11.8757602669847,82.4149142871561,96.8809125743395,76.7371825094197,44.0076547801256,7.47422591152592,7.40805014583111,1.35273528510739,5.71745068273749,4851.76987443165,63.2258015706542,799.905821996928,7.08873263951987,1.0000354,1,75,
4331,116.528919480883,97.5647548943764,83.547763678263,501.765835557331,11.9518032301146,81.2450141650327,96.7373206088753,77.0864203119595,43.9597526318839,7.47604594475623,7.4083867168032,1.12342036516423,5.53328175083768,4766.57483912165,61.8341702706118,799.541092685593,7.09024828734532,1.0000354,1,75,
4332,115.740151508128,97.1781254052342,83.458366981356,500.547680689736,11.9660948906696,80.8124725358503,96.7060126801928,77.4685140611175,43.9474223667086,7.47833835927568,7.40837402126868,0.849746581639077,5.28978362764961,4688.62421859774,60.5229656902768,799.836422229786,7.09266388897534,1.0000354,1,75,
4333,115.038936500102,96.9664813646546,83.6085797428022,511.210066491594,12.1108455391579,78.7490348001296,96.4144358394038,78.0716732357378,43.9107153738918,7.48026179361023,7.4086048565061,0.668711029494133,5.09161100105395,4600.50454698191,58.9266805271442,805.554894793909,7.09442086401018,1.0000354,1,75,
4334,111.444336857014,93.748859595956,80.6695937943043,540.174278752521,12.4598581878358,74.2698186171701,95.6836915038219,78.9442988008405,43.9908694812611,7.48479927208299,7.40768544314277,0.358934256350314,4.68880576968678,4554.8897946553,57.6975141187372,802.188505205997,7.09788883576763,1.0000354,1,75,
4335,104.107709614865,87.0009667420351,74.3568524447259,584.837358982125,12.9935273160637,67.4945740365602,94.3505803073786,81.4017001152619,43.9028713412348,7.49551458698076,7.40843430109459,0.0942101854002577,3.96609901481992,4540.41578448713,55.7778987178162,791.097127636054,7.10503265030365,1.0000354,1,75,
4336,101.272984559876,84.8577972922858,72.7248327901536,589.694257035197,13.0769418775646,66.4654896887783,94.1577772552251,85.488260878942,43.756404869328,7.49877803837588,7.40977568276098,-0.0588601219672391,3.52248484260236,4575.59045613298,53.5230265429352,779.251416864508,7.11146980908359,1.0000354,1,75,
4337,100.004082241228,84.189592758138,72.5006222706366,597.735668938504,13.1939273240618,65.6761094267664,93.9694165072287,89.5850936657143,43.9604353141459,7.49844135909541,7.40765803770465,-0.210852896007014,3.26996642534159,4619.40192048746,51.5644035348638,779.342998534269,7.11391896163303,1.0000354,1,75,
4338,97.6331706803585,82.5551657328444,71.4105533803341,627.608223926552,13.5637208938214,62.1313036946231,92.9880427230624,93.5373952116585,44.46738222521,7.4993617806627,7.40259449314339,-0.453097319185169,2.85072017171216,4598.58242179871,49.1630370013291,787.077119806522,7.11456610957417,1.0000354,1,75,
4339,93.7677383677203,79.6224790524165,69.1672873845832,635.374906072651,13.6750209968955,61.4348115409315,92.8125474906256,98.1157529207188,44.9723588247649,7.50082610979491,7.39762040135865,-0.655847394680015,2.30591800755772,4525.26978753777,46.1217455182182,779.811600878805,7.11589154178865,1.0000354,1,75,
4340,88.7373965254494,75.1935000399593,65.1827939419883,637.614330270134,13.7199182789398,61.9372340332152,92.9572691058718,98.3458394748362,45.856380205212,7.49880109959981,7.38910803228246,-0.811003911518632,1.89089647829555,4343.04610070168,44.1609540768924,753.141008806471,7.11441246468251,1.0000354,1,75,
4341,73.4031682451267,59.8149054133162,49.7714067984998,650.698503459568,13.8816735544173,59.6290476843292,92.2799395658,85.6525059729841,47.07687671925,7.50223883680005,7.3776531378708,-0.866136383582992,1.39675436565457,3794.88687509654,44.3056140855178,697.064906773724,7.11125600628933,1.0000354,0.998071265688981,75,
4342,55.6353412688143,42.0774404399113,32.0563833055048,732.802045334634,14.2477719717186,53.3279824272864,90.3438105295594,72.752359870622,48.0738488554478,7.52824291643165,7.36824073736135,-0.874831463335874,0.897057831530504,3216.13566171262,44.2066163548782,610.276381361726,7.11205256643508,1.0000354,0.911473905321015,75,
4343,53.7014524752185,40.7747455552254,31.2202230491435,720.391992025463,14.0472373663426,54.2019600642182,90.4612096593723,74.2300969297225,50.8975211400556,7.51303251150946,7.34206629808857,-1.03436931874672,0.671130523839236,3128.69156822924,42.1485583023196,596.004071493676,7.11199584309437,1.0000354,0.900134374290195,75,
4344,63.6583258729742,52.0821454704624,43.5258382164319,1389.24491504074,23.7634646380706,50.4756423988498,91.0219884834139,99.5515988520982,53.8691992693842,7.61870805793082,7.31436005686114,-1.31799454467506,0.411210260169496,3757.58096638379,37.7450589414075,635.174528862804,7.13426738055601,1.0000354,0.952074906908094,75,
4345,84.2092783325778,74.2699170717986,66.9234326616576,1773.0279254173,30.4645089409825,64.7122175035047,96.3448691325135,137.576129518616,51.8152983857676,7.72123602997095,7.32573110852078,-1.52387972897373,0.406472994025509,4458.57816457449,32.4080796586968,614.7147337469,7.22819930159278,1.0000354,0.996584013546147,75,
4346,65.3224094606139,51.7337714356446,41.6899955041455,298.30552196396,9.12766681169187,204.53051352212,101.264398697161,77.1063519398174,51.3274025004302,7.58795508011492,7.32219467706849,-0.877928388441502,1.10104981777632,3416.33860042749,44.3068374327187,500.904555240271,7.29050756401703,1.0000354,0.998859736648305,75,
4347,56.526546458039,43.8912483872393,34.5521150305612,982.395403751799,18.20011790538,63.8815359222215,93.8354533631171,75.6261350298314,63.0484679227646,7.5034482958452,7.22507927462275,-1.04682196780593,0.617091869035967,3115.67549833108,41.198396521283,525.866913135831,7.16883198698219,1.0000354,0.968150523588386,75,
4348,54.0567334459831,41.6949038261148,32.557899324473,1375.3010868943,24.1253498060869,54.3979951860158,92.4092098214245,75.6061540125429,74.6255790423285,7.59907171557473,7.1420858850716,-1.12893118105566,0.488184344177284,3047.43689954128,40.3067308388113,489.265443541529,7.15913813744451,1.0000354,0.980077858106157,75,
4349,54.6479503529488,42.4756119864522,33.4786662373025,578.012270149248,27.0509703456132,57.8689186972946,92.602748458003,76.2060488238621,74.9991971351921,7.53501616975031,7.12779154338542,-1.14013130696091,0.407280847642832,3024.5326891561,39.6888795028177,488.305775180256,7.17312305774824,1.0000354,0.978176478154197,75,
4350,54.5864405219909,42.551406984328,33.655947413012,0,17.796086485618,51.9009238478299,73.5360501082241,76.8969976606348,99.8386295967793,7.0195420990332,6.98886346062998,-1.13088568448727,0.406902998617754,3017.52940063959,39.2411861638172,644.098803350742,6.97774450015623,1.0000354,1,75,
4351,96.9147165227313,88.6775241226237,82.5891645225441,0,5.92337785329869,22.276002983339,18.8892462626058,174.211400106206,136.617483538555,6.84057036297641,6.83447014018423,-1.71195465872386,0.710310069747574,4678.97368784267,26.8580224083509,1410.47993913324,6.69976486220904,0.718346146590527,0.207321881419794,75,
4352,0.244980246409414,0.244980246409414,0.244980246409414,0,0,1.8883967211318,1.836585697132,0,6.52582298532527,8.17968298828082,8.14523601891681,0.00220021809722581,5.01680084836024,0,0,4.11451017059523,6.62907861590534,7.13550764344643E-06,0,75,
4353,7.41772309108828E-10,7.41772309108828E-10,7.41772309108828E-10,0,0,0.420107947468524,8.05931374506472,0,0.0365620143280752,10.4257006957582,10.3968679378768,-0.00141013678230051,4.96738049344208,0,0,1.25114610213629E-08,6.63013039452914,0,0,75,
4354,3.9820287154221E-13,3.9820287154221E-13,3.9820287154221E-13,0,0,0.0540831917252566,7.25370085696695,0,0.000246022715635249,12.5978138888543,12.5690127550148,-0.000441220832753775,4.94446483042298,0,0,6.74465629575546E-12,6.62946837195176,0,0,75,
4355,0.00323603838266603,0.00323603838266603,0.00323603838266603,0,0,0.00956948227364443,12.6697169241187,0,1.65638946429927E-06,14.7699634471528,14.7411625261158,0.668491209989795,4.93603462911604,0,0,0,6.62811660444013,0,0,75,
4356,0.00660247891059214,0.00660247891059214,0.00660247891059214,0,0,0.000452450251169403,1.27783729051073,0,1.11487474948043E-08,16.9423637740133,16.913562854409,0.207238673410565,4.93293333137028,0,0,0.112733785163824,6.62656391319785,0,0,75,
4357,0.00335351927631684,0.00335351927631684,0.00335351927631684,0,0,7.80026793964762E-05,2.21320507718425,0,7.5054261299386E-11,19.1145928132601,19.0857918936654,0.0967756308125796,4.93179242768873,0,0,0.0574820306509275,6.62509158774265,0,0,75,
4358,0.0024684284937986,0.0024684284937986,0.0024684284937986,0,0,1.36700002918119E-05,3.94742999597679,0,5.05326027708132E-13,21.2867277776865,21.2579268580919,0.0731154623498882,4.93142519219623,0,0,0.0424713427353075,6.62364961207932,0,0,75,
4358.85565901139,0.00276234446383459,0.00276234446383459,0.00276234446383459,0,0,1.87082466127186E-06,2.12845578679517,0,7.00268554813785E-15,23.1453019340214,23.1165010144267,0.0760817071939774,4.93189264885279,0,0,0.0476789847672296,6.62244941211684,0,0,75,
