4320,115.365997730378,93.4671165410955,77.2809869664087,496.795394767576,11.4915929506168,90.8148160456925,97.7364986121725,72.1782890646702,43.6322244782794,7.4589275849015,7.39387795233894,3.27127696206556,7.09903060898807,5153.74981559222,71.4030476806478,752.990776203121,7.09549209061867,1.0000354,1,0,
4321,114.839194771688,92.9477953296928,76.7671957421314,492.315430708905,11.4763590993004,91.8282856915078,97.8628035425656,72.0406708760982,43.6820120351213,7.45762528346306,7.39325768142254,3.18512752009646,7.10105963055671,5142.16603734775,71.3786528472465,755.920880771716,7.09487333430433,1.0000354,1,75,
4322,115.245891718588,93.2689192153534,77.0250699738321,497.789393327358,11.5854508370197,89.511431726465,97.6049089365577,72.0970880751777,43.6908556372369,7.45787052318144,7.39304999624261,3.03115881410488,7.04283080382209,5166.30939099472,71.6576706344598,763.263043383523,7.09488789503948,1.0000354,1,75,
4323,114.336939478492,92.6208775666621,76.5698752840052,496.109608273284,11.601124748317,89.1567725587973,97.5786724608718,72.198473024548,43.6991521901461,7.45833970189873,7.39285180549786,2.82470411260396,6.93327439974404,5112.1537311804,70.8069508539638,758.102441759421,7.09567333708314,1.0000354,1,75,
4324,113.861465580566,92.2620344543162,76.2972375349145,504.782974732265,11.7437485148805,86.7446799179042,97.2905108394907,72.4559590563564,43.6489322790944,7.45924079565749,7.39323817363752,2.59470481429439,6.77375229223899,5102.83169199971,70.4266668809217,757.05899313753,7.09593025673833,1.0000354,1,75,
4325,112.756937425663,91.5816865913885,75.93041423562,503.955653802715,11.7674348510767,86.1385528958437,97.2344828263834,72.8679827535972,43.606842844247,7.46072236575702,7.39354627478973,2.35422112784216,6.58651202275766,5031.06736054542,69.0435932274666,759.020586863762,7.09736582698099,1.0000354,1,75,
4326,110.69973992664,90.0701150912432,74.8221315172546,510.505203857889,11.877290278937,84.1357942981347,96.989969652481,73.2742751419717,43.5063922007226,7.46329347796508,7.39443788392956,1.97758003454157,6.13212737385497,4928.7601303389,67.2645361661953,747.593340129317,7.09957602274587,1.0000354,1,75,
4327,107.825646503926,87.955407985072,73.2687099493976,517.41135258315,11.9853941955158,81.8692137695636,96.7065109143378,74.1598629290309,43.3289507217047,7.46800015709758,7.3961004832256,1.66143663733701,5.56969488970802,4804.70602354931,64.7884965503144,741.390350185003,7.10270704221137,1.0000354,1,75,
4328,106.030836401897,86.8083832934136,72.6004831697523,499.167269710154,11.8078348621895,84.105304661987,97.0546375305133,75.5343894103603,43.1844056234666,7.46849584942952,7.3974358017368,1.4058753160102,5.09787475928758,4734.2191165435,62.6763405847318,735.840545988358,7.1047648302439,1.0000354,1,75,
4329,108.424487923874,89.8429194175283,76.1087166084898,490.202777514079,11.7293210487389,85.4534211596734,97.2497464755528,77.3611164893026,43.1848782385106,7.46786644236288,7.39731441720203,1.17368285055971,4.86671039335688,4687.05361567102,60.5866852544603,751.693566934107,7.10601714637815,1.0000354,1,75,
4330,111.105898732856,93.2298125048435,80.0170531189213,484.73945166158,11.6911026257981,86.3192975743236,97.37524711323,78.5749585785212,43.2653257178955,7.46762430232747,7.39639340364815,0.955130259293232,4.7297980384883,4579.85178406574,58.2864040518585,762.163297301315,7.10688778899308,1.0000354,1,75,
4331,112.517123600032,95.2964619025892,82.5681467349143,487.400435141253,11.7543975159439,86.1056907148233,97.3505580043919,78.9051281541357,43.3903966371411,7.46590430909307,7.39503055264472,0.775012293271541,4.63699443222658,4430.47087840829,56.1493401259507,762.564033700713,7.10726354194641,1.0000354,1,75,
4332,113.468065266049,96.3966890969021,83.778715406663,486.890756372963,11.7767376228895,85.8218556966994,97.3339408118279,78.8818674026662,43.5112869347717,7.46703287538849,7.39371561046126,0.633799547742071,4.58334111687843,4390.76847267253,55.6625827613726,772.384763239702,7.10807321394078,1.0000354,1,75,
4333,113.604800388693,96.9863605916459,84.703165959046,481.72871547483,11.7399725250668,86.4048348533509,97.4246798757374,78.5336234076475,43.6430131706772,7.46762246110936,7.39229868067761,0.464599253342245,4.51772096755664,4255.40309737734,54.1857476165166,766.226626335754,7.10953787114395,1.0000354,1,75,
4334,112.860056724323,96.4608744060389,84.3397396490461,491.619724275819,11.8889077679844,84.5637546407847,97.2005528780213,78.2865965753335,43.8461817882037,7.46798912206532,7.39018071964399,0.317944762134319,4.4547483637988,4186.05016808537,53.4708411299657,764.180229447989,7.10985113944392,1.0000354,1,75,
4335,109.401118521597,93.0266422376235,80.9237684625124,531.17904873099,12.3543764431717,78.0497509593598,96.257163653391,78.3517054644147,44.1106973829155,7.47103993833624,7.3874727791294,0.0399476552718654,4.22818967987606,4183.21989561931,53.3902851357744,760.09581055428,7.11034083792194,1.0000354,1,75,
4336,104.292625286764,88.1930180125923,76.2933082882043,594.08609605683,13.0908236245802,68.5338636388424,94.4831137975333,80.1268436391652,44.11513796449,7.4838266524848,7.38733887527583,-0.174463681999477,3.79739696344935,4206.18276225147,52.4940528194666,771.506266956265,7.11688200422183,1.0000354,1,75,
4337,98.7623378438817,83.3884110585895,72.0250738694605,623.251154128602,13.4536028762989,63.6202062876319,93.3362727326296,83.7357758643234,43.9236561519567,7.49393228396024,7.38914617674147,-0.379716761772399,3.19462336983621,4197.49974959411,50.1279137413774,755.590125907211,7.12750886116443,1.0000354,1,75,
4338,98.0757866588847,83.4024809044595,72.5569940424931,633.139908215786,13.5934768381273,62.0066568242355,92.9121644208504,88.5170502690911,43.8414834014637,7.49658875424373,7.38988805056799,-0.547719138367629,2.85282233698649,4234.9639918512,47.8434830236315,766.739464111202,7.13430855520584,1.0000354,1,75,
4339,96.4238549885388,82.5110333262534,72.2276434019555,641.632617560264,13.7144661498392,61.2518921855428,92.6965891673634,92.8666203560018,44.2893948549964,7.49676906362762,7.38541147840134,-0.753896106878441,2.49975018849096,4212.78873809712,45.3638640229127,762.98357188244,7.13755208855753,1.0000354,1,75,
4340,89.3595634364444,75.9264588900836,65.9976424862517,660.058009116707,13.9526596597879,59.0810557167123,92.0333171224232,91.576592609866,45.0823766583556,7.49979828892709,7.37765175470701,-0.931190279407864,2.0265545185742,4011.02802767983,43.7997081281195,747.420567845544,7.13930679832779,1.0000354,1,75,
4341,77.2769178403232,63.9767074259182,54.1461171196188,777.152914361472,15.3717153481451,53.7715870947246,90.4279702232632,84.859972488893,45.730696658891,7.52418156417211,7.37140771381239,-0.994930121876278,1.55341086054483,3680.07118999065,43.3663962178673,724.047092110961,7.14389405510382,1.0000354,0.995703593236397,75,
4342,58.9136094832353,45.9468448400466,36.3627144516028,852.522897965478,15.9681144899056,50.2976037169487,89.6094295816661,73.1805036976558,45.5913511854738,7.55928437627511,7.37250151685329,-1.06183552515459,0.896135025775799,3094.01093469681,42.2791697018057,638.883719650181,7.16186523894179,1.0000354,0.943431420102177,75,
4343,58.1271444705099,45.7193490993629,36.5483699119934,759.653155781322,14.6479571295908,52.4254144729383,90.3447895372387,76.085268257694,46.5175028644475,7.54457091684096,7.36265241711285,-1.17250508732984,0.664647771398836,3078.15170773595,40.4566058347921,634.598719524572,7.1753066568688,1.0000354,0.918676616316641,75,
4344,62.5879655827402,51.0019829387219,42.438430549665,1011.09418549292,18.1918783173492,52.5537798868602,90.621057297778,86.9095383504687,50.1826496975169,7.55289050059389,7.32718035874736,-1.29758283329594,0.483077081299648,3283.18336247507,37.7770199311773,639.495863973719,7.1669046704187,1.0000354,0.944730302556187,75,
4345,85.9100037148761,75.9143933559787,68.5263335254893,1595.37122363956,27.3816006819808,64.7987864646489,95.956823843944,126.985925175952,51.9149815139573,7.67595550514173,7.30773092493413,-1.50292364504086,0.558905057754028,4138.65979008802,32.5914843267352,609.878193597088,7.21491732071743,1.0000354,0.998523439021096,75,
4346,104.161361491207,94.6055779922681,87.5426075800092,1814.52677326055,31.1833608181619,88.2599814514743,98.8308279392255,145.942534935693,49.073165300001,7.73842123432373,7.32535355587689,-1.50492980676008,1.02887659687223,4547.18903187397,31.1573937911769,614.345923169263,7.29001823608379,1.0000354,1,75,
4347,63.5671345201393,50.9469989795067,41.6190727103434,746.490360403229,15.1620692896798,78.5207877825808,96.4584569307979,75.6017928138237,54.5892590482304,7.46232857622521,7.2716143118913,-1.00425402834829,0.87404606291642,3110.93498838029,41.1489578830657,527.843343689117,7.22695254987702,1.0000354,0.988010203967087,75,
4348,60.897143891107,48.4199633365265,39.1976994483583,1291.80927322927,22.7877007974668,56.6488588900312,92.6158724519951,75.8096363193299,69.6970327496724,7.56552309941336,7.15707689623086,-1.12277483189152,0.733977936167994,3084.15143796527,40.68284175608,506.740421899353,7.1798007792561,1.0000354,0.989538207135493,75,
4349,59.5165665076458,47.3713427372969,38.3944382113869,1376.74664565384,24.1868520449417,54.2306199168724,92.3968837404743,76.9102593408116,71.2720712851776,7.59922557129465,7.13697329529385,-1.15064930179733,0.60720725688419,3045.68243315926,39.6004702007694,488.98779005984,7.19298596588206,1.0000354,0.99021215993889,75,
4350,61.1659481183237,49.2948122975481,40.5204945169748,1.11764360743242,34.5570692912295,71.6923366273176,93.7427440975568,77.3703927219668,72.9910485044754,7.33471009340832,7.11396105184748,-1.12956432776396,0.578239778927537,2994.75912501107,38.7067845935957,480.868001845432,7.18346435448368,1.0000354,0.992412535948717,75,
4351,59.3155883572586,47.2034881569343,38.2510662697381,0,23.8048376602674,41.4504225952759,58.6137543639331,79.7913636174197,100.987076796346,6.97790867112805,6.95835072086504,-1.13968986122271,0.585534796728201,3151.15788713743,39.4924681604198,732.774281081914,6.95794249483784,1.0000354,0.988616314378929,75,
4352,115.604987280926,107.401964876378,101.338861359973,0,0,19.6348151401807,14.052930328952,187.024006733987,138.349189951081,6.81253239926612,6.80321006510375,-1.78089273820559,1.19735535834764,5002.25787215631,26.746608414134,1696.4182769378,6.69468488187044,0.642193636957527,0.131873579523211,75,
4353,0.0219590617946458,0.0219590617946458,0.0219590617946458,0,0,1.85795376698615,3.74225316244284,0,2.75039865516686,8.49470695552206,8.49399190447262,-0.00189665599481126,7.45552988388534,0,0,0.362435803430498,6.61221322401673,7.20096855820492E-06,0,75,
4354,4.54827319875512E-10,4.54827319875512E-10,4.54827319875512E-10,0,0,0.286219741273105,6.08216625412856,0,0.0170725597626712,10.7017941854436,10.701135334784,-0.000584137319806111,7.44953239924648,0,0,7.54313030113946E-09,6.61271264508546,0,0,75,
4354.01884494027,2.91803064266131E-10,2.91803064266131E-10,2.91803064266131E-10,0,0,0.281454212925441,6.36277892063693,0,0.0155366809564658,10.7427328428769,10.7420740237989,-0.00056780721049865,7.44804279851672,0,0,4.83987995983804E-09,6.612709799817,0,0,75,
