4320,118.731079066455,97.127764020267,81.1600963774327,507.72941814049,11.6571666045952,90.0002738826624,97.6364554749251,73.4551355610969,43.1490786272774,7.45527243400337,7.38780756517511,3.17454334956582,7.09876570601946,5174.13058624381,70.4393307114679,770.911810134288,7.07012104724788,1.0000354,1,0,
4321,117.556574917982,96.0261237558907,80.1123120273886,499.23895339395,11.5932907533131,91.9005971553797,97.8696332642225,73.1431711338018,43.1707060135453,7.45410906552503,7.3874469619857,3.09977028402951,7.09231385118222,5134.77877574348,70.2017522093806,768.003459526511,7.06976988785665,1.0000354,1,75,
4322,117.176585835406,95.7028935138686,79.8310339718625,500.192072930929,11.644112494504,90.9212306581806,97.7683524893426,73.3848422265059,43.182733048084,7.45364533484411,7.38718830406253,2.96105239461012,7.05120685965263,5138.16341757633,70.0166854855003,771.243775529468,7.0692936838521,1.0000354,1,75,
4323,117.093245013671,95.8037194570875,80.0679831761345,499.95120492438,11.6778309553123,90.2177719991397,97.7004128692568,73.7179730273661,43.1866482739117,7.45387346971104,7.3870160177936,2.76111152512264,6.96028312819589,5117.22119571528,69.416195068408,774.301588322168,7.06969586232573,1.0000354,1,75,
4324,116.825628763777,95.8120040874281,80.2801945440396,503.648170856556,11.758127605564,88.6095532292943,97.5220734856248,74.1788261049748,43.1814349210351,7.45454280207519,7.3869393219963,2.53645379226951,6.82168562196336,5082.48082735885,68.5165982563047,774.537824659723,7.07046925997532,1.0000354,1,75,
4325,117.089532727451,96.2196113373388,80.794017266386,516.342768693106,11.9385790098233,85.1916216820178,97.1023035455245,74.8032665419189,43.1291788053622,7.45709661518347,7.38733930126966,2.30709271395973,6.63468205572906,5090.21584110412,68.0480422369205,775.037262380693,7.07201901764748,1.0000354,1,75,
4326,117.379843558931,96.8055744320296,81.5985059469288,519.02281664468,11.998044039253,84.0242847660726,96.9614408103185,75.5012969839306,43.0077234981433,7.45826866137614,7.38844024521007,2.11360637493415,6.47775425837097,5064.93236412842,67.084044466235,784.581356835823,7.07409257866874,1.0000354,1,75,
4327,117.412034781606,97.192885371657,82.2482966773469,517.975652880075,12.016094444534,83.5530337059737,96.9186751457826,76.0951364836832,42.9340225872702,7.45951233727456,7.38906351491617,1.90010151514192,6.30456327205495,5016.65925444177,65.9261483224683,780.80824001552,7.07676989257548,1.0000354,1,75,
4328,117.196622104799,97.374263652867,82.7229552318737,518.508550737157,12.0506780658962,82.8709806994882,96.844015698017,76.6594425632509,42.8804910706638,7.46071612019605,7.38948536551251,1.67608108005194,6.11770448838572,4954.68220513305,64.6323797755899,778.768998142575,7.07850628545465,1.0000354,1,75,
4329,116.707958336929,97.3110810299603,82.9742586726356,519.857038691782,12.0940226237872,82.0863351002882,96.7533941975709,77.248574128734,42.8391378994484,7.46203010236967,7.38978555528522,1.44810309046869,5.92003407551774,4885.59106004649,63.2450645872725,785.806761640386,7.07997208164674,1.0000354,1,75,
4330,115.954802935266,97.001846475681,82.9931395272924,521.420560564598,12.1399015631158,81.2831758421499,96.6589343378982,77.9036673301293,42.7949579349644,7.46345729867871,7.39011549999234,1.21962802055428,5.71436771420959,4814.26164155696,61.7976252793819,778.416680674547,7.08200365871528,1.0000354,1,75,
4331,115.56266401582,97.0506441358022,83.3678468331802,529.517163210608,12.2576316178501,79.411587912446,96.3975966453929,78.5825770717485,42.7038216649008,7.46575263526284,7.39092363490382,0.925224892627837,5.42070657540051,4743.2377836935,60.359916414586,785.964553473322,7.08373862903323,1.0000354,1,75,
4332,113.407626523994,95.710376416565,82.6298002502048,532.897875630605,12.3249109624746,78.0903100677675,96.2309818172939,79.4894083027901,42.6368471437211,7.4698611886811,7.39148714664644,0.606376615814004,4.99367435836809,4586.80074691382,57.7032946256416,773.973307670059,7.08728048841423,1.0000354,1,75,
4333,111.840741225974,94.5665165770209,81.7986114017074,538.260067238823,12.4152177072056,76.4832803727594,96.0113185209107,80.8339083345695,42.497075722164,7.47434910395715,7.39279368270489,0.375415441588562,4.61144773670218,4552.88795360326,56.3239863988633,777.551077471772,7.09117379371228,1.0000354,1,75,
4334,111.842537485164,95.1506531485165,82.8131734214296,539.720304878538,12.4627101354736,75.5765805822089,95.8920379445312,82.1772057615061,42.2662345812737,7.47685906994945,7.39504042250812,0.218725414147457,4.38301234363546,4472.51245260441,54.4252193921571,774.341759752494,7.0946142164143,1.0000354,1,75,
4335,110.781226176502,94.6419352530615,82.7128941357355,531.298263010442,12.3986646577211,76.2940570083356,96.0506849579605,83.1450542887799,42.2623412143568,7.47779793638886,7.39496378749873,0.0305484866600323,4.18483782639771,4375.37915156929,52.6234445210979,775.127504985327,7.0975663149708,1.0000354,1,75,
4336,105.741707549745,89.9253285238847,78.234961417814,573.935395716618,12.9133586273994,70.3381850954445,94.937704898818,84.644026863364,42.4031023430834,7.48231647450259,7.39340701922764,-0.237254522753617,3.72372643480773,4365.14025025568,51.5705645396818,777.703748780734,7.0996649516693,1.0000354,1,75,
4337,98.3277882506739,83.1354703809711,71.906365868582,593.036659408347,13.1643742278901,67.036596505554,94.2788332173683,88.14737760534,42.3738085979236,7.49021493837256,7.39360209468476,-0.455095135999783,3.03826436486884,4366.44764103821,49.5357633960252,755.078014117012,7.10595810595076,1.0000354,1,75,
4338,95.3103196947071,80.7548027763402,69.9963772279821,606.062360863622,13.344964101004,65.2984074196615,93.8592358659829,92.9924469806179,42.3432929779993,7.49079522093832,7.39382198576104,-0.592676944896798,2.64804865414262,4413.36788958414,47.4594231346983,751.207164995133,7.10924485093675,1.0000354,1,75,
4339,89.6331601885707,76.0839553242617,66.0693256419464,612.794858481961,13.44930280427,64.6370678541896,93.7178669809474,96.8066253207634,42.7853539499542,7.49198912353779,7.38923105679861,-0.835575641849546,2.06099813891576,4276.74850217458,44.1782624691627,740.761586635188,7.1105011081061,1.0000354,1,75,
4340,68.971586717174,55.1559216061395,44.9443430458096,600.732926386269,13.2957980250858,65.3752315372618,93.9683172130966,81.0346621577632,43.7724551553483,7.49405632186802,7.37925861033736,-0.879054296771378,1.38748831208323,3650.37469370054,45.0470773431963,661.126939176317,7.10771279909046,1.0000354,0.99542656462074,75,
4341,50.3007150250841,36.7791560229083,26.7849602386913,575.273217311309,11.8276964815414,58.6017363319609,91.8436263006746,72.0862235897717,44.4304675320662,7.49074479516165,7.37271245080577,-0.865143948128363,0.773734621826967,3178.14614315864,44.0881209320221,548.233845501144,7.09392312277307,1.0000354,0.842866658466796,75,
4342,48.7224776127413,35.6636178032937,26.0114170745715,654.70495644577,12.4060573442916,53.9218301627271,89.993835386153,73.5093667700592,46.4053301845725,7.49155711900055,7.35357287635937,-1.01922255970099,0.563757047840086,3129.98865187354,42.579453332312,538.896653756945,7.08283040187789,1.0000354,0.788164058746878,75,
4343,47.4324840342412,34.8852407166516,25.6111913079984,709.562081328959,13.0696052685016,52.3590784002015,89.2795462587752,75.5261267230274,49.1908279916624,7.49053544434857,7.32735342899054,-1.15435936559336,0.368715394767327,3089.87104482222,40.9112869795843,530.584987696833,7.07825129692622,1.0000354,0.779552587699889,75,
4344,49.4262160602962,37.2882791857956,28.3167606263821,910.110257275215,15.9838176462502,52.3181824388382,89.4622649799245,84.9354362188303,52.6497447141248,7.49717340394474,7.29583618265966,-1.24402662014378,0.246260294847337,3361.46518707261,39.5767106960165,555.085688550505,7.07456454106366,1.0000354,0.810896267461481,75,
4345,65.6620573090983,55.0328397231368,47.1764615074261,1509.94667085105,26.1763405757256,58.9582032593991,94.2372857222204,123.481882820535,54.1649430665249,7.62995911671304,7.27965998046257,-1.45550015166233,0.113196023453504,4279.56238810603,34.6574111955017,585.721935218349,7.1294427823142,1.0000354,0.978670534217136,75,
4346,80.9246699337071,70.9726751646052,63.6168529439647,1784.93795412627,31.0870991169303,75.1093904386376,97.6517503332943,147.664899938229,52.0784148509092,7.70092497721345,7.29072609556681,-1.51559423428229,0.276717015992348,4791.61853537589,32.4492722196021,574.611365740038,7.21116271658476,1.0000354,0.998778485103728,75,
4347,89.1358088365,78.9436772769903,71.4103626460483,1828.23755312068,31.9736237125348,78.8126088523448,98.0938162729051,153.321184139732,48.9448827403445,7.71498094581882,7.30986992099818,-1.46367831809565,0.563140180643893,5095.20905100144,33.2322573660652,581.907240062757,7.26863226044642,1.0000354,0.999825166360865,75,
4348,52.3458392268058,39.416273173483,29.8596373949401,863.542517182169,16.5653399718329,70.8920288483799,95.1927313985999,78.8367510396492,56.0182184326876,7.46832270946651,7.24354914936135,-0.974775903351886,0.531777668890151,3323.5903478205,42.1578807344429,497.547844348596,7.18417784655988,1.0000354,0.947948401466029,75,
4349,49.3460695641462,36.7873784233552,27.5048675801619,1400.63179776482,24.5097110129772,58.2361676417453,93.4058957065282,79.1639293764148,72.6006706168196,7.57471782158883,7.12224736367971,-1.07765912240872,0.379854350702609,3241.65314873088,40.9486135196399,462.460677228753,7.14778836818042,1.0000354,0.95101356938319,75,
4350,48.972122255968,36.6235273621309,27.4963050492948,1454.71000380255,25.5390005261171,57.0934496788719,93.4943930340894,80.1959016266633,73.7433299451348,7.60046862233573,7.10490388620168,-1.10443192005983,0.295499735642001,3228.97393718913,40.2635779596444,448.764152216863,7.16083463770279,1.0000354,0.95788392819012,75,
4351,49.0055681053683,36.7246884392859,27.6475165121816,1492.63391572284,26.2698243438963,59.805735468239,94.3830801368104,80.5186077043327,74.3708985226992,7.60679128118874,7.08849835762634,-1.09344189338907,0.283581866518383,3224.18946283005,40.0427870619596,439.857889683125,7.17203470172095,1.0000354,0.958276423197226,75,
4352,49.5597872727439,37.2610422121188,28.1706654281786,1265.22542122055,27.9034515571446,60.0180678458072,94.3963219147258,80.4208845516339,74.616139823117,7.59949893879006,7.0722262195215,-1.08205386052334,0.295222508610886,3224.96099604683,40.1010386049193,437.181730831159,7.18191531849402,1.0000354,0.961605211937873,75,
4353,52.1245145051292,39.879143508777,30.8282171201688,0,16.3616414786094,68.4845716285554,87.080588958936,80.6543325508531,85.4958518821639,7.03975256653272,6.99598744420863,-1.08611170212853,0.350843936144113,3220.28619824479,39.9270082139032,485.850021150827,7.06940836241552,1.0000354,0.987057238607487,75,
4354,7.22249068982538,7.22249068982538,7.22249068982538,0,0,14.8595948956694,29.0784118048834,0,27.4894005475702,7.47517965072671,7.47083509468489,3.8660558119557,0.171326421009982,0,0,24.7158075603043,6.82360454231587,0.0286800907333255,0.110757746745002,75,
4355,1.26308198760554E-07,1.26308198760554E-07,1.26308198760554E-07,0,0,0.301968439255112,1.38937098642795,0,0.0998974453853081,9.91299818836802,9.91064851130959,0.00330829229425555,0.168618640469076,0,0,2.1592386404746E-06,6.82787629290457,0,0,75,
4355.26403272469,5.6943010630536E-11,5.6943010630536E-11,5.6943010630536E-11,0,0,0.317389440525558,5.06131802504093,0,0.026623131542193,10.4872510585479,10.484906730638,-1.67405980904256E-05,0.167948082833267,0,0,9.74566772787285E-10,6.82805774681331,0,0,75,
