4320,115.998181109721,93.6044639088416,77.052585977757,492.140224447444,11.4427539261725,89.3185228907707,97.5774390912454,72.0970998125683,44.3160138367307,7.46406002792226,7.40210469671788,3.49374144304362,7.34625960217297,5264.2778841321,73.0164999399103,776.313720532884,7.0864591647381,1.0000354,1,0,
4321,115.716759982827,93.3540431960926,76.8250786145933,484.034030206239,11.3792382105564,90.6723940154645,97.7519525727267,72.0244803736696,44.3116739488462,7.46321463407885,7.40200771946228,3.40808514050647,7.33671371839556,5251.69528127817,72.9154206185437,778.848030092238,7.08659340439927,1.0000354,1,75,
4322,116.176741458549,93.6884628533767,77.0666917104233,488.084762540291,11.4721085695523,89.3125222140679,97.6011132697137,72.0803846348207,44.3328859108985,7.46266072043235,7.40166608850742,3.28968531101773,7.29656243563064,5285.28158467576,73.3248249361108,788.080196464637,7.08632440045581,1.0000354,1,75,
4323,115.673975827032,93.3622409394016,76.8709586311527,488.403999662865,11.5137491298766,88.7123462182402,97.5430074086799,72.1468891152009,44.3664058086791,7.46282459346056,7.40120907234916,3.10973808614619,7.22189864938729,5248.62774939877,72.7491900727417,786.577277972562,7.08703592688025,1.0000354,1,75,
4324,114.751732196868,92.6918780976698,76.3867685460883,486.216225842434,11.5213366040025,88.632839662567,97.5478536360735,72.3279118697611,44.3605270721385,7.4628577510929,7.40114116392029,2.89701678683509,7.11190499554363,5202.39572962789,71.9279126846037,782.186197472023,7.08752667649033,1.0000354,1,75,
4325,113.74428996424,92.0258112522968,75.9730226391211,500.55810868563,11.7374005145695,85.2076671957759,97.1318940626404,72.6358622244395,44.3178920878049,7.46550533701698,7.4014359660036,2.55094171239432,6.84875147677163,5143.69630966104,70.8148310233779,775.832973490431,7.08818991584959,1.0000354,1,75,
4326,111.489867968726,90.3897569743301,74.7940227610806,516.509752327782,11.9559813638272,81.6891708619386,96.6672673785441,73.2830079687359,44.1526861083718,7.46993293906147,7.40293467464695,2.16531836978055,6.35812474854277,5041.76789696025,68.7985937901345,781.389643689673,7.09126509315317,1.0000354,1,75,
4327,110.327006333131,89.6971260871423,74.4489537314114,515.264582699272,11.9731509857249,80.9188252824502,96.5900554854737,74.5466823810445,43.8620551650997,7.47300964063125,7.40567564208433,1.90242635566187,5.91412712141588,5014.41009456749,67.2653689527911,773.205535443921,7.09517065217153,1.0000354,1,75,
4328,111.760543505812,91.8801000418645,77.1858592206861,510.233582690086,11.9477866696203,80.8711635827553,96.620621960945,75.9595096174044,43.6395116175915,7.47549595342584,7.40775503109701,1.70646653865343,5.68348552237353,4923.82990633785,64.8217705872296,784.074055315298,7.09838906741915,1.0000354,1,75,
4329,112.991247849878,93.7115889400686,79.461406267601,499.092983636311,11.8490675772424,82.2476769195626,96.839234649845,76.8699429712464,43.5649495161384,7.47452747619629,7.40836984031016,1.50809611000752,5.51509887430152,4832.26482141095,62.8628646598384,783.263386434062,7.10096877892279,1.0000354,1,75,
4330,113.979851420631,95.0219494460022,81.009587116929,487.536556937093,11.7375789101852,83.776020076434,97.0696153036155,77.2335229234769,43.6518707551275,7.47395028011204,7.40737928347098,1.28899322702756,5.35994508991116,4774.0937181888,61.8137505253901,783.78730275254,7.10177494942146,1.0000354,1,75,
4331,114.047273684268,95.6649134097965,82.077951467796,485.728136261415,11.7447008753126,83.9045310656649,97.1011492525933,77.3349481897547,43.7701435781791,7.47379554254762,7.40608148462773,1.06134291024112,5.20850052923429,4635.23646223958,59.9371509355153,790.599711906727,7.10227358827968,1.0000354,1,75,
4332,114.301143330427,96.1994704767777,82.8199731501676,490.238486887558,11.8298890461354,82.8970105606514,96.9813079591255,77.4622433941766,43.8249930676636,7.47467104167619,7.40541691862833,0.89630077982648,5.09083780904841,4571.97244164104,59.021947226289,796.791621871611,7.10278228847002,1.0000354,1,75,
4333,114.543198901357,96.7720043393019,83.6367735760434,494.93518117448,11.9141137500903,81.6704553874359,96.8349519162943,77.4775631657027,43.8828221291566,7.47682385868039,7.40472622882302,0.70445601529335,4.969289327958,4489.39063327012,57.9443964140764,799.818506161774,7.10419999711329,1.0000354,1,75,
4334,112.439403925273,94.982336543854,82.0792867401962,509.95735829291,12.1071303242871,79.2679659704232,96.487574754957,77.6124454191502,44.0607118568167,7.47750230295292,7.40285499840387,0.460766535379402,4.78933362083216,4417.71278815873,56.9201597024889,780.270828207877,7.10594786148712,1.0000354,1,75,
4335,107.017846144623,89.8740918780643,77.2026213332166,562.733064826954,12.7222447421863,71.4037792171333,95.1297778822772,78.7989311165311,44.2141032251191,7.486036500411,7.40123763988933,0.156531103139544,4.32111607519643,4404.74814353423,55.898577317252,788.66969236948,7.10863489571316,1.0000354,1,75,
4336,103.849256612677,86.911712187326,74.392657612067,593.436941335508,13.0987425411793,66.5812674167842,94.11834877538,81.9968513051104,44.0317747672835,7.49426983517053,7.40293189318263,0.0159246655544325,3.9558259102556,4528.37563232722,55.2262136929762,790.903639441332,7.11670472037059,1.0000354,1,75,
4337,102.883043143892,86.5486534932107,74.4754089687944,607.516682534337,13.2856090067299,64.5741650713378,93.6255044433992,85.5359833301232,44.0048510057008,7.49601022474329,7.40310708727745,-0.138443580213439,3.70690731044314,4555.61050193864,53.2595794726112,783.792349190963,7.12244181588879,1.0000354,1,75,
4338,102.289571876856,86.4267449908739,74.7020468577565,628.099786681169,13.5467886269533,61.9536379807754,92.8827876895848,88.9926604677143,44.256143289061,7.4969072719444,7.40055422455971,-0.335019792962438,3.44378034598234,4602.8794072346,51.7220114899754,791.447229468104,7.12493554399021,1.0000354,1,75,
4339,99.4573763117403,84.288721022948,73.0771062442754,679.445280525927,14.1742755987177,57.491983405262,91.4026000793103,92.7603142272676,44.7877399093501,7.49993455067619,7.39529992774778,-0.5729011874759,3.02924583356433,4587.79617375237,49.4586096648189,807.238636463936,7.12787875525268,1.0000354,1,75,
4340,95.1638689758357,81.2372590060081,70.9436777239616,752.891220515087,15.086948212052,54.5184634039083,90.5721270618373,98.3184106480208,45.0175907800783,7.51818200325599,7.39301922984516,-0.81288911411945,2.3908419151562,4464.52319848139,45.408821898722,807.438730372632,7.13801871257787,1.0000354,1,75,
4341,86.7804200593387,73.327624391869,63.3842536811305,731.935185807965,14.8485919209645,55.0491785739278,90.8901797056104,94.802041213964,45.4327858941128,7.5216468578236,7.38898299068572,-0.969855056341249,1.87441456749542,4158.38844992864,43.8639125980774,763.574316841147,7.1466659688662,1.0000354,0.999524489050156,75,
4342,62.6477931354172,49.1181903672663,39.1180491908068,716.944403064381,14.5221130081888,54.5105390216865,91.0745885800822,73.72514059516,46.2788762426497,7.54076990406613,7.38086439790875,-0.972899156871257,1.14707570173441,3252.33652862839,44.1143482721538,657.945768881851,7.15220560460279,1.0000354,0.977248284330562,75,
4343,57.6467777655492,44.743221638704,35.2058105884272,751.045753522994,14.5083115268203,52.5451734233304,90.2804733571091,75.5190373094053,46.9692665804621,7.54104195952408,7.37360973752369,-1.04916655840672,0.772716675862821,3177.317991955,42.0730732959077,636.952994333009,7.15396974983975,1.0000354,0.915260512946384,75,
4344,58.8685875165885,46.5619172376835,37.4656826837103,928.31379346029,16.9341649028292,51.6569987511652,89.8513683116312,82.2253587209696,50.5235270299427,7.53788641856342,7.33969741187229,-1.21633661382076,0.595457920863876,3299.4470539095,40.1268794108411,636.162381524929,7.14794351935578,1.0000354,0.926737863169505,75,
4345,78.5534934004795,68.314125623805,60.7458972671325,1511.75067241615,25.9744256018666,57.8206296381607,94.2746334023811,122.163653516327,52.3479065867164,7.66450140208127,7.31984766982581,-1.47921993333004,0.427288173566186,4078.58930898603,33.3862748173369,627.574006500198,7.20051883374589,1.0000354,0.990278166750852,75,
4346,99.2872368016306,89.4925491665113,82.2529974362057,1784.56787630947,30.672773511949,87.2237952361076,98.7486061319956,146.628062554525,49.8050872470109,7.7337274034548,7.33460399358533,-1.49328462145262,0.858106565464585,4682.76655816008,31.9363597702776,617.872634919316,7.27429396447654,1.0000354,1,75,
4347,64.148575853829,51.1745916230173,41.5851250176348,490.935037035459,12.1228360279178,114.4667990671,99.7447828197413,76.7302963444813,50.0172913063106,7.46209149866511,7.32444546484861,-0.916313866032013,0.924910620947988,3245.89945473385,42.3027097427248,521.277146460341,7.2744271082268,1.0000354,0.995398308340373,75,
4348,59.9606898095107,47.3659536505117,38.0568008373386,1106.34687627351,20.0195629192989,61.2678359969311,93.4008513403636,76.3871006533811,65.7469244587738,7.5242144105288,7.19722002392075,-1.06996482705533,0.730694443271802,3136.92345935475,41.0661411746606,522.518213286137,7.17445712703646,1.0000354,0.982827576235882,75,
4349,57.9246890657044,45.593758538895,36.4795924973403,1390.76299466346,24.3828258487046,53.4874571583907,92.0763609550489,77.180283437706,72.8430205555229,7.59818685445911,7.14219477270704,-1.142175089762,0.589046343750275,3103.10907761514,40.2059818829213,499.864134776558,7.17700392031223,1.0000354,0.987778831503547,75,
4350,58.5267212808776,46.4790836207144,37.5743079588546,325.858308415184,29.4337872083858,61.4124700866304,92.8413688592954,78.2008048938078,73.533135720214,7.47759039911317,7.12522198726324,-1.14132136259365,0.513326294913229,3071.90614162093,39.2822829099061,493.285652962363,7.18547188965286,1.0000354,0.987380359980097,75,
4351,2.70088828253957,2.70088828253957,2.70088828253957,0,0,2.1319183635959,1.82512239015595,0,8.44588396464391,8.06656934420008,8.05355414862259,0.175473267072002,0.521039513072544,0,0,45.179739104786,7.03765447406632,0.000206854310600475,0.118249889227669,75,
4352,2.24116540161387E-09,2.24116540161387E-09,2.24116540161387E-09,0,0,3.45044930616635,90.1504760824159,0,0.045114104368783,10.3359785651592,10.3256347708286,2.43348236200414,0.520527647041199,0,0,0,7.04070640439492,0,0,75,
4353,0.00889654895295431,0.00889654895295431,0.00889654895295431,0,0,0.0968479437150261,19.7197829016976,0,0.000303514843158237,12.5081489474594,12.4978194468144,0.282196693706875,0.520339342051658,0,0,0.150092791773128,7.04115763495523,0,0,75,
4354,0.00400233556908783,0.00400233556908783,0.00400233556908783,0,0,0.0139053935601808,21.9705867538081,0,2.04384398106215E-06,14.6801367390249,14.6698073345448,0.110071250917577,0.520270068517334,0,0,0.0678015364664494,7.04075683984322,0,0,75,
4355,0.00419711278329327,0.00419711278329327,0.00419711278329327,0,0,0.00274208210943651,40.1170120647108,0,1.37621561763968E-08,16.8521868179041,16.8418574140716,0.108737972297027,0.520244584208239,0,0,0.071387144853202,7.04000801062296,0,0,75,
4355.11625114841,0.00277598099635126,0.00277598099635126,0.00277598099635126,0,0,0.00303984235596257,59.1784935998185,0,7.69538264078585E-09,17.1046631869899,17.0943337831593,0.0706710774111641,0.520242956499925,0,0,0.0472377325982197,7.03991616593352,0,0,75,
