4320,116.370602723519,93.7909427815026,77.1016289113169,486.693602991273,11.3971362050236,90.493721607056,97.7223429911551,71.9266448240507,44.4020693298123,7.46293355739188,7.40195179400001,3.58892805240166,7.72121156191725,5295.43962490229,73.6227810689094,783.090052657996,7.09689597195615,1.0000354,1,0,
4321,115.401776676604,92.7166603890676,75.949400524367,482.978173005258,11.3910627702413,91.1180387396993,97.8053082469174,71.5812680731261,44.473712823988,7.46185001533229,7.40111639083223,3.52172936707113,7.71649882423232,5294.62516258017,73.9666298894185,781.151290643375,7.09628825506835,1.0000354,1,75,
4322,115.701408101949,93.0791351061765,76.3583246310405,487.182409447798,11.4865724130407,89.410402339911,97.6178792257092,71.7395819826781,44.4682363894137,7.46184527181765,7.40104071462088,3.40742099939383,7.67374862620287,5291.63526956737,73.7617243273742,789.994375708748,7.09619324009628,1.0000354,1,75,
4323,115.314354469844,92.8363442240144,76.2221627379665,484.015689370876,11.4834764269938,89.3882504666193,97.6321664583884,71.8727134316721,44.4670298975121,7.46223090824372,7.40092842278151,3.22854566715303,7.59948946306296,5267.64777381997,73.2913441319815,788.791293188234,7.09700183641047,1.0000354,1,75,
4324,114.522453369618,92.2582759709768,75.8021448502419,484.862747884162,11.5314948511377,88.6046697470717,97.5524581711392,72.0409647350037,44.4583183911626,7.46249119560993,7.40089292818539,3.01487571646308,7.48818530921005,5229.75080551066,72.5941250890772,785.361848158494,7.09747176006981,1.0000354,1,75,
4325,113.350217032078,91.2258409649838,74.8730412632183,495.354225197933,11.7011223854325,85.7925588673545,97.2187242132419,72.1610909808993,44.4135518411036,7.46473465316708,7.40121249421138,2.66962838578669,7.22504893707974,5205.57783085785,72.1382917039841,785.2229514227,7.0982677491295,1.0000354,1,75,
4326,112.096087465416,90.2688217307904,74.1356253182411,506.94810101341,11.8752431886365,83.1845934199951,96.8849532985244,72.5453987217879,44.3206913956424,7.46702476662131,7.40200395602167,2.42910154752109,6.96182193543158,5163.02264035029,71.1695397822613,780.165630892309,7.10087134175575,1.0000354,1,75,
4327,111.320443402034,89.8032092249628,73.8991665723452,509.403795404636,11.9359254399895,81.9191572747144,96.7334035823234,73.3090612748545,44.1047984715166,7.46958134548724,7.40400734747926,2.23450567081496,6.75138391991288,5143.26529789116,70.1586571761946,781.890228689423,7.10307631386315,1.0000354,1,75,
4328,110.307139253047,89.3947661136614,73.9377946628111,511.858127484775,11.9941973049392,80.5647222774511,96.571550325801,73.9114740235951,43.9353537669028,7.4732909761293,7.40556130603911,1.89902313780107,6.37316378536965,5039.7617337361,68.1864595492607,780.706116066372,7.106208943377,1.0000354,1,75,
4329,106.531228931644,86.3707412225567,71.4695111767097,512.249722703009,12.0290599237327,79.5418887233259,96.4526958605787,74.275368920418,43.7109210180024,7.47635666115797,7.40766413843983,1.5231944199148,5.73801697189272,4882.48225280516,65.7348771708757,764.560399781418,7.10969711548411,1.0000354,1,75,
4330,103.021986013116,83.5575159784972,69.1707337789964,506.701374358319,11.9999628501001,79.4008734761956,96.4758322934126,75.2660851980414,43.4609786245486,7.47950068625877,7.41002730072951,1.24782051672472,5.11812774257147,4776.79642321561,63.4654560636019,752.895590634316,7.11242675130589,1.0000354,1,75,
4331,99.8489573984427,80.8664265081183,66.8358601978784,478.8383841842,11.6991560224273,83.0726618499442,97.0326071230172,76.4192235630291,43.4080162108364,7.47789238521707,7.41042642265323,1.01463598337086,4.63901551521477,4729.89563147854,61.8940550681913,738.355115362771,7.11283180980169,1.0000354,1,75,
4332,97.4407579222445,79.1881785217464,65.6971415735521,493.325908305716,11.911801667487,80.8432331629923,96.7304305953782,77.6079773954218,43.4682093314632,7.47837397639568,7.40969317859201,0.794777998685922,4.23818222987287,4618.76039459507,59.5139900510735,736.964709580763,7.11207715671155,1.0000354,1,75,
4333,93.3168028415448,75.5527262188196,62.4227565411532,499.036174860505,12.0071527270209,79.7483234555238,96.589540558544,79.1215745392697,43.590646920294,7.47947697060262,7.40834104576919,0.588692241046917,3.84942868951554,4582.8155783573,57.9211878055176,734.148553768257,7.11207253844645,1.0000354,1,75,
4334,88.496956139745,71.1428498406349,58.3159017065099,506.633451167599,12.1193801001936,78.5044418158394,96.4158300996117,80.9073989751489,43.7677194689609,7.48024173393814,7.40645564162426,0.395959429509115,3.40278653570157,4578.10042004041,56.584446886577,720.319155704516,7.11210261129111,1.0000354,1,75,
4335,84.0980835455843,67.30528345274,54.8932138188986,523.054154302399,12.3295843435009,76.2488487017002,96.0602801600591,83.1530185277481,44.0739157676622,7.48122013960985,7.40331528997991,0.208314199802196,2.98183328770605,4552.98226726944,54.7542632592479,709.577983133456,7.11180706790545,1.0000354,1,75,
4336,81.2194029026897,65.1384106868022,53.2524599185375,539.057091055805,12.5351545275934,74.3287388595854,95.735336719389,86.2579777611626,44.5036414016234,7.48212260490963,7.39900480766227,0.0217308175059499,2.63590664232115,4522.79533671157,52.4333569381213,697.450138108121,7.11147932652579,1.0000354,1,75,
4337,89.2612850695933,74.3234753511243,63.2824855592124,555.881013350034,12.7487384427658,72.9808472393204,95.4815219304056,95.2672375181855,44.8111792758608,7.48137374635912,7.39593480072824,-0.201932409331862,2.48996061086216,4640.07838078423,48.7059192820458,738.104097964697,7.11378280964476,1.0000354,1,75,
4338,95.7475359052963,81.7380377077475,71.383191213907,567.728318060167,12.9010424733307,72.9617000700709,95.4557748357205,102.304542374677,45.6946218405295,7.47808849274323,7.38739135023318,-0.406859079609546,2.42333321214212,4673.17794556169,45.6790855722397,757.275984079407,7.11438194486491,1.0000354,1,75,
4339,100.389610570137,87.1345778024777,77.3373796698597,578.027149395329,13.0315120274695,73.2999598404155,95.487758838621,105.145141191098,46.9289439169212,7.47378596250043,7.37576431598025,-0.598462725500883,2.42224845218884,4544.27741478272,43.2190908995372,774.98059310442,7.11340725556717,1.0000354,1,75,
4340,100.848925027897,87.8125941798999,78.1770452922499,622.975592453953,13.5688058538851,68.3716495196268,94.4151395711192,104.716892557013,48.0548093977312,7.47450130791643,7.36542471954839,-0.741853025508238,2.34937644234062,4451.09580126129,42.505995857716,786.539528296993,7.11285907994037,1.0000354,1,75,
4341,95.1657975179078,82.0751730002224,72.3994940088897,659.412431636589,14.0143857250699,64.000444380751,93.2891124467401,99.6057916799493,49.3328626251482,7.4771975901794,7.35398691483022,-0.847330926541919,2.19435526862626,4251.47646608919,42.6830246954909,771.704746857919,7.11338372607144,1.0000354,1,75,
4342,85.5913259394889,72.2040643073281,62.3091317966005,733.169082400775,14.9311196912912,56.6528228316442,91.0053223399196,91.3556533988366,50.3938025481117,7.49104365161496,7.34458734578131,-0.929100107703873,1.90628630381802,3987.69561631092,43.6502336522252,753.177284859908,7.11833017612153,1.0000354,1,75,
4343,74.990893658115,61.8691416787203,52.1704554330808,829.541995004713,16.1668402526985,53.0919092549022,90.0421551861859,84.1704966788682,51.5449795637864,7.51739428285957,7.33396992763315,-1.01836818885554,1.48811721742419,3601.19415257898,42.7845182655681,718.912491525259,7.13208458586296,1.0000354,0.999065582834319,75,
4344,64.5169035607799,51.9558798775251,42.6716449812064,1181.84500707861,20.7967399816438,48.6235457850794,89.328942218393,83.004748669505,52.3054899828551,7.58112702472787,7.32567341294874,-1.15500910078307,0.899522324970459,3399.56066125045,40.9562189602703,670.438243103103,7.15073104112226,1.0000354,0.97105301145208,75,
4345,87.9692618745866,77.9859304438996,70.6069463429571,1680.12784099802,28.8157985013594,58.4722274898214,95.0129325227002,129.592468731107,50.8516724889953,7.71111130369049,7.33373409279718,-1.49263086687069,0.718024651813377,4218.42249446349,32.5514479025501,647.299170547653,7.24064610185899,1.0000354,0.996476482488855,75,
4346,72.6586834624437,59.4008339429347,49.6015538632976,295.95975682668,9.06907466226922,237.614139534695,101.773740852711,77.483648687832,51.5350046169089,7.58587758605404,7.32126532718247,-0.944068384961438,1.39684843364657,3349.48448459725,43.2282751434658,519.710538354118,7.31098826462034,1.0000354,1,75,
4346.36273319621,64.4139200646864,51.8854147319626,42.6252151382103,557.098086153395,12.8799066148908,98.2336734875838,98.6902350652249,NaN,52.2903068305918,7.45573515785066,7.31250243354041,-1.00900275694556,0.920125158288463,3102.84163420998,40.8501902863216,528.957367457824,7.25972028230429,1.0000354,0.992650804243093,75,
