4320,120.141162878484,97.606424956146,80.9503143178963,490.164915409191,11.4508429916267,90.1246331004708,97.6796078478435,72.951963151041,44.7737113509327,7.46318082229349,7.40271138750856,3.62572545574648,7.66059088495573,5360.24100437043,73.4763092430083,796.037228282751,7.0633081580116,1.0000354,1,0,
4321,119.853258523654,97.5205500287215,81.013765488989,482.318845271433,11.4333399921144,91.1209221915189,97.8211132763365,73.0102757389703,44.8265554451195,7.46192481073976,7.40188366667124,3.43755173584876,7.66369607128124,5316.43131635986,72.8175761911572,796.11688741563,7.06358897107972,1.0000354,1,150,
4322,119.251775345054,96.9374253368604,80.4442101134128,490.187306807725,11.6164182507162,88.0843029121011,97.4863463188491,73.1203648145534,44.8227913295004,7.46172416516607,7.40161405640074,3.06905556146896,7.53495712650535,5320.07080147041,72.7577168817891,799.946014504839,7.06352747967487,1.0000354,1,150,
4323,118.387909971875,96.4399818743176,80.2176002369923,494.050586920659,11.742362388091,85.9239884783446,97.2540047668176,73.7410702655575,44.7588088831389,7.46394920937943,7.40193529645221,2.61639114601794,7.25555665331901,5277.12992799357,71.5629690346166,803.650707094957,7.06525719256413,1.0000354,1,150,
4324,117.243930746786,95.8458106328663,80.0298088095341,499.093336194818,11.8774805907841,83.7960105151654,97.0148173351131,74.7932287544179,44.6642501869989,7.46647485945896,7.40255916405871,2.13744686244616,6.87431456359349,5218.34423397113,69.7702762786917,803.12842230636,7.06813445613805,1.0000354,1,150,
4325,116.502186194922,96.0605569985211,80.9515267229201,513.935260297893,12.1117414606447,80.0485540336363,96.5240349301334,76.2004018078111,44.5153416893565,7.47064186086021,7.40371787993885,1.64481014293666,6.42429707254246,5078.87575980503,66.6515614000923,804.879228430676,7.07204652241769,1.0000354,1,150,
4326,116.068544880526,96.4414735938714,81.9345078602572,518.557590971959,12.2323660352702,78.0623579871502,96.2724347219131,77.8258298553305,44.2788979887177,7.47411840423328,7.40574031954599,1.15767981628539,5.95482757012797,4980.51304352686,63.9956304068337,804.193224246616,7.07691843635834,1.0000354,1,150,
4327,114.96240155421,95.9498958784536,81.8971742920247,520.874313145925,12.3291178733073,76.5585271293885,96.0910329944953,79.2605670624196,44.1651190200498,7.47751978844948,7.40656915325541,0.761715229241915,5.55615951720584,4913.504448064,61.9917902453876,799.555328746109,7.0816041747369,1.0000354,1,150,
4328,110.652214192601,92.8422341263377,79.6783358164908,550.080628699921,12.736777735071,71.741755146398,95.2609889793595,81.3749018592431,44.1806364778371,7.48148386516564,7.4061323306105,0.159623292590608,4.8518995723789,4725.51050426137,58.0708596421443,796.096499263123,7.08607801535888,1.0000354,1,150,
4329,97.075501417239,80.3758129437422,68.0325649415924,608.494963050565,13.5013905788124,62.6943094312819,93.2005137355832,85.9674991776999,44.3809083714799,7.49268533459576,7.40389375481795,-0.327772351087984,3.59413525003853,4680.98753320816,54.4506654024248,785.986062801827,7.09346167646381,1.0000354,1,150,
4330,85.8979811595795,70.2224556438455,58.6361976539552,697.94198135661,14.6771726186245,55.6526938795046,91.0368899145944,93.8526403633161,44.5905301218997,7.50557577932949,7.40160140087077,-0.663816001024867,2.56807583939609,4796.93049892773,51.1113004424614,772.160127155554,7.10273002773274,1.0000354,0.99984388878767,150,
4331,49.5345240990552,34.8611796298665,24.0156641526401,636.880188458203,13.3567096984369,55.5460031761144,91.3062781278304,70.040605310116,45.6362991918519,7.51738148693072,7.39131631492334,-0.859140957496912,1.10065614113516,3350.99535252518,47.8436092562038,518.674570348794,7.1111442594302,1.0000354,0.918013376437859,150,
4332,44.7034351379238,31.5492159142005,21.8265321401442,626.032532286684,11.0115051817851,49.9636199673261,88.2664931796836,73.0274769960803,47.8336189564173,7.4925977810697,7.37025203712227,-1.10445725817454,0.516437038882164,3132.17626097942,42.8903803036704,476.373434134285,7.08753342717098,1.0000354,0.619713918336138,150,
4333,45.2122828223703,33.0786678835316,24.110343798303,850.62140711035,13.6110036491373,45.7388392615139,85.3288775129524,84.9883209708051,54.711725148199,7.47640363952791,7.30959729534939,-1.36113062949824,0.143272469000216,3362.36053484597,39.562618680289,501.085345862396,7.06174217060946,1.0000354,0.554837756178217,150,
4334,66.4181556967499,56.6932309907895,49.5052431646449,1907.73920580337,34.223814501615,51.9087084678396,93.584256147524,150.65921577688,58.6938383337729,7.71483248507073,7.27334988506761,-1.686606732061,-0.212997719341793,4777.23682883296,31.7088921789414,574.446301972547,7.14768136879799,1.0000354,0.975662778465013,150,
4335,46.2947986271375,34.2043238165665,25.267885913101,1138.21912086792,21.0867092920501,67.2306943933194,95.1443040685314,83.4970253246596,71.3114409115616,7.52237682130464,7.18013805557683,-1.18163701025112,0.149808867696322,3291.61612973315,39.4219568533661,449.212283446723,7.13949226532569,1.0000354,0.941352567865584,150,
4336,45.3111677114404,33.3452581362807,24.5008901894235,1580.39521858454,28.7236635482599,55.6315232332515,93.753065700759,84.0527190682224,87.2154146996421,7.63576880444826,7.08084704301583,-1.21005571180252,0.0946354167091781,3279.38424255839,39.0158019741947,417.386000252692,7.14913653704488,1.0000354,0.952390281000817,150,
4337,48.4566118463247,36.7481230879778,28.0940227013736,0,22.5188480725724,78.2601858006754,93.1018544365892,85.6777530335769,93.7548398743053,7.13508556670637,7.03292957662153,-1.22968456825959,0.0857793924196288,3270.87338713766,38.176460881926,426.161690892503,7.10424609393653,1.0000354,0.975715741479805,150,
4338,1.88284426789301E-05,1.88284426789301E-05,1.88284426789301E-05,0,0,3.51682441969733,30.1815504452421,0,1.39700937941917,8.86020941910508,8.85117898351903,8.91786826606733E-08,0.0850915122535612,0,0,0.000310670818416924,6.99330107738289,3.08557188560764E-07,0,150,
4339,3.18562297233768E-13,3.18562297233768E-13,3.18562297233768E-13,0,0,0.48043078642763,32.3428249778546,0,0.00902137480414701,11.0497834274724,11.0411245829164,-8.33288038570856E-08,0.085087217855055,0,0,5.280985870336E-12,6.9936063343549,0,0,150,
4340,2.38921722925326E-13,2.38921722925326E-13,2.38921722925326E-13,0,0,0.0831448885497625,45.6818114819909,0,6.07596549333374E-05,13.2215018799,13.2128454353057,-3.41002857062733E-08,0.0850856380341321,0,0,3.97928244030632E-12,6.99308093071283,0,0,150,
4341,2.38921722925326E-13,2.38921722925326E-13,2.38921722925326E-13,0,0,0.00989031128508708,38.4638087208065,0,4.09214686419429E-07,15.3933568091296,15.3847003806994,-1.20776451062454E-08,0.0850850568504939,0,0,3.99767094379033E-12,6.99209284175564,0,0,150,
4342,1.59281148616884E-13,1.59281148616884E-13,1.59281148616884E-13,0,0,0.00286048144244845,78.1995066020768,0,2.75582390641487E-09,17.5652838911097,17.5566274627883,0.43794330671079,0.085084843044982,0,0,0,6.99097319983416,0,0,150,
4343,1.59281148616884E-13,1.59281148616884E-13,1.59281148616884E-13,0,0,0.000125500213385864,21.2068868614941,0,1.85576723202501E-11,19.7372674041788,19.7286109758582,0.000474179104494432,0.0850847643903299,0,0,2.68884350581393E-12,6.98982828561837,0,0,150,
4344,0.000305922608822279,0.000305922608822279,0.000305922608822279,0,0,3.52533299892833E-05,59.1014519530211,0,1.24979668171184E-13,21.9091632641072,21.9005068357866,0.0104114541028824,0.0850847354549003,0,0,0.0051865011263655,6.98873368066469,0,0,150,
4345,0.00293917285140796,0.00293917285140796,0.00293917285140796,0,0,7.78023602621201E-06,81.645548139894,0,8.42493717996045E-16,24.0802362465848,24.0715798182642,0.524939516773295,0.0850847248101507,0,0,0,6.98786700603221,0,0,150,
4346,0.000367811771863818,0.000367811771863818,0.000367811771863818,0,0,9.90503484690046E-07,79.4725493709426,0,5.67330148064863E-18,26.2522254539688,26.2435690256482,0.229074922275379,0.0850847208941659,0,0,0,6.98682728118912,0,0,150,
4347,0.000160113912273154,0.000160113912273154,0.000160113912273154,0,0,5.73343630898982E-08,35.4892287010578,0,3.81982937943277E-20,28.4243368402375,28.4156804119168,0.00501071453426727,0.085084719453556,0,0,0.00274793027110743,6.98578570301253,0,0,150,
4348,0.00201840835536365,0.00201840835536365,0.00201840835536365,0,0,1.83060935400126E-08,79.8799872597655,0,2.57202297341488E-22,30.5964026732783,30.5877462449576,0.315698662426056,0.0850847189235848,0,0,0,6.98477965420098,0,0,150,
4349,0.000212785046618664,0.000212785046618664,0.000212785046618664,0,0,1.62336591538133E-09,60.0842550369501,0,1.73177226599811E-24,32.7684983900666,32.7598419617459,0.00690176707742518,0.0850847187286194,0,0,0.00367998950725427,6.98380508290968,0,0,150,
4350,0.00455527693588529,0.00455527693588529,0.00455527693588529,0,0,3.61673612829312E-10,82.6080840387756,0,1.16602760491115E-26,34.940589876644,34.9319334483233,0.704359953168605,0.0850847186568959,0,0,0,6.98284726657692,0,0,150,
4351,0.00262978315572735,0.00262978315572735,0.00262978315572735,0,0,1.40831363513157E-11,21.3437374318115,0,7.85069752353014E-29,37.1127186416722,37.1040622133515,0.0763859343288953,0.0850847186305099,0,0,0.045812870052486,6.98194453872627,0,0,150,
4352,0.00174042121862697,0.00174042121862697,0.00174042121862697,0,0,5.18418065804503E-12,73.098881886909,0,5.28708860436517E-31,39.2846295447317,39.2759731164111,0.0559092060647859,0.0850847186208035,0,0,0,6.98110657157996,0,0,150,
4353,0.00782226334492513,0.00782226334492513,0.00782226334492513,0,0,2.444881006328E-13,19.4326183173423,0,3.56016637199379E-33,41.4566497250805,41.4479932967598,0.376619025720597,0.0850847186172325,0,0,0.137219957174349,6.98025665588903,0,0,150,
4354,0.00196085668121105,0.00196085668121105,0.00196085668121105,0,0,7.33045741828699E-14,60.1070530752225,0,2.39790692207788E-35,43.6284532601084,43.6197968317878,0.0605531904690846,0.0850847186159189,0,0,0.0345137963557631,6.97952128601229,0,0,150,
4355,0.0094173299693547,0.0094173299693547,0.0094173299693547,0,0,4.56961314675019E-15,20.260360020956,0,1.61481603361376E-37,45.8003993875938,45.7917429592731,0.369561993689437,0.0850847186154353,0,0,0.166301234960604,6.97873783697049,0,0,150,
4356,0.00210490095278246,0.00210490095278246,0.00210490095278246,0,0,1.34298166222454E-15,60.2555793139374,0,1.0876614969037E-39,47.972185574175,47.9635291458543,0.0645684659042973,0.0850847186152577,0,0,0.0372905754538273,6.97805776822691,0,0,150,
4357,0.0123815238750206,0.0123815238750206,0.0123815238750206,0,0,3.19212820006437E-16,84.7425095636215,0,7.32478607070945E-42,50.1441107840929,50.1354543557723,1.01760192115635,0.0850847186151924,0,0,0,6.97731442850448,0,0,150,
4358,0.00482368882807597,0.00482368882807597,0.00482368882807597,0,0,1.82054053975643E-17,43.2838906577912,0,4.93387284181815E-44,52.3158523599045,52.3071959315838,0.143164232708411,0.0850847186151684,0,0,0.0859905187340363,6.97668077106307,0,0,150,
4359,0.000973784791949586,0.000973784791949586,0.000973784791949586,0,0,2.95329537453044E-18,53.7266539883187,0,3.32323290575184E-46,54.4876342962468,54.4789778679261,0.0296345907157312,0.0850847186151595,0,0,0.0174121901071701,6.97603521806528,0,0,150,
4360,0.0189757221478996,0.0189757221478996,0.0189757221478996,0,0,8.13388199620761E-19,85.6521511834625,0,2.2380905214772E-48,56.6595281497332,56.6508717214126,1.16129896047114,0.085084718615156,0,0,0,6.97534594340583,0,0,150,
