4320,114.470868352368,92.5109208188144,76.2796552505355,499.027929421537,11.5476613715354,89.9613366971216,97.6420738901713,72.1585681964629,43.8319649524358,7.45874028618441,7.39367436392564,3.26296052771843,7.04675641244697,5166.70929946335,71.6021593637527,764.198720619159,7.0833175463054,1.0000354,1,0,
4321,113.880086216236,91.8532087813463,75.5724732859931,491.992286042517,11.5425970201832,90.4864310515514,97.7304020833707,71.8435432314486,43.860305438834,7.45750110063458,7.39312090308289,3.10387633512651,7.00783258360261,5159.83126814812,71.8203896420502,769.287910102842,7.08323549094411,1.0000354,1,150,
4322,112.927882530483,90.9985845615528,74.7899730192998,492.392438961689,11.6279055687163,89.1419386726125,97.597142193395,71.9377246976231,43.8749881806292,7.45701562398522,7.39271081221458,2.72599845354806,6.86692083208963,5143.70730647447,71.5022240152173,769.032066797426,7.08352179382773,1.0000354,1,150,
4323,111.132987650854,89.683065141714,73.8287745914798,501.227190282398,11.8137618693552,85.8928190118606,97.225369933321,72.2440568245125,43.8419638863017,7.45897383677951,7.39277962980668,2.27369311786239,6.56847494551252,5052.69024715544,69.9391821174839,760.142254088187,7.08452154254115,1.0000354,1,150,
4324,109.140247144833,88.1250280685672,72.592040055675,509.39854307524,11.9798048859476,83.1085575490595,96.8879565692636,72.8308737663821,43.7508743780146,7.46133594287012,7.39342850896921,1.79537247333281,6.16582708768255,4990.50234204107,68.5217969243234,764.705759223838,7.08634152025372,1.0000354,1,150,
4325,104.402953065878,84.2883164646762,69.4209763681356,529.287389862195,12.2660985261646,78.3008539393878,96.2203724023065,73.5258724473054,43.6072355352373,7.46755971421125,7.39460306837555,1.14916789296214,5.40490257071522,4822.22198862711,65.5853759788176,758.174018988022,7.09041362891284,1.0000354,1,150,
4326,97.8121870078228,79.0495033625048,65.1814328420524,547.197025129836,12.5404771098016,73.6959027674266,95.5227746669796,74.9553732461296,43.2063513750382,7.47784832521931,7.39835524874507,0.631800672894465,4.44471881587331,4585.56177914499,61.177225601792,744.223555259059,7.09802374177587,1.0000354,1,150,
4327,91.6153797431474,74.1004020234961,61.1545489263626,536.065309459299,12.4928109932213,73.3834825284444,95.5812669506508,77.0496512310468,42.7785191258941,7.4840525889875,7.40241526015518,0.172544961396547,3.60632687522472,4400.22706638713,57.1089809763354,720.342050542562,7.10537096950515,1.0000354,1,150,
4328,81.5855948760509,65.1948621256451,53.0799727014321,547.823900749908,12.7050823055058,70.8839029751407,95.1667077243181,79.880810457501,42.7880202616118,7.48756758401168,7.4020634792069,-0.221501273555843,2.7386022943934,4269.09336986942,53.4432906403811,697.658176101562,7.1092221659871,1.0000354,1,150,
4329,66.1453836595327,50.9203294829803,39.6670285698764,558.766562504145,12.831595303833,68.1614363492,94.6646540454664,80.1515121853096,43.2653872592056,7.49157234044753,7.39701291796489,-0.58258828016692,1.76597486738255,3978.92166278737,49.642502733924,633.832453673945,7.1101755952464,1.0000354,0.990359579096476,150,
4330,41.9263703057171,27.2085197535707,16.3301084758973,375.293701298317,7.38628726300671,60.5546635212612,91.9901433327466,61.5433532121453,44.6370302398294,7.45377471916886,7.38324967906164,-0.628831821844845,0.960706888595764,2953.38704593796,47.9887248872738,404.252423253669,7.08403549293242,0.992387608157302,0.526325301204443,150,
4331,34.8152068142774,22.0832214003202,12.6726234856562,458.649488454524,7.0329601300358,51.3435393479245,87.4342359037702,84.1985061678082,49.5232548766433,7.43090394821524,7.3376485408534,-1.1825683019642,0.0496437074154166,3495.38759432164,41.5136533106099,314.735561057183,7.04499968232957,0.868460536943732,0.38206077191929,150,
4332,37.01923761855,26.4900027872675,18.7075248684935,617.168767137381,9.229781907266,53.6196014626552,88.4140860475218,64.7880974179567,58.7240689711016,7.41524510023873,7.26182599681932,-1.44422660098499,-0.423911413915197,2224.26670021647,34.3314094542309,409.996188062517,7.01559669210072,1.0000354,0.397635428696463,150,
4332.32668820943,35.0023384267015,23.9425277283646,15.7678850382894,719.877109350666,10.4613037040168,53.641379431863,88.6153216490301,NaN,60.8659508645719,7.42136104110187,7.24520346371605,-1.44587606719622,-0.389716511755564,2772.17204637597,36.0613943610413,360.009328549576,7.00728786053524,0.977580921871556,0.385053731165274,150,
