4320,115.939578118949,93.9067359110489,77.6215916704267,493.686510940671,11.4704158138926,89.3671740533412,97.583819517675,72.0600643155331,44.4837584511046,7.46356755412698,7.40046091686961,3.22392842977845,6.99532319968482,5176.78336542629,71.8398382599055,768.690830381042,7.09241971144592,1.0000354,1,0,
4321,115.767123687031,93.5667619126794,77.1577988620715,490.449455887087,11.4712926647189,89.6618147945487,97.6291352999571,71.8400547856528,44.460368786957,7.46223175825323,7.40055593103281,3.18026512129241,6.98403724481433,5200.21773732312,72.3860491593286,771.138657951262,7.09243256896676,1.0000354,1,75,
4322,115.476313443096,93.4248071603469,77.1258677339673,488.263228835513,11.4827695670243,89.4215930854844,97.6175645515562,71.8328328203037,44.488664347507,7.46262612527649,7.40015243728138,3.02738602580487,6.93348050912089,5164.83052915571,71.9006939636642,773.008008873507,7.09283549851983,1.0000354,1,75,
4323,114.44566912012,92.632090304278,76.5090103099598,485.545732223687,11.4852610373189,89.4306534898641,97.6333409239443,71.9072416323449,44.4989498302912,7.46261627175712,7.39992909041527,2.82902742607044,6.84105786430394,5114.39626868351,71.1249124925824,768.860782975537,7.09310280902804,1.0000354,1,75,
4324,113.963766467129,92.2613649825245,76.2204595373819,490.320456822564,11.5835892300978,87.8166741051874,97.4510818552827,72.0811500299052,44.4708396784593,7.46314328365185,7.400083901075,2.61025567428153,6.68982122455843,5100.63588751568,70.762409942121,769.038091452245,7.0931336995406,1.0000354,1,75,
4325,112.977708231016,91.5073258463762,75.6379127794687,493.429940418059,11.658406007971,86.7234318336414,97.3273315028701,72.3335047278592,44.4322587764468,7.4634814275643,7.40034360088378,2.37570354851811,6.50221162022583,5063.77160476443,70.0058931724088,762.66522981376,7.09383966809781,1.0000354,1,75,
4326,111.779708292797,90.6006528681889,74.946568423913,497.630331920587,11.7450308471379,85.268664796609,97.15944230776,72.693604411552,44.3787578424514,7.4652181939323,7.4007510566729,2.14021147957861,6.27680761192577,5019.92942975361,69.0559983975134,763.361285479033,7.09517986295972,1.0000354,1,75,
4327,110.520710284165,89.659624892018,74.2405617760834,504.111043283517,11.85622986415,83.4263341814447,96.9344363829329,73.2403011255937,44.2789944366446,7.46775753160116,7.40161323576336,1.89557216416417,6.01571423103498,4981.74901652435,68.0192317612344,760.568419535089,7.09672364904958,1.0000354,1,75,
4328,108.129114741068,87.7866224111373,72.7508672107539,508.751753251605,11.9415357475002,81.6575749944706,96.7217346149202,73.7063170845901,44.1710199004821,7.47208692064945,7.40255746581818,1.5730873063844,5.62246947388614,4888.81601938199,66.3283177447501,755.669671618792,7.09995311434583,1.0000354,1,75,
4329,104.556624941175,84.9186301186967,70.4035904672998,517.9241569737,12.0719817484115,79.1756018401681,96.3829318002075,74.3486150186649,43.8824820844242,7.47639093921886,7.40528281779103,1.25453849215571,5.05146600403928,4760.63456702219,64.0312474661034,746.417015988547,7.10376868559429,1.0000354,1,75,
4330,101.598020854891,82.6997752057432,68.73150668246,502.633880314062,11.9358444882486,80.5035229174568,96.6328263025434,75.3040472852659,43.6427526774092,7.47864434129231,7.40753706246114,0.99414610161782,4.57653960180951,4640.17788559452,61.6192363209464,738.696802391449,7.10721226958291,1.0000354,1,75,
4331,99.296851619757,81.0524036969434,67.5673769713855,502.030247701546,11.9606058184257,79.970026529222,96.5817020319213,76.4523821168187,43.4970186984692,7.48024606853487,7.40886213907872,0.768362130805768,4.17365681341049,4547.95930135681,59.4874767199218,730.929408326934,7.10863914951696,1.0000354,1,75,
4332,96.57169386643,78.7677276537946,65.6082743661945,496.476815022267,11.9288908107718,80.1968328427136,96.649379063388,77.7947098357169,43.4391241873698,7.48193333037104,7.40931090727056,0.564446198606677,3.8144763236733,4516.08022660275,58.051250993025,728.179353231077,7.10999630224818,1.0000354,1,75,
4333,91.9908065564364,74.9088538739639,62.2830627608321,500.794216930822,12.008021504378,79.242809564084,96.526699526313,78.9781746357766,43.4836871262477,7.48282680713145,7.40873603853317,0.34679391516662,3.393853555464,4398.85278896152,55.6970683261255,708.714998213499,7.11095963993598,1.0000354,1,75,
4334,87.9638857236705,71.1354664370041,58.6970695729463,517.747845427768,12.2247009459669,76.6023193186829,96.126245004099,81.0666783317626,43.6391967295457,7.48494151976204,7.40706140508728,0.174100355689505,3.03489286757152,4448.16126777371,54.8704024799161,703.984663202943,7.11145397677145,1.0000354,1,75,
4335,83.0145951375681,66.8209477874995,54.851730180927,531.636584844943,12.4079475353458,74.5676245844634,95.7991843270385,82.9147279513052,43.89831978171,7.48705918356036,7.40437793198277,-0.0305989044836457,2.59686729339589,4377.95385059463,52.8006779828759,690.380610863696,7.11212085761019,1.0000354,1,75,
4336,79.6237354688614,64.1096376924356,52.6426958576861,550.042516494648,12.6423088443746,72.2211405336882,95.3747881544735,85.2625787919228,44.2528404416826,7.48844746990877,7.40078798247054,-0.218243790575511,2.2248510777564,4313.00349233538,50.5849524310185,691.245392416511,7.11244766415687,1.0000354,0.999994777037167,75,
4337,82.3280737433733,67.7061976689599,56.8987240487413,566.789351798846,12.8573390515207,70.5581731432171,95.0508919606383,91.4173825848934,44.6414602612102,7.48918655326203,7.39691037766717,-0.429445945901157,2.0064216807806,4358.39615866687,47.6757924524859,707.616401514991,7.11473520937023,1.0000354,0.999992895203809,75,
4338,84.6931917966036,70.9321466761237,60.7609394131602,584.347511376088,13.0799103974918,69.2594412960367,94.7653385978882,97.0764439184262,45.3516707657372,7.48820897992392,7.38998995758538,-0.629199878708328,1.79251921496364,4355.72145848366,44.8689845102257,718.660924742126,7.11647879756504,1.0000354,1,75,
4339,86.8566042706487,73.707663049322,63.9888804074718,603.567886480668,13.3205751338775,67.8026278018045,94.4219026433578,97.9833621071957,46.3673355443031,7.48720870292475,7.38031898507567,-0.781188942788857,1.65973943548165,4200.85743447977,42.8731709561461,725.882956549238,7.11756128842489,1.0000354,1,75,
4340,82.8678773712699,69.936582095091,60.3786681953066,632.391376753245,13.6768448807087,64.5317661128172,93.6050619509781,93.3088696052007,47.5847125909007,7.48914119636152,7.3690228558974,-0.884270716357428,1.5253689243009,3934.23029678484,42.163519003402,714.474181763466,7.1167742327536,1.0000354,1,75,
4341,72.8282583738975,59.662221795314,49.9308034546219,668.993124417327,14.1295213158322,59.0000114261969,92.019300092976,80.577621169023,49.0375319203411,7.4982216619551,7.3558431832377,-0.92764315777989,1.29768847644935,3459.10958667145,42.9289117311551,687.363196828604,7.11915443561722,1.0000354,0.999186469352201,75,
4342,59.4155393154946,46.2638001324172,36.5429494318817,718.292279659376,14.4300472337416,55.1087343062214,90.9195607174833,73.206408069478,50.1476223129264,7.51740330667355,7.3453616375919,-0.955625822386009,0.891148364605718,3139.25870864819,42.8822939334603,622.016574307484,7.12439158400125,1.0000354,0.955977652792362,75,
4343,61.6838560960658,49.1632155619432,39.9088290802004,1007.00751054616,18.2276432768483,52.7832338823298,90.4034646803805,80.8676268992051,52.9347167538251,7.53902876787471,7.31974696998556,-1.132903524348,0.699863684840571,3301.38419336326,40.8245464835783,638.398073292441,7.12896980484384,1.0000354,0.955135217556302,75,
4344,82.35325159358,72.1261276592539,64.5669490990999,1723.30142963616,29.5034815078668,53.8270942031976,93.7703313886937,124.221595893989,52.6875762956698,7.70917638674836,7.31742789709874,-1.52904400789725,0.465074536591123,4142.33716124027,33.3463527934012,632.49139258661,7.21367225704419,1.0000354,0.994899862852101,75,
4345,99.6961983470856,92.0877759901321,86.4641594654274,248.79531536916,8.14034892096293,90.6386275065349,99.0160125893278,76.3570243413512,48.8359319635255,7.76008106360435,7.34356976909268,-1.54643933548281,0.838181595443928,1894.25494738757,24.8078675632954,617.357002643881,7.30537718828953,1.0000354,1,75,
4345.41968565585,65.134011254358,52.4228140085368,43.0275812616254,543.229366002913,12.7111206017964,101.04194108514,98.9154134309719,NaN,51.9389767279157,7.45749420298118,7.31382824040094,-0.931319376397469,0.892573151771933,3126.07119042763,41.4458718313749,517.81337649185,7.26030389796046,1.0000354,0.992263394117105,75,
