4320,132.403474019874,111.671851059655,96.3484775673189,521.701920926753,11.826866621256,91.5449179805028,97.7972461704529,77.7499640373452,41.5690715542228,7.44722600529425,7.37601134592321,3.032547405343,7.7114785631056,5255.67280796512,67.5971091824646,778.143338356926,7.09250682219708,1.0000354,1,0,
4321,133.647679694353,113.499374127618,98.6071482739435,514.881758464872,11.7669517422957,96.1397920648742,98.2984495418855,77.5026215633068,41.6536193258382,7.44665597907448,7.37506445975658,2.97124110235504,7.76749945683368,5091.54683917534,65.6951563246978,777.880261157632,7.09285972819314,1.0000354,1,37.5,
4322,132.112613952137,111.463848878974,96.2017181727229,516.89793189271,11.8088782029016,93.2382094062365,97.9984176271062,77.3193478546121,41.6988606866893,7.44634175365003,7.37452935387551,2.89676935041237,7.73956718703454,5205.67543692068,67.3269444371053,768.330113977406,7.09157220331604,1.0000354,1,37.5,
4323,132.230334079546,111.769529634378,96.6463263488196,517.052561422557,11.8275042144088,92.1124589539993,97.8822316863061,77.7081395249367,41.688920185207,7.44708813215144,7.37457186286068,2.76538933558119,7.64182722963358,5184.22733431904,66.7140838271571,769.874592915692,7.09215469413341,1.0000354,1,37.5,
4324,132.067600191564,111.877442384687,96.95428226656,515.68649077911,11.827415399212,92.0322804701704,97.8788975989889,77.404072565223,41.6947678642446,7.4470797623628,7.3744518367492,2.6513044654562,7.52909387681115,5095.63540562665,65.8316188897285,770.529935118394,7.09270821067614,1.0000354,1,37.5,
4325,130.735399862117,110.589321865839,95.6987424772865,520.130829300217,11.8931323775272,90.0706833539341,97.6548057381484,77.8513157273618,41.6442434844625,7.44709200330886,7.3749195475696,2.54430869126916,7.4034464257766,5113.8889093707,65.6878931536588,771.107023544793,7.09232048859279,1.0000354,1,37.5,
4326,130.232228696911,110.379227652394,95.7052703586212,521.914722010859,11.9270045467791,88.9800188708369,97.5336871867897,78.2960972641892,41.6434061358936,7.44834741010061,7.37487089056564,2.41921624629199,7.26768574636799,5068.28586119821,64.7322923912369,776.208759099543,7.09317463011419,1.0000354,1,37.5,
4327,129.923142361941,110.069988796078,95.3959187691355,519.893865451565,11.9179744609991,89.0516304276929,97.5526324451321,78.6033884298214,41.6482417254468,7.4490656125883,7.37476415567878,2.2920234784796,7.13407096581566,5088.21661287562,64.7327896992441,771.540325069998,7.09429843255185,1.0000354,1,37.5,
4328,129.899677001677,110.40581024647,95.9973000361,514.250247823901,11.8671558632241,90.3553601068604,97.7158896902319,78.8990865116659,41.6440606610535,7.44898570028926,7.37475289094857,2.15598167994589,6.96510750683677,5014.92901357598,63.5613064142952,771.782584101321,7.09538381849252,1.0000354,1,37.5,
4329,129.263438648399,110.070710769512,95.8847814677263,520.262468483663,11.9471436188125,88.3261092732013,97.4760052118749,78.8366918783021,41.6489545659878,7.4495847159925,7.3746474582083,2.05541986573728,6.8460604917899,4933.55438184337,62.5794191042307,771.567341210032,7.09513111078865,1.0000354,1,37.5,
4330,128.691699415406,109.47181433436,95.2658123179349,522.508737361818,11.9833607953076,87.5650210340036,97.3836731611691,79.4394816022873,41.5777345356818,7.44950723571589,7.37533575821421,1.94010858480284,6.71858779757986,4978.31083749229,62.6679673265762,769.509233540762,7.09464797956037,1.0000354,1,37.5,
4331,128.328528450765,109.410594496155,95.4277737470952,520.700371327689,11.9755985730392,87.561496940398,97.3954519660656,79.9285494156133,41.5835740615676,7.45059281270467,7.37522114136592,1.81860173217754,6.5801887274609,4930.26721158562,61.6834316102644,767.671581643472,7.0955145270112,1.0000354,1,37.5,
4332,127.687854734205,109.060118827299,95.2917922874109,518.751935923702,11.9659456590709,87.8277817887026,97.4350639545645,80.3731885789152,41.5780164110885,7.45057374196331,7.37522563533801,1.69890012382183,6.44530786206794,4881.64385549704,60.7372177439986,764.920159009358,7.09592128478655,1.0000354,1,37.5,
4333,127.826491919045,109.252361835687,95.523656991466,524.158781990125,12.0345020240514,86.4089848632761,97.2558518314285,80.8476586866594,41.5257645383136,7.45071556170255,7.37571823414936,1.57597976059523,6.30796195467198,4896.33080597285,60.5624316833901,774.088052883355,7.09657408521103,1.0000354,1,37.5,
4334,127.268318203179,109.027395849798,95.5449749799072,521.053998986745,12.0125093433231,86.6281587042549,97.2998156615959,81.2176613984891,41.5540344304244,7.45217358877838,7.37537052231823,1.45328062108789,6.16279013852797,4830.50011217154,59.475981319765,770.29593986332,7.09773518800852,1.0000354,1,37.5,
4335,126.514738839232,108.256627251433,94.7615012952348,516.07486919885,11.9700220702152,87.5188822438981,97.4210212682416,81.4119750148708,41.5649630918901,7.45216611039373,7.37520337151192,1.35261644552671,6.05289997864242,4846.61999148602,59.5320281887367,765.144673599195,7.09797126476351,1.0000354,1,37.5,
4336,126.527699943026,108.644161525458,95.4258939994292,523.296789241751,12.0576907327359,85.5780416068666,97.1784461065248,81.97699306555,41.516815746141,7.45349749192502,7.37565435737178,1.22914333926303,5.89550835116995,4780.1360553031,58.3107025099205,768.307037441615,7.09828118225973,1.0000354,1,37.5,
4337,125.477663171611,107.849125029184,94.8193359673907,517.996030222405,12.0117999928695,86.4552659706328,97.3021734425491,82.3201613054708,41.5204531333562,7.45358718155213,7.37556382063166,1.12669379175382,5.7836111376502,4731.70144344028,57.4792537867126,761.823134113506,7.09898857631158,1.0000354,1,37.5,
4338,125.601652311811,108.024439277953,95.0325861659708,521.487007862532,12.059477505517,85.6469959469215,97.1957777136273,82.674754497393,41.4575518143382,7.45299459997265,7.37616924975756,1.02812514449671,5.65753788937139,4738.24760778454,57.311904179092,764.970275830347,7.09871529679345,1.0000354,1,37.5,
4339,124.991373952672,107.636056652486,94.8082134306087,522.373955341822,12.0793750897172,85.2092349152343,97.1481566743493,82.9767835544064,41.5041920561368,7.45399531313232,7.37562891913076,0.935129234420299,5.56099281918118,4695.52304112134,56.5883954521154,769.894932255482,7.09967331204221,1.0000354,1,37.5,
4340,124.320013551824,107.177721167201,94.507331143784,520.232179470739,12.0667972062626,85.3638424449758,97.1778385533896,83.4552241696242,41.4772876401812,7.45445238397162,7.3758578230562,0.834481911337963,5.46327859092989,4664.63050455678,55.8938107346742,766.366681023679,7.10019080443767,1.0000354,1,37.5,
4341,124.822394638235,107.775737073599,95.1760336562603,532.603498591246,12.2103379949002,82.8714511780824,96.8379792442083,84.1184484648124,41.4127631807585,7.45566463113365,7.3764816695779,0.698016839223143,5.3134398120186,4675.4704064942,55.5819857810382,771.06397054389,7.10051539782608,1.0000354,1,37.5,
4342,124.288118774184,107.516885937854,95.1207573196974,530.823299201441,12.2016110084408,82.7744560006724,96.8416611552162,84.3813810021778,41.4122499021977,7.45730801677337,7.3764352743167,0.602830328329425,5.20021055387189,4614.30650243376,54.6839415002542,774.653257716604,7.10229735238259,1.0000354,1,37.5,
4343,123.207848497001,106.68933155587,94.4799929472074,524.127015873732,12.1395864824928,83.7103910169223,96.9836542652035,84.8258637100592,41.372070038693,7.4573158029498,7.37680423336697,0.497343058907623,5.09155145142998,4568.71602996119,53.8599411799376,766.200612039312,7.10362374582896,1.0000354,1,37.5,
4344,123.342938535713,106.954759848038,94.8417582093226,533.034264566268,12.2465203893853,81.9313331278078,96.7368995752856,85.4695181415501,41.2977650176795,7.4585580505241,7.37753232321855,0.370991317285588,4.93145185396341,4567.06053227892,53.4349629152606,769.148827308721,7.10363332178873,1.0000354,1,37.5,
4345,122.636177815458,106.528634783618,94.6230594992141,532.073900150481,12.246551983784,81.7479960078469,96.7266396206166,85.899856992087,41.2918393647811,7.46006470437141,7.37754242417666,0.2824966358481,4.82159021276107,4511.45430356749,52.5199279899044,772.751295989003,7.10509852241173,1.0000354,1,37.5,
4346,122.201409876373,106.258151640398,94.4740042485908,538.455934708471,12.3266977303519,80.5644574545902,96.5535987681616,86.5319985179317,41.2065854292872,7.46059884068821,7.37838739748011,0.168578155513672,4.67891182102834,4498.30228290533,51.9842643178195,768.167986642295,7.10650059353193,1.0000354,1,37.5,
4347,121.47506743611,105.81948399274,94.2479657954655,536.226721270766,12.3128485813804,80.5196637169243,96.5689154573851,87.0690468140122,41.2059960148822,7.46260944555803,7.37834132733799,0.0888265751497701,4.57369670496586,4444.55074500056,51.0462777259356,763.047523771144,7.10782482343894,1.0000354,1,37.5,
4348,120.99148036555,105.33769101383,93.7674988842973,529.134483507236,12.2455426829568,81.469743542595,96.7213853815232,87.716695562003,41.1809025907294,7.46250654085516,7.37855358126127,-0.00381926214163197,4.47668408816652,4477.09767959025,51.0404279471014,767.295900327939,7.10876053276148,1.0000354,1,37.5,
4349,119.699868608794,104.465122637778,93.2046582244185,539.881814429821,12.3737795168921,79.5085338968036,96.4434050593274,88.4298614351477,41.2396907042099,7.46548913974448,7.37788253369718,-0.143489991565613,4.25304559049429,4392.67409846714,49.6741036023065,768.131642177301,7.10976140474516,1.0000354,1,37.5,
4350,118.42173721536,103.425553950688,92.3414184941923,553.354551235671,12.5333029534683,77.1929506381343,96.0884947492025,89.4657848621804,41.1934956667853,7.46887418938025,7.3783176455772,-0.222702528677777,4.07856844677363,4374.54146201218,48.896250882402,766.046855350786,7.11222232086161,1.0000354,1,37.5,
4351,117.466873006402,102.984984845321,92.2809805523487,558.505646574431,12.6011633120834,76.0946881608798,95.9247179669468,90.6698533865374,41.1033341955045,7.47164967163408,7.37921839519561,-0.314555035275847,3.9028864691909,4281.3716052129,47.2193507026074,766.180508393612,7.11526370507362,1.0000354,1,37.5,
4352,116.610108084268,102.254423051095,91.6436993309235,565.205456991563,12.6858497235336,75.1001991092916,95.753338557867,91.9877881214059,41.0281423550412,7.47227337485547,7.37996393474883,-0.397051382748343,3.76357240319124,4305.75107983767,46.8078553443955,768.19146616723,7.11682705469365,1.0000354,1,37.5,
4353,114.452420145594,100.179363504162,89.629712943104,572.607261771183,12.7778397818061,74.0990838776532,95.583022893469,93.4735305244959,41.1303538209524,7.47383617828629,7.37883545795914,-0.510674900603736,3.54542727485667,4350.11218784789,46.5384388868022,758.26674062463,7.11857889510454,1.0000354,1,37.5,
4354,111.98932666467,97.9790704982564,87.6236637665592,588.589365695955,12.9663274378033,71.877800070367,95.1730553678654,95.7254028851097,41.1751880573498,7.47729340172426,7.37831695759284,-0.595612361765865,3.28834823430664,4372.88544730044,45.681556990142,759.286695105716,7.12063272550617,1.0000354,1,37.5,
4355,110.945190075604,97.199078282994,87.0389086971521,596.164812789716,13.0595394304874,70.9596984443799,94.9925855252511,98.2086924704874,41.2029888566762,7.47836417431417,7.37798131311872,-0.665138493587962,3.10987837747641,4401.74239174476,44.820293204367,759.121988307348,7.12259325759541,1.0000354,1,37.5,
4356,110.941023285433,97.4444536036059,87.4687281866031,606.976997809478,13.1886170951477,69.8190532746157,94.7348818470226,100.578806099821,41.2110762072695,7.47784949253073,7.37785617866805,-0.722360718748721,2.99559001501068,4426.13543850694,44.0066412611235,760.15788263348,7.12335991629855,1.0000354,1,37.5,
4357,110.482552426923,97.225491113895,87.4267936216566,609.113467096538,13.217506993913,69.8364533860704,94.7398643512452,102.775567280935,41.3906332103411,7.47758516255404,7.37593029757163,-0.800860530589397,2.8875129156468,4442.54636620438,43.2257051334075,757.957599645278,7.12388285753803,1.0000354,1,37.5,
4358,104.624583318203,91.8409749565762,82.3922209501562,615.417361247747,13.2931758131612,69.3699553226495,94.6360877273737,101.168732613663,41.863006452904,7.47769566218489,7.37096623080524,-0.940515766619791,2.45354575839114,4216.91248710585,41.6819740463603,737.86426748892,7.12312462684016,1.0000354,1,37.5,
4359,94.0680820575999,81.1074816366657,71.5279074124969,631.400119951202,13.4816040204735,67.3972684803817,94.1810846204553,98.0770297134779,42.2845131646586,7.4795247733259,7.36658179015026,-0.951093638484514,2.04899569571925,4144.64413896459,42.259070763794,723.475673747603,7.12150871175564,1.0000354,1,37.5,
4360,86.0795591269237,72.9453114786536,63.2373893038453,639.935414706843,13.5869056157444,66.171014239779,93.9049866956252,95.5275293707874,42.6759621033055,7.48232344740487,7.36255121529733,-0.960911090590872,1.7423720499445,4090.99141524182,42.8252613899681,695.631962259545,7.12062064934816,1.0000354,1,37.5,
