4320,123.673115429976,101.843199173608,85.7080436797714,510.543070329773,11.6777673240452,90.5869043537952,97.6974924081489,75.0643597575175,42.7422899104844,7.45390117038725,7.3872116534901,3.37479111532119,7.58367103269284,5342.94466201095,71.178182019675,772.554630463594,7.07283442258928,1.0000354,1,0,
4321,125.392837525649,104.153198736131,88.4543352830094,500.783743802899,11.6396031793916,93.3107421149719,98.030498538169,75.6756527628038,42.8795909637353,7.4525575000973,7.38555964457845,3.12417653558387,7.61442127706091,5240.80648904437,69.2535352879089,772.260033012274,7.07335725639005,1.0000354,1,150,
4322,124.535663251245,103.355846667254,87.7011996269132,504.038710752593,11.7565451269867,89.9758818838185,97.6804165019876,75.4665874641755,42.9619316144675,7.45293392724198,7.38447547906414,2.71687849073719,7.42439098859466,5211.60783754125,69.0584802183514,772.199227124822,7.07342657248264,1.0000354,1,150,
4323,122.889225727639,102.199147213632,86.9064804858877,516.858418100905,11.9757862993261,85.589997134514,97.1599676221736,75.822453967523,42.8840759460216,7.4544971646659,7.38501837407729,2.27945621861947,7.07085784010128,5115.10786717181,67.4616502040775,782.122273382462,7.07486070514332,1.0000354,1,150,
4324,120.887899890312,100.852477142379,86.0436864156463,526.766883562746,12.1488178534802,82.2378599920734,96.738545039822,76.659809643016,42.7695565220792,7.45808319328357,7.38593961690638,1.8365578876125,6.6680562191714,5007.96250594554,65.3270928960855,776.484416587348,7.0775945596344,1.0000354,1,150,
4325,119.326878397109,99.6020215314765,85.0227795003571,522.658203686533,12.17222032738,81.4671327754483,96.6838987338316,77.6851189502928,42.6533799567458,7.46111448287487,7.38688478792557,1.42598750606931,6.27871387054198,4996.27710314335,64.3144680815928,769.612348119228,7.08090894060675,1.0000354,1,150,
4326,118.068291529947,99.2998845742156,85.4275837808488,533.245734733808,12.3581055717254,78.5378866848116,96.2891538732124,79.3022744031524,42.5073947842379,7.46521751210756,7.38814014841137,0.947880045639664,5.7401125522768,4852.97301620809,61.1958869116013,778.580981423503,7.08528938998208,1.0000354,1,150,
4327,116.480021465345,98.5096099870543,85.2271319378826,535.620384625929,12.45587620134,77.1176646217088,96.1075301980801,80.8547538953143,42.3144044516611,7.46703531837273,7.38988454108353,0.501055966537495,5.27264143111832,4737.6001386648,58.5939590490715,776.381506795286,7.08880700059965,1.0000354,1,150,
4328,114.376409453176,97.3388546488742,84.7458793587382,547.862372072401,12.6686574896566,74.2882346326228,95.6762542728146,82.6136363353105,42.2020857541678,7.47100755840315,7.39080944310627,0.0783090487467923,4.79903951357895,4589.37796461024,55.5523055053885,771.859423135816,7.09270030895216,1.0000354,1,150,
4329,106.000665115228,90.0338653208851,78.2323176468057,573.991356311851,13.0488121365843,69.8317547292605,94.8715208889936,85.2679236182479,42.3450307699048,7.47713269425652,7.38911698287241,-0.491531970982965,3.90015410075682,4439.13537062849,52.0610234453802,759.463124310392,7.09782697149861,1.0000354,1,150,
4330,92.5303387400298,77.2813827821369,66.0104153349986,658.910697254579,14.1505889354985,58.1698679631335,91.7403879686308,90.9695039713316,42.5479036539467,7.48908570547711,7.38683428139256,-0.836162888208071,2.7871958216752,4523.04343629137,49.7204363971994,768.881321426295,7.10614219597617,1.0000354,1,150,
4331,49.8384161231326,35.2882919637151,24.5338523676239,656.265137465792,13.7700710821373,55.8627457146201,91.2992120790064,68.2244588941962,43.5110707034387,7.50814259486131,7.37693187351999,-1.04000029702438,1.13122135250035,3236.69383662992,47.4418396142863,528.149816105598,7.11444441015998,1.0000354,0.944531875063032,150,
4332,43.4189503879806,30.6985754640174,21.2965592158707,615.532246091887,10.5662185343357,49.3788898421139,87.9859541557742,72.1356595913198,44.1651484496292,7.49196764922935,7.37018312669246,-1.27291373547147,0.347330358669782,2991.88392912769,41.4757963825108,464.058769963603,7.0979722112948,1.0000354,0.582981129256739,150,
4333,41.4900114120975,29.5322986626355,20.69398923912,632.211875342031,10.126054249913,46.4174220429462,85.3990660896557,76.2280713839859,48.8090745559215,7.46027615237093,7.32562664456957,-1.41038286116994,0.0339585216704297,2972.06203579416,38.9890755706372,444.700043211274,7.07255141161024,0.99910305357937,0.484049656250992,150,
4334,51.0572243768684,40.3462003638011,32.4293565280557,1388.00897866712,23.2829404279208,47.8500969618708,88.7728154871243,112.85234752923,57.6775659169315,7.54805346049689,7.24985453749489,-1.55373885312491,-0.211043348200828,3941.27203894419,34.9241475718824,557.196157319122,7.06002078957934,1.0000354,0.779145046271929,150,
4335,49.2286829790291,36.866667633052,27.7295258555907,547.369903039145,13.1356709604715,104.317376502639,99.4352735462592,85.2073129688178,62.199216244646,7.60444860672898,7.21034569051434,-1.12950776444751,0.27265290669505,3434.47982873246,40.3073364135932,431.83582540122,7.16670057168273,1.0000354,0.99370229342237,150,
4336,44.9669305656635,32.8953606634872,23.9728959531831,1443.55324714497,26.1549439743615,61.7833388499751,94.6426346713862,84.365999859108,77.8405478251552,7.57813710534906,7.10428575107845,-1.20720094810876,0.0892655264634947,3320.67240505224,39.360315892632,418.621837027267,7.13698667782443,1.0000354,0.940877384595398,150,
4337,44.5594486422829,32.6750824896286,23.8909857681015,1649.06858571781,30.1028059942808,54.7730519919214,93.7171962000034,85.9268544422955,84.5163916537648,7.64307926295656,7.05653600766147,-1.22763753283106,0.0392425470056157,3329.65900575444,38.749923145278,402.25915607156,7.16103423752172,1.0000354,0.947643278550481,150,
4338,47.9122498463208,36.2373148961666,27.6080151504004,0,22.6679636809279,79.5024450467454,93.7010683917007,87.6410322567249,89.5587825902129,7.14371536594531,7.01495362560174,-1.24418796417635,0.04391744340812,3336.23608419356,38.0670560157347,407.370714941896,7.12757073884543,1.0000354,0.970532323898488,150,
4339,1.24355650800234E-07,1.24355650800234E-07,1.24355650800234E-07,0,0,12.1718642590364,96.9721426465331,0,0.292996768026434,9.51972367796854,9.49762450586637,2.32653505451767,0.0444913291976525,0,0,0,7.09969867682586,0,0,150,
4340,3.18562297233768E-13,3.18562297233768E-13,3.18562297233768E-13,0,0,0.416318780861838,57.5467189600407,0,0.00195652177941009,11.6948815068646,11.6729765642137,-4.65933887028314E-08,0.04448925392045,0,0,5.26680412911822E-12,7.09963959951116,0,0,150,
4341,1.59281148616884E-13,1.59281148616884E-13,1.59281148616884E-13,0,0,0.0453797701048741,45.1662962318631,0,1.3178900490518E-05,13.8665924422488,13.8446887968048,-1.47211545176162E-08,0.0444884904686322,0,0,2.64685150812174E-12,7.09897085624436,0,0,150,
4342,1.59281148616884E-13,1.59281148616884E-13,1.59281148616884E-13,0,0,0.00980852427920287,70.73983435081,0,8.87748186895847E-08,16.0382986157629,16.0163949790567,-7.42046024626575E-09,0.0444882096104045,0,0,2.66025247456414E-12,7.09807040754312,0,0,150,
4343,1.59281148616884E-13,1.59281148616884E-13,1.59281148616884E-13,0,0,0.00954779366213813,99.5599604910672,0,5.97815153565474E-10,18.2102719541321,18.1883683174847,0.747440985550906,0.0444881062884366,0,0,0,7.09705192019104,0,0,150,
4343.05104293019,1.59281148616884E-13,1.59281148616884E-13,1.59281148616884E-13,0,0,127.681693574149,100.116300197115,0,4.63128600806281E-10,18.3211642744857,18.2992606378385,0.791247962336331,0.044488103296191,0,0,0,7.0969925618017,0,0,150,
