4320,121.342112904344,99.5681435977061,83.4743401971481,512.251739494602,11.7147055066951,91.434897245111,97.789245070511,74.5429221589945,42.3386946012642,7.44994880216689,7.38201781168687,3.31959363622525,7.25576179629844,5292.23159993253,70.9957625305403,773.956954351335,7.07939620398145,1.0000354,1,0,
4321,122.633279273957,101.020946900069,85.0466142758913,508.688371360614,11.6917592086526,92.7762765906063,97.9477317394948,74.9605635563127,42.3618060470073,7.44955134961449,7.38170940391696,3.26326412307444,7.26928899227174,5282.37589584243,70.4687324272067,776.995832300391,7.07996287686592,1.0000354,1,37.5,
4322,121.6673930875,100.15790619877,84.2595898027516,506.472991346089,11.6833871910404,93.5727263628474,98.0394228084773,74.3446736243955,42.4354937743122,7.44907980034468,7.38088605154926,3.19769284293669,7.25925774735228,5214.04447482313,70.1333965250227,773.285679659009,7.07966771764607,1.0000354,1,37.5,
4323,121.350268645179,99.7050699570364,83.706444839714,510.653234733472,11.7513891157036,91.0294174504564,97.7577110945927,74.315479355457,42.4035836931504,7.44898549308248,7.38114598219861,3.10816475343113,7.21417486758659,5244.88151725634,70.5758956646118,773.952963548854,7.07896301319725,1.0000354,1,37.5,
4324,120.83372323451,99.3352075284254,83.4450002674064,509.783734911257,11.7573042259872,90.6974681647897,97.7277666952969,74.5134158011932,42.3921680421127,7.44955967698892,7.38119817706197,3.00180502270248,7.14418514565774,5223.21341194627,70.0976241094913,771.398732664548,7.07921301224907,1.0000354,1,37.5,
4325,120.601317156025,99.2666707876566,83.497584341471,512.219737609612,11.801617953995,89.5593080586155,97.5994059925891,74.8144836790365,42.3707809121714,7.45008732503766,7.38135411704913,2.88460136751361,7.05847610322215,5204.34350010037,69.5633150718203,770.940692194817,7.07953876160213,1.0000354,1,37.5,
4326,120.478116825927,99.3208159768215,83.6828110013956,512.820785679898,11.8232248021804,88.9830687744182,97.5378187757422,75.1464101818432,42.3510843351671,7.45073226088451,7.38149423995141,2.75971007320791,6.96288159457663,5183.98005629043,68.9850658700258,770.376209440415,7.08016674975724,1.0000354,1,37.5,
4327,120.359340638202,99.4101242984771,83.9259209169414,511.458198268781,11.8211767588139,88.9868796519328,97.546114687988,75.4732765276164,42.3327733399102,7.45106056289909,7.38162144143584,2.63602133251643,6.85549572752489,5155.32213616155,68.306589740743,770.106178850132,7.08077553947042,1.0000354,1,37.5,
4328,120.976364082177,100.088919695569,84.6503738445986,519.743078227113,11.9288177343913,86.7495577686605,97.2702911233504,75.765777481258,42.2992219930224,7.45221162401641,7.38190654393528,2.51353028527531,6.72633427105586,5160.04171346376,68.1051773637535,774.644495257805,7.08146454350995,1.0000354,1,37.5,
4329,120.516198029876,99.9048547720642,84.6703836684641,517.81689322261,11.9198890486016,86.8333199910754,97.2904409628659,76.0277923628038,42.2716185065662,7.45266153076619,7.38213157669449,2.38771972360431,6.59836449942956,5109.44228325009,67.2049276252543,776.751556924166,7.08337400350917,1.0000354,1,37.5,
4330,119.978470941352,99.6386248779653,84.6048256137231,515.394891007153,11.904923281487,87.0166449377101,97.3240988718053,76.3323004091529,42.2533864965358,7.45321668755365,7.38226063923741,2.26898338019094,6.46993547717735,5062.33445292939,66.3196893817492,773.574913491872,7.08393202332016,1.0000354,1,37.5,
4331,119.527333821489,99.4301969061548,84.5757913600385,510.176851247178,11.8572673308874,87.8843416728613,97.4431344513536,76.6767712534699,42.2437526057383,7.45337094058051,7.38230148661748,2.14877291551959,6.34909567908636,5024.49976235664,65.5283168581419,771.585947081741,7.08430111063731,1.0000354,1,37.5,
4332,119.877923554277,99.8351305510254,85.0208922442744,519.688100819477,11.9755691425437,85.7335348421295,97.1678764010896,77.0227893643195,42.2133441305357,7.45391597619713,7.38255643340429,2.03062429559195,6.21990371978453,5033.52587405786,65.3511242010358,775.46301456349,7.08451656053803,1.0000354,1,37.5,
4333,119.5870785165,99.8342556617196,85.234343116882,514.24135509951,11.9269893879906,86.4048339993886,97.2715968477122,77.3084994153294,42.2149160426115,7.45504033217386,7.38248321422429,1.91018942090755,6.08903504441556,4979.10441963904,64.4056534183838,772.854533111189,7.08561964365244,1.0000354,1,37.5,
4334,118.835736269889,99.3557593062608,84.9575154635791,512.059676341156,11.9136854172916,86.637808291108,97.3097242179522,77.627457767775,42.2125512366958,7.45531273065377,7.38244997113442,1.79267467462119,5.96291363297386,4930.58697705805,63.5160176416965,768.315806099072,7.08610951832544,1.0000354,1,37.5,
4335,118.391216951082,98.8572207719184,84.4190496829716,511.444956823369,11.9178783000801,86.6610173078006,97.3167696998182,77.7716717722492,42.2235168606956,7.45507768434641,7.38227900420557,1.7011598811206,5.87332969732707,4953.44510869019,63.6921515998284,772.90513283959,7.08667658512535,1.0000354,1,37.5,
4336,118.862530563983,99.6454200527408,85.4414688053008,521.201293192242,12.0345661013727,84.3872730431653,97.0216629462425,78.2161929779079,42.1595502937791,7.45658517447593,7.38287977710261,1.57783324914379,5.73217129189121,4900.94222704588,62.6589206205696,777.7897386525,7.08753493928361,1.0000354,1,37.5,
4337,118.117936336925,99.2055997351505,85.2269161599263,514.120338668245,11.9691960532791,85.4933819922611,97.1827425280052,78.6433708652711,42.1424516435086,7.45683610380404,7.38299827702405,1.45414072739205,5.60140310123041,4849.55769847766,61.6651809951755,771.771639066652,7.0885762921643,1.0000354,1,37.5,
4338,117.668708144792,98.9761219478469,85.1598625848873,511.564517417412,11.9515491110604,85.8623874061309,97.2368289277473,78.8179347759044,42.1452646549816,7.45664765412347,7.38291101372479,1.36169167315606,5.50224158864262,4803.84808266036,60.9486672838953,770.749218682288,7.08873825875444,1.0000354,1,37.5,
4339,117.262536663853,98.5375185683186,84.6972878020541,510.422563399725,11.9493533776847,85.8782737635652,97.2473896842037,79.1376529181286,42.1592213049275,7.45712591071952,7.38270879297013,1.26238768292051,5.40611315680162,4831.70303013923,61.0544140743956,768.671220303431,7.0886831396873,1.0000354,1,37.5,
4340,117.603441149716,99.2384903170119,85.664396223274,519.345292235115,12.0559607297723,83.8601742489246,96.9843072274531,79.6466211616149,42.1161411177115,7.45865021405497,7.38309481553926,1.13357038402494,5.25278614265559,4769.27042376501,59.8803860629247,773.73421201956,7.089259079808,1.0000354,1,37.5,
4341,116.981992503717,98.8676266964322,85.4787476214825,518.246802685795,12.0542883052389,83.8260479489767,96.9889556683531,79.8622580412401,42.1098502576597,7.45918847822023,7.38310173910252,1.03409786102018,5.14787524207131,4716.9311898073,59.0633336133761,777.005003069647,7.090683035395,1.0000354,1,37.5,
4342,116.502154712429,98.5598264268498,85.2981055201176,512.741053240688,12.0052162232804,84.5928220878538,97.1034515735968,80.0115540936918,42.0902802607085,7.4593493765666,7.38324514151639,0.969624611084275,5.07727494518002,4680.86726697071,58.5023915607178,772.985857679849,7.0916665901205,1.0000354,1,37.5,
4343,116.159050199122,98.3431396741355,85.174857981754,512.56416939377,12.0132036687028,84.5428465049706,97.0991100303006,80.4369667674996,42.0464275737038,7.45891129151077,7.38363941632905,0.886229348695812,5.01020428812252,4672.59919537599,58.0901963755295,772.629235188857,7.09171601654064,1.0000354,1,37.5,
4344,116.413832509907,98.6879006589857,85.5861249430874,520.19805233316,12.1054738046112,83.0024638026515,96.8901358837113,80.8464962642703,42.0149266721956,7.45955763099998,7.38390690375871,0.760553219372785,4.88888548119712,4672.66988583675,57.7968137365256,776.576952205716,7.09181351958469,1.0000354,1,37.5,
4345,115.95613951545,98.5378651195341,85.6634883921179,519.241472100967,12.1050936613145,82.7683247044213,96.8758221040673,81.1825697998824,42.0318087339604,7.46151763053199,7.38367496722029,0.641305929740917,4.7647226642858,4610.65624791235,56.7936720810607,773.008075945497,7.09294676615146,1.0000354,1,37.5,
4346,115.060820716344,97.9474825343027,85.298493443229,517.703054898087,12.0983516314374,82.8158336887237,96.8931639343265,81.5512563839064,42.0297917636652,7.46215389649356,7.38363834087041,0.535761688868246,4.64752026799016,4550.51144044541,55.7994032492113,774.708976529617,7.0943791526022,1.0000354,1,37.5,
4347,115.002664297705,98.0711024510652,85.55646978181,528.595653448107,12.2269691934497,80.816097255339,96.6062498809544,82.1128993651391,41.9521640841623,7.4633208111092,7.38438422035863,0.411155345969497,4.49392154825959,4533.18277766753,55.2067070182165,774.905416331021,7.09500880249669,1.0000354,1,37.5,
4348,113.98521028468,97.2477633862429,84.8766069830506,525.743695739379,12.2059941714941,80.9110479541383,96.642737504278,82.6216728162762,41.9867309243218,7.4653077117591,7.38397020004069,0.304985428031268,4.35146671697826,4508.97697540318,54.5737797566709,774.196205553472,7.09703812023601,1.0000354,1,37.5,
4349,113.291288358812,96.9735123462092,84.9125474673289,532.622306462298,12.2916209821015,79.4947489674985,96.4429389949099,83.2633504393332,41.9330232922194,7.46758035894245,7.38447057006924,0.218748553865352,4.2042362883187,4430.06064659022,53.2054093813823,779.200066806158,7.0987370196359,1.0000354,1,37.5,
4350,112.897065993968,96.7480232790778,84.8117743158979,541.458496614678,12.399266000277,78.0004987704111,96.2106106375008,83.9702552534478,41.849272330842,7.46872741805653,7.38528433982433,0.121736843082644,4.06936525704795,4421.47402841399,52.6552410144359,773.210036959486,7.10048282233367,1.0000354,1,37.5,
4351,111.742762236326,95.8750556936208,84.1467508577086,538.832389684276,12.3803153635799,78.166217373238,96.2576840127359,84.6531488589035,41.9077057630002,7.4701390961985,7.38462530143161,0.0450692018013767,3.96839944839085,4379.77801268899,51.737921999677,773.652826599009,7.10218928876738,1.0000354,1,37.5,
4352,110.495703253727,94.7804263552152,83.1647869084891,551.838148109385,12.533935286114,76.2881794349232,95.9473658808564,85.5922763980767,41.9381197223429,7.47146862483249,7.38425937156954,-0.0573125962456533,3.81969688988971,4385.82638792331,51.2409129945966,775.099214031036,7.10276676084899,1.0000354,1,37.5,
4353,109.125056557725,93.4127393207005,81.7992874498565,568.450972006964,12.7284007630099,73.9264656208169,95.5325710749961,86.9306800637558,41.9779768645504,7.47409869811143,7.38379848368244,-0.151031664793775,3.65955794679528,4453.56851419913,51.2312627824013,770.859474936099,7.10487577651955,1.0000354,1,37.5,
4354,107.665877941049,92.148077329067,80.6783986158631,580.678047307016,12.8741446809312,72.1909814668166,95.2110318245821,88.6388135905067,41.9910770197986,7.47659500753346,7.38361752159762,-0.242360577181205,3.49079592422374,4484.86034002619,50.5970258215022,778.023240945868,7.10751202701209,1.0000354,1,37.5,
4355,106.168776808122,91.0147868763659,79.8140117094158,597.703688014527,13.0741889572517,69.9364490967813,94.7448209119494,90.7596338260177,41.9582544777914,7.47874079631051,7.3839151059468,-0.348297475166929,3.2711021596019,4484.5053979791,49.4107920992244,772.164264030232,7.11059951767341,1.0000354,1,37.5,
4356,104.892290551985,89.951635245251,78.908542192448,602.785840949725,13.1383851327982,69.2015104497229,94.6074378042408,93.0959504507803,42.0156501202244,7.48110628559294,7.38328309041534,-0.43535151680146,3.10168068377943,4535.18761725933,48.7151975494045,768.605963187001,7.11302879002484,1.0000354,1,37.5,
4357,104.057033196479,89.6007255803963,78.9156286467699,616.046996296831,13.2949074722038,67.6556521888625,94.2469182137884,95.4346696436152,42.0883321059634,7.48203275435667,7.38249782367961,-0.52678889823335,2.92413423440413,4498.40317685247,47.1359432966133,773.436982122298,7.1144640913006,1.0000354,1,37.5,
4358,100.909945793366,86.9093872837,76.5611483852509,615.95950714633,13.2978991896784,67.8537250728269,94.3121862831715,97.9613446982324,42.2912812338246,7.48294495737739,7.38037799536121,-0.669621113625618,2.56007448681621,4471.9292146262,45.6499370073152,770.255187517139,7.11520448699935,1.0000354,1,37.5,
4359,97.5611025192683,84.3039567871294,74.5051968981572,615.419996958721,13.2951852386693,68.3060013575156,94.4165515583194,100.638034625405,42.4948842865161,7.48209971538336,7.37826647611638,-0.766755105735967,2.18853383202291,4350.17771106967,43.2259803886464,758.972656840628,7.11464098286997,1.0000354,1,37.5,
4360,93.6239320684753,80.4708921440475,70.7490800259921,599.255910805624,13.1133936011537,70.8615720846795,94.980774516261,100.239174224655,42.9258861414977,7.47942772908994,7.3738620789205,-0.830547877939935,1.94816913278536,4298.91086421327,42.8865351043155,731.767499790404,7.11136096347616,1.0000354,1,37.5,
