4320,114.531845083014,92.4212369358551,76.0786135227376,497.288466264072,11.5345167680815,89.7453477305479,97.6227380896664,72.1498303890594,43.8218751771981,7.4596269498994,7.39547111325585,3.44678479984078,7.38518960263372,5201.52660407473,72.0934003035921,768.774599345049,7.09022911983703,1.0000354,1,0,
4321,113.052693343422,91.0030349634419,74.7054613782392,487.054539765062,11.4877885430197,91.2012254535202,97.8190845524242,71.5341258171429,43.8807043241927,7.45816251387399,7.39461401801221,3.24835030037834,7.34545890235598,5142.92227847,71.8946687293901,767.738914582544,7.0898889146837,1.0000354,1,150,
4322,111.589928836027,89.6358124047389,73.4088567816127,491.536633019121,11.6264942082273,88.5059945032349,97.5313867675233,71.4357280472941,43.9016048049595,7.45883156300126,7.39414132038087,2.81478431342498,7.11967273116796,5113.59419257412,71.583146590018,762.97575749335,7.08997076854374,1.0000354,1,150,
4323,108.185091037603,86.85149043227,71.0831769413717,513.288520218305,11.9625555292465,83.0000781839733,96.8466270246841,71.6570541212201,43.8549334623837,7.46283585120003,7.3943430403759,2.30278553053361,6.63976806125918,4984.45789717862,69.5599052780842,758.205433580774,7.09183653037476,1.0000354,1,150,
4324,106.917677337919,85.6333851240648,69.9015169659988,513.907298552167,12.0391589263253,81.2105780281568,96.6451893436659,72.7018364449999,43.5761163508929,7.46653723622718,7.39685471742267,1.96357331743283,6.27925490486798,5045.44429590858,69.3991313372879,762.466023136256,7.09608803960018,1.0000354,1,150,
4325,106.54254201345,85.8661926401977,70.5836735382284,519.757755562314,12.1732456515677,79.0639447217731,96.3622761356329,73.9827504986783,43.3155012856776,7.46854489601968,7.39920495539854,1.56840653733091,5.94259348485798,4987.68660057468,67.4168852462951,760.430859205241,7.09937871618946,1.0000354,1,150,
4326,102.808733060713,82.9912564311167,68.3435563135892,530.313688809284,12.3629466918261,76.2268390338324,95.9578707677046,74.8583748962001,43.1945691335331,7.47278615353481,7.40016589744818,0.901604585147338,5.26556015833705,4837.08335218796,64.6164622047318,764.188644038592,7.10362824943494,1.0000354,1,150,
4327,91.9596266630467,73.6515491574638,60.1194918707286,544.859205397256,12.6046367106165,72.2879990286366,95.3544477359611,75.5728935730637,42.9660535231004,7.48276147121622,7.4022096057263,0.343752281652282,4.04314753674043,4511.31980441924,59.6949460464645,736.786447252693,7.11011976421033,1.0000354,1,150,
4328,78.5286479214786,61.4710599231435,48.8632774895916,551.377859954277,12.7577526737928,70.0999800600778,95.0167211069776,77.058498962065,42.9602976205541,7.48877230587064,7.40201291025513,-0.0499344228270058,2.96356632222772,4285.81072387088,55.6176253313828,688.243490415433,7.11518737649659,1.0000354,0.999961017411032,150,
4329,63.8266543494335,48.0095642437467,36.3186715569347,567.364972810266,12.8746972240882,66.2288579420892,94.2101943157236,78.6204515825554,43.3309915540804,7.49245248763438,7.39805179183472,-0.434347329101909,1.90266714529748,4054.68335654569,51.5728830721364,627.310630430402,7.11633222080147,1.0000354,0.9814408164576,150,
4330,41.9809512563751,27.1684292979842,16.2200435026518,349.578112695603,6.99648282413011,61.2881009559874,92.1788230038942,59.8824614725854,44.7206274964216,7.44948899009197,7.38412568209208,-0.482011255577272,1.17227186274353,2892.167706937,48.2974085536055,405.210996954874,7.09143939256534,0.992784360958412,0.499111802709237,150,
4331,38.5311921734116,25.9592059331413,16.6668682772894,481.287685442649,7.51561537155051,52.1897717377207,87.7490779595814,73.231163670379,50.3324615409114,7.42417498740849,7.33215969705215,-1.09356535078746,0.189272488924971,3001.88917002219,40.9919632512464,389.31977394638,7.05095430973086,0.967320234952978,0.408135907728708,150,
4331.4098768634,36.7466102268301,25.0646805880526,16.4302108550432,524.804769054205,7.73417892583916,50.08120018419,86.2027128531032,NaN,52.637452526679,7.41099014076228,7.31209616565091,-1.2527788488396,-0.114046764434201,2821.62487443106,38.0898627555384,376.211130045325,7.03582837542583,0.94774385089095,0.360732746677657,150,
