4320,115.989459198548,93.8694699284023,77.5199126417731,496.906518328557,11.5245799299128,89.6082767118585,97.6081641253628,72.3346384600135,43.9712066505389,7.46070634197745,7.39684772725682,3.41999343873124,7.43885219132146,5217.06261094814,72.1239882028598,770.756102548153,7.09134670261017,1.0000354,1,0,
4321,115.753772976638,93.6634654023091,77.3358467604137,491.238215813114,11.4731033828364,90.7111351191145,97.7460468829905,72.2662976009731,43.9734019407403,7.46021938717856,7.39676175424865,3.38827487870622,7.43690624046467,5205.13969694873,72.0272086677184,770.89191820252,7.09153772484533,1.0000354,1,37.5,
4322,115.571606992563,93.5025909341965,77.1907094997516,492.653490615425,11.5110168972359,90.1695158334786,97.6870703228476,72.313171711059,43.9901260643231,7.45983227202039,7.39653549562647,3.33668927177952,7.42215867774027,5203.49573371989,71.9577859827729,772.769537580668,7.09130703718412,1.0000354,1,37.5,
4323,115.492261256378,93.490468962212,77.2282746578287,490.363831456945,11.4999596398806,90.4662164049822,97.7285066673235,72.3790431186421,43.9936393667656,7.45968666001102,7.39644214559993,3.25267428355398,7.39214133530631,5192.37104470395,71.7385975411797,774.581292383526,7.09140126418708,1.0000354,1,37.5,
4324,115.262619722881,93.3545060147944,77.1615524044694,490.885894340726,11.5241093295451,90.1618777776839,97.6975164850556,72.4785196696799,44.0058110769719,7.45941472242318,7.39626556043181,3.1524197922139,7.34534875199948,5177.36904301959,71.4331510441354,774.83792141152,7.09152170399966,1.0000354,1,37.5,
4325,114.969575701722,93.1721630709953,77.0610319961104,490.301943699638,11.533160483238,89.9834706958395,97.6840239523528,72.6270011554503,44.0168749433423,7.459689183104,7.39610165621039,3.04041478203558,7.284262605211,5161.76085010459,71.0722013574041,774.5290003218,7.09161907796833,1.0000354,1,37.5,
4326,115.313208969077,93.4530488058663,77.295539120015,497.060789877469,11.634984319375,88.1861198621864,97.4718323628894,72.8288651151783,43.9850077316603,7.46013269193225,7.39636286097856,2.92557984464896,7.18432139482972,5191.00806622433,71.2767946886826,777.873319335536,7.09177920544284,1.0000354,1,37.5,
4327,114.710800620925,93.1483737831197,77.2109278595244,497.92598027076,11.6609206600685,87.5849751814346,97.4080762748284,73.0316288562725,43.9749230482233,7.46122968618991,7.39640966099395,2.77139615693197,7.03909796305783,5134.562534496,70.3060114488328,771.906318019148,7.09286420566682,1.0000354,1,37.5,
4328,114.034117944391,92.7107731468571,76.9500400356366,505.823930687617,11.7722854690773,85.6604469255372,97.1695038053764,73.3341596672627,43.883526369093,7.46285591192458,7.39725872202463,2.588150078991,6.81597896504508,5098.66491468992,69.5264653992623,773.552515378141,7.09387453140391,1.0000354,1,37.5,
4329,113.234837929986,92.1773404210694,76.61310313187,506.10119696114,11.7895730572579,85.0770456711197,97.1070700022552,73.8090372943485,43.7722164671999,7.4645444372943,7.3983033796481,2.42290319792356,6.57120404927215,5067.7026028103,68.6596491240014,771.383431376773,7.09579882209742,1.0000354,1,37.5,
4330,114.096913792705,93.3180777768936,77.9598076782501,512.34266027917,11.8760253971041,83.5385174103423,96.9119780880477,74.4023067553989,43.6675093596343,7.46700146388388,7.39928175086928,2.32183933263042,6.41634599843981,5040.83448795362,67.7510511135845,775.279122948809,7.09782812585253,1.0000354,1,37.5,
4331,114.034632493372,93.7648197936074,78.7827843198685,489.613010075086,11.6116284155473,87.2204652774047,97.4107924230022,74.7330378146616,43.618752155478,7.46543397082929,7.39970601385752,2.18420798131459,6.270944586056,4939.20661273378,66.0913400172899,776.303963062383,7.09880977501574,1.0000354,1,37.5,
4332,115.091375919225,94.9926181950087,80.1370146597184,493.753009041996,11.6762690564078,86.3712895474673,97.3100934703441,74.9192792311088,43.6681988520863,7.46608023051125,7.39915500978988,2.0884693377433,6.18199449191141,4909.7301998902,65.5336016346981,777.204861730811,7.09933938664815,1.0000354,1,37.5,
4333,115.38984740952,95.6629960704418,81.0822798632971,484.692897777899,11.5720679186422,87.8140951787508,97.5006810756858,74.9364995319032,43.6984002238994,7.46623217141893,7.39879688490019,2.00205320627206,6.12589939757235,4819.98842981228,64.3209712212436,782.747923686599,7.09988971480065,1.0000354,1,37.5,
4334,116.076429915775,96.4708898795698,81.9798385484616,484.251032783465,11.5774134529803,88.0199551746595,97.5255983005354,74.8422741926996,43.7289826746113,7.46531091354438,7.39843627088768,1.90305878893835,6.07177999959912,4784.32426420582,63.9254260484845,782.150903258515,7.09997354911729,1.0000354,1,37.5,
4335,116.236126038901,97.050622252722,82.8700324977201,489.036047803141,11.6496174309774,87.0043010454087,97.4055721552552,74.6743586149594,43.792972897857,7.46583676334218,7.39774553643871,1.80124466694677,6.00734323990698,4671.31904974208,62.5558643741238,788.936798978628,7.09998566066987,1.0000354,1,37.5,
4336,115.491030638933,96.4195759563791,82.3232833649261,479.055970638057,11.5305653072247,88.9640249857458,97.6491626220863,74.5857878587277,43.8679024361663,7.46534669843042,7.39694787928656,1.70394405118146,5.9544156205703,4638.04249652694,62.1839981808843,782.500450990701,7.10061668090246,1.0000354,1,37.5,
4337,115.57261788537,96.6374805830722,82.6419443161563,484.754763106626,11.6152462811892,87.8060185876704,97.5123859280804,74.5360760045986,43.9148464364745,7.46531306245816,7.39642945540982,1.59447330660094,5.89474422433885,4601.8218903724,61.739524496681,788.197915178336,7.10001863553959,1.0000354,1,37.5,
4338,115.539836830252,96.7815866409683,82.9167930228018,487.463609642306,11.6600966894016,86.9865671902892,97.4210140740324,74.5392824375566,43.9450226361824,7.46651929883162,7.3960780926814,1.48831154403306,5.82299600332202,4559.02898508455,61.1627699650016,788.945912021172,7.10053795265108,1.0000354,1,37.5,
4339,115.460495363945,96.8083927801634,83.0220560878029,489.615256233092,11.6973007760887,86.4261546618509,97.3568587566755,74.6154415024476,43.951227295213,7.46704325884887,7.39596430054858,1.41804871181476,5.77291256988816,4537.86247653809,60.8166672362212,787.600617408263,7.10141244566315,1.0000354,1,37.5,
4340,115.658718871682,97.1446773202144,83.4603857386952,495.093264762267,11.7751355919257,85.2221449042994,97.2086011433826,74.6525012931886,43.9193642211116,7.46797083177603,7.39622763827388,1.33557715147309,5.71659207363698,4506.51083411548,60.3665082354938,790.400554390441,7.10189627738188,1.0000354,1,37.5,
4341,115.713289745168,97.3470130193506,83.7719389176592,496.01640846032,11.7958210097964,84.6752410062725,97.1496921391091,74.6863167457352,43.8967725604254,7.46956960203714,7.39640000657131,1.24436158383294,5.65672527463183,4472.56836275706,59.8847092431086,789.323301689986,7.10308353173746,1.0000354,1,37.5,
4342,115.681172459337,97.4678305516079,84.0057952285038,499.057095607894,11.8416563947645,83.9771376541412,97.0623318455603,74.7327984990284,43.8616887978191,7.47019043260089,7.39669639338729,1.14852832142659,5.59108384971798,4438.08593835125,59.3860530782739,787.273822730105,7.1043370550087,1.0000354,1,37.5,
4343,115.461210407675,97.4271060567225,84.0975506668876,502.382283570375,11.8897915666592,83.1209662504133,96.9577111720802,74.8189482206261,43.8520941210647,7.47185338162354,7.39674099937731,1.04931846819125,5.52038485377792,4399.47646470224,58.8016347373538,785.375099661061,7.10517119524907,1.0000354,1,37.5,
4344,115.171461151947,97.0490828990054,83.6542815816138,506.033714119598,11.940138936914,82.3434407198413,96.8578653589859,74.9735775804425,43.8586925712859,7.47296649276859,7.39662567522545,0.948007719505143,5.4448249602479,4430.14812586082,59.0894588311131,789.522727583976,7.1063083812622,1.0000354,1,37.5,
4345,114.857039112134,96.960798285048,83.73314202155,513.198858993693,12.0263827150276,81.0617346614337,96.6768667810738,75.2330857523206,43.8311558403471,7.47382381995317,7.39684924195312,0.845305456801208,5.35238461338989,4390.01002737615,58.3521197286625,785.316984436688,7.10761928691253,1.0000354,1,37.5,
4346,113.353206123021,95.6558363352234,82.5751717094596,537.399816505854,12.2959504767943,77.3708070264287,96.0987609798457,75.6997240756195,43.8718635458702,7.47651300639764,7.39639793493645,0.666701277080685,5.1663886554314,4368.15302152059,57.7036848530262,794.717250392007,7.10914582586368,1.0000354,1,37.5,
4347,111.033085262039,93.6305581607198,80.7678207380054,558.890769040874,12.538525496579,73.9190236106379,95.5186497722144,76.7057215174523,43.7907214113242,7.48257364282698,7.39715469070131,0.501290729595666,4.87196995843842,4352.4611156107,56.7423267718095,783.85767378556,7.11337763450075,1.0000354,1,37.5,
4348,109.720470271683,92.4414752553764,79.6700441563675,571.627353063844,12.6863316070798,71.7114889883604,95.128885808158,78.314687328124,43.6170861570974,7.48813619774269,7.39883442415195,0.401446290162769,4.63926750283494,4412.21350331247,56.3395405618631,782.243572120845,7.1184162569098,1.0000354,1,37.5,
4349,109.700693231125,92.6915070248291,80.1194998288709,577.483933708692,12.7579217681013,70.7825427134987,94.9504041118906,80.0031149564536,43.4464425490459,7.48974626913016,7.40049324656685,0.331255964310711,4.50663305934414,4436.95734931122,55.4598074303269,787.301579146853,7.12229308475863,1.0000354,1,37.5,
4350,109.37915985297,92.8117017573231,80.5661892518453,577.784124786993,12.7668834336326,70.7417609154108,94.9556574599537,81.3679660272599,43.4832316189169,7.49055688690563,7.40008426952537,0.220516793369605,4.33668739731783,4395.45828227084,54.0195177153411,781.877465715624,7.12453917955195,1.0000354,1,37.5,
4351,108.56619523942,92.2756863433168,80.2348754201103,578.700982369917,12.781665316589,70.8467192394596,94.974893495812,82.6027539600627,43.6040798479496,7.48983609758017,7.39883958099282,0.138170272142761,4.22072839158659,4387.56940990667,53.1165027745684,789.01043024717,7.12483731322722,1.0000354,1,37.5,
4352,107.348406281418,91.3856510545075,79.5870928433126,592.701517407177,12.9414999404275,69.2401494520959,94.6311546000287,83.8590457388869,43.8386018855115,7.49141085186449,7.39647306918874,0.0103434792894674,4.01193052624413,4364.68184387423,52.0478358108748,780.63517062229,7.12504049420763,1.0000354,1,37.5,
4353,106.630728759592,90.8863617675692,79.2492209473781,609.640862893494,13.1348711575999,67.2386069857656,94.1560041636277,85.3795676296564,43.9136006082054,7.49237113213284,7.39569577316336,-0.0808546988652461,3.84314876681569,4383.02529696996,51.3357635632664,787.348281363585,7.12594989711234,1.0000354,1,37.5,
4354,106.036176031634,90.5245590925301,79.0594509201491,616.428434025803,13.2140751243589,66.5327884436405,93.9815607839336,86.9925887103656,44.0068330615138,7.49278764490801,7.39474214522133,-0.17485851692097,3.67757525547794,4399.81228151291,50.576863463182,791.982887242491,7.12746654411599,1.0000354,1,37.5,
4355,104.99597173996,89.9174574476493,78.7724686228981,619.039390979296,13.2454948981244,66.3308057287881,93.9489770390337,88.5663437912184,44.2167770400845,7.49413401189077,7.39264486119297,-0.267338229571264,3.5187728899228,4354.33752425999,49.1646977606378,784.382646816401,7.12836566759153,1.0000354,1,37.5,
4356,104.484809290947,89.7449178241009,78.8502154355628,628.918365624607,13.3585717996132,65.3103204800303,93.6810302336514,90.0648915383671,44.4003607845909,7.49458853253215,7.3908170886015,-0.376172617301017,3.32118884687178,4328.57191987603,48.0605910465354,796.099772397062,7.12820200209145,1.0000354,1,37.5,
4357,103.842391592371,89.2950604845242,78.5426853178552,634.61796905063,13.4240879626684,64.8274871532681,93.5468613062137,91.6353915834329,44.5414699249289,7.4945288917946,7.38941230178924,-0.45192302444076,3.17122559833854,4346.5170299805,47.432732647004,790.473116818186,7.12893962596516,1.0000354,1,37.5,
4358,103.050971933058,88.8911583853996,78.4252092414784,638.510328171703,13.4686592371034,64.5809118367602,93.4866972207656,93.0807839663567,44.7926194102353,7.49512010270701,7.38694459330927,-0.536558623632268,3.03190957459969,4297.46540118277,46.1692007529294,786.401750354272,7.12939110060003,1.0000354,1,37.5,
4359,101.922681896017,88.158941181054,77.9857415221685,641.733603778706,13.5053343882453,64.4690396921538,93.4589845658188,94.5079830395369,45.0573682753102,7.49533995776317,7.38436027010833,-0.638732503265146,2.83276883484777,4241.30787672223,44.8777737109034,781.533737546614,7.12896633220557,1.0000354,1,37.5,
4360,101.102416051521,87.7287443020247,77.8438564871793,645.575980687488,13.5487689011579,64.2875712381783,93.4078864943735,95.8836239646585,45.3065832708573,7.49536129602666,7.38194014671306,-0.734478480864681,2.64181153237612,4181.09390022072,43.6059227565473,779.6211550845,7.12857529814771,1.0000354,1,37.5,
