4320,115.244886761163,92.5303569279456,75.741356616437,500.251746241067,11.5584887415687,90.6294459990734,97.7085804187718,72.2192898303269,43.1363956945874,7.45545616941672,7.39166687415364,3.64823799117839,7.47206511185182,5348.74368793187,74.0625350996706,770.791543097288,7.09230896513442,1.0000354,1,0,
4321,114.317079989088,91.6622296455368,74.9173402611731,493.778291300605,11.4972080574323,92.7628960389842,97.9566544929103,72.0132690597106,43.1747487388541,7.45442833726304,7.39121674109739,3.61990927778728,7.46883792652632,5319.47222456951,73.867945366552,767.364735761153,7.09184728412738,1.0000354,1,37.5,
4322,113.868382108586,91.2561230199561,74.5427141283598,494.254941520784,11.5227905983006,92.1710537778202,97.8961075904549,72.05644751417,43.2053713036688,7.45424690066576,7.39084782945466,3.54109238880271,7.44636663903834,5312.65509221818,73.7290731849282,768.189271601455,7.0912348635688,1.0000354,1,37.5,
4323,114.145001150627,91.4114817021959,74.6084455881385,501.32054027523,11.630211336789,89.7052084816015,97.6129154970347,72.1554337124571,43.1889091934422,7.45427490572541,7.39095486706122,3.43192668330031,7.3896407276451,5348.48200106679,74.124452253738,771.741261054084,7.09119265007417,1.0000354,1,37.5,
4324,114.038545410053,91.4440023057887,74.7436878374192,498.940304008883,11.6174919212357,89.7176814112401,97.6258971332578,72.3470621471795,43.1809315881491,7.45512991860454,7.39097909856236,3.3405592295401,7.32141865996943,5329.90275663437,73.6713088057601,770.877158955379,7.09200291701967,1.0000354,1,37.5,
4325,113.787921148907,91.3499248094618,74.7653188194367,497.728970029633,11.6184292960282,89.689729890346,97.6292762429954,72.5416350438873,43.1568817073911,7.45520409082362,7.39116681016579,3.23150593242615,7.24173909011446,5307.20953731741,73.1608756007027,770.042484719245,7.09242770757824,1.0000354,1,37.5,
4326,112.888557493056,90.7390606848637,74.3676934788086,499.570972051459,11.656885994376,88.906885515838,97.5417113741164,72.5180021705579,43.1736046644949,7.45565864582263,7.39094572160252,3.07823754669482,7.12616971889753,5237.26461185257,72.2201998827111,764.658403211171,7.09274650225959,1.0000354,1,37.5,
4327,112.071315630317,90.0576218467845,73.7866307893911,505.317009551143,11.7423809314507,87.1492968333504,97.3330937777716,72.7511633064839,43.1367003816818,7.45732339777066,7.39126503482809,2.91631381022673,6.94654663327762,5221.88958889746,71.7774032959287,766.463856074277,7.09333568349785,1.0000354,1,37.5,
4328,111.404738824768,89.6687499243628,73.6030189979767,506.98779417486,11.7768665484726,86.1737217786561,97.2208709471426,72.9947788210922,43.0294285975262,7.45911051250865,7.39229457270901,2.76156132565877,6.73137694922013,5173.28044537067,70.8719243885951,769.10590412552,7.09448052821654,1.0000354,1,37.5,
4329,110.170595292912,88.7281031232357,72.8793045630405,502.13621794157,11.7322292851558,86.5595962588032,97.2848107937057,73.3169762661846,42.9497702421549,7.45999470948361,7.39304727264869,2.61466888944185,6.50434671599257,5125.95308930297,69.9149549033867,756.21595580363,7.09579665360334,1.0000354,1,37.5,
4330,108.920798412601,87.7714906304369,72.1393935740551,501.08684001108,11.7331993363922,86.5466340441502,97.2902059723148,73.6786987879056,42.9260393351145,7.46011364862708,7.3932347101487,2.47214175595443,6.27629174453669,5080.80967250382,68.959003838133,755.738999193475,7.09638266360163,1.0000354,1,37.5,
4331,107.760192472357,86.9068610025509,71.4935290466072,490.369135349748,11.612772354516,88.283559881918,97.5190334328546,73.9248203662769,42.8987914602739,7.46005876438308,7.39345675376295,2.32961375332817,6.04861437539739,5026.44050125663,67.9939494793767,747.793937095031,7.09666566243367,1.0000354,1,37.5,
4332,107.11745185194,86.4073949161565,71.0999615288385,495.342213498058,11.6891325941801,87.2751831589909,97.3975927508173,74.6389933070267,42.8997862291539,7.46012401890999,7.39339128374991,2.21294374574983,5.86482139135645,5040.13173439194,67.5267914407608,754.29766016613,7.09643206852336,1.0000354,1,37.5,
4333,106.802673856834,86.2714613730989,71.0962173633819,494.902602542044,11.6967445669601,87.3315764414267,97.4078401500885,75.0493525109464,42.9013423859098,7.45966306153624,7.39331857484575,2.07995137550296,5.68621765137378,5024.07795114423,66.94365484914,754.867491917356,7.09631263277369,1.0000354,1,37.5,
4334,105.83936088319,85.6541439892651,70.734635850277,488.202862378163,11.6248719461119,88.7150136000712,97.5832244012713,75.5838348486401,42.9411576998291,7.45911289062785,7.3928570215882,1.95354014896014,5.52561451016277,4974.5885362209,65.8155086492069,750.736513113745,7.09616873616829,1.0000354,1,37.5,
4335,105.717798788923,85.7983684513895,71.0753112453862,497.145069584007,11.7497825949763,86.6986246075605,97.3417333975095,76.2411495599259,42.9669744486165,7.46038785664917,7.39253637989473,1.83572494867761,5.39003278497557,4951.77806644857,64.9488903962085,753.293223721875,7.09620533268702,1.0000354,1,37.5,
4336,108.154256045784,88.6580535496714,74.2478169221102,500.848316294328,11.8067276951261,86.0935551634709,97.263407625712,77.6868349525931,42.8452369602125,7.45971788659096,7.393709932248,1.72962448559464,5.29684938303795,4938.46837356804,63.5689222837003,766.745867579702,7.09705072187509,1.0000354,1,37.5,
4337,109.875500519121,90.5993769637183,76.3518073792903,490.539782314694,11.6906633156181,88.0037999451341,97.5176036810233,78.6573727357807,42.9230687308531,7.46032546052501,7.39286551201517,1.61502763268086,5.2435557279299,4943.72106927394,62.8513373549925,772.601400116924,7.09809685736386,1.0000354,1,37.5,
4338,111.454038583155,92.6826383911603,78.8081252057726,478.510059447763,11.5456029098573,91.7336168657112,97.9466715108209,78.2284342309194,43.0932092468065,7.45850001139762,7.39109331597413,1.47767433915743,5.21107297321754,4788.02189937666,61.2056465970301,767.76105969331,7.09900488918368,1.0000354,1,37.5,
4339,112.673421396886,94.2169524443948,80.5752145229886,488.620919576189,11.6862514604979,89.1435610556024,97.6539069284805,78.4339422603022,43.1646289130141,7.45841320757205,7.39032093400437,1.39874353302983,5.1779133548735,4720.05959798636,60.1787881874111,786.094079975266,7.09812165280234,1.0000354,1,37.5,
4340,112.308111616651,93.8916163803976,80.2794242492536,484.1879647915,11.6389968933536,90.5275198219989,97.8159769331111,78.130824067271,43.285806914634,7.45785745661736,7.38905103912638,1.31015393691558,5.15405648224152,4691.63493709994,60.0484506993094,774.862682640822,7.0983728251035,1.0000354,1,37.5,
4341,113.49772319134,95.1566336578018,81.600176176491,488.189856779344,11.6991962697068,89.0739143307541,97.6583000355144,78.0021743245609,43.346266962665,7.45935968586856,7.38839380222459,1.23455284779177,5.12169781906296,4664.73161303852,59.8025843950059,785.249456254136,7.09907600192617,1.0000354,1,37.5,
4342,113.861241648912,95.876282286981,82.5830514542492,484.35166745209,11.65897694278,89.543930037336,97.7251927029127,77.7430548827977,43.4157552394507,7.46085371888407,7.3876482000892,1.15667920553248,5.09534867661285,4558.96107974979,58.6413935832943,780.222594708984,7.10022539838057,1.0000354,1,37.5,
4343,113.890803536312,95.9964381917956,82.7701681545446,482.011987296259,11.6372581351316,90.6077440890648,97.8415171719856,77.3451740358537,43.4590545821396,7.45913679697642,7.38716581680531,1.06936710903471,5.06881984656779,4512.781877628,58.3460045682498,782.410525366938,7.10039368392946,1.0000354,1,37.5,
4344,113.605040317918,95.839191468455,82.707911884069,488.415259616485,11.7273312459236,88.815489693124,97.6406686914154,76.9856240771581,43.5621343634611,7.4598439824405,7.38608832015543,0.976958041908444,5.02974130717472,4459.54365089088,57.9269662920618,783.578853921299,7.10019389358059,1.0000354,1,37.5,
4345,113.10535253908,95.4728053307357,82.4400530463074,493.317147339326,11.7963926419256,87.5157336778775,97.4909455228271,76.7866035496793,43.6209756400682,7.46076754854165,7.38545402556118,0.880123812282815,4.98057393739632,4414.64041804112,57.4923256656995,780.429923653439,7.10063211106457,1.0000354,1,37.5,
4346,112.824807945372,95.3094898505467,82.363385171763,495.564067817051,11.8317637925596,86.9331196065843,97.423456814568,76.8311956039772,43.6394324378191,7.46110809161841,7.38522297116593,0.816015891809534,4.94009726883923,4387.83655696373,57.1100907967205,778.898872796215,7.10114725798802,1.0000354,1,37.5,
4347,112.193375395737,94.7234478678232,81.8108927384953,511.157260405629,12.0168932913573,83.6518227311528,97.0052027824905,76.7954144211261,43.7401668346567,7.46387549743026,7.38417573804271,0.682993315766577,4.84057712478888,4374.42740270267,56.9620912352194,783.02413102979,7.10198722230177,1.0000354,1,37.5,
4348,110.369899531963,93.0601446036953,80.2659779175845,530.857740727066,12.2372943820486,80.0894995271404,96.494836728335,77.1189304203969,43.7331021102155,7.46688861871106,7.38420093774602,0.554440738366454,4.6895559702185,4352.57976280289,56.4398357066904,786.707035872231,7.10417506743618,1.0000354,1,37.5,
4349,108.890700021067,91.4956407706954,78.6384230638988,553.746078509704,12.4945381182819,76.1619424825872,95.878864527092,78.1634866321116,43.6418985014517,7.47310926391013,7.38506375252893,0.461175357061412,4.51745832330973,4433.274856466,56.7179772485314,782.268158735531,7.10857677916751,1.0000354,1,37.5,
4350,108.890298521787,91.7282214640889,79.0432079866599,564.695940145326,12.6215826982464,74.4297478461922,95.5736114016042,79.5964455199919,43.4231167023251,7.475051598879,7.38720437311238,0.392732330653684,4.40896070701752,4454.08338823605,55.9583202382742,783.709272645818,7.11258347355471,1.0000354,1,37.5,
4351,108.588589010523,91.6931598945926,79.2052340262964,568.114178752986,12.6647330012881,73.8033620009899,95.4770350752227,80.773905935518,43.4387289622726,7.47732338583129,7.38700859337961,0.312432123766425,4.29907987446569,4449.74509112737,55.088893369594,787.628333573707,7.11550378465103,1.0000354,1,37.5,
4352,107.864785377536,91.2432766375429,78.9578136558085,570.045923061569,12.6904848723101,73.6808810777731,95.4550421444362,81.8270990628779,43.5212030896543,7.47721211880008,7.38614722799431,0.22399371288186,4.19171945434503,4434.68134358829,54.1957541496195,778.92640309837,7.11722522682597,1.0000354,1,37.5,
4353,107.084413929789,90.7058319382539,78.5999235097281,587.126851000716,12.8841375658754,71.6630791688117,95.045960736374,82.836142729417,43.6754556787522,7.4780987167327,7.38457550231192,0.110352601341033,4.03216404223956,4423.75420621801,53.4036721225436,784.728061727102,7.11759596083461,1.0000354,1,37.5,
4354,105.1390557384,88.9549652821057,76.9928114665839,603.911665851144,13.0753993929814,69.4813216634292,94.5921283397017,84.1104215912092,43.8469772090067,7.48136307974859,7.38284046308646,-0.0211466879928435,3.79377443712281,4438.46631942227,52.7695169689431,789.743207295188,7.11914032329336,1.0000354,1,37.5,
4355,102.524995848283,86.9143303034172,75.376012291995,621.206757341111,13.2737317183966,67.1111264286247,94.0533177454569,86.2003378063248,43.8392004076186,7.48495342194559,7.38288840839598,-0.122153899064782,3.45435234137033,4387.58162116879,50.8998193374464,782.884900026515,7.12272278927504,1.0000354,1,37.5,
4356,102.405471321373,87.0733664467902,75.7409411047076,612.444255228013,13.1774162262183,68.3519987179183,94.3637573702298,88.4820201639957,43.8402055196247,7.48443504603165,7.38285271540942,-0.180854426095578,3.33153840314727,4423.35334113532,49.9915500678773,779.856714141908,7.12452184912679,1.0000354,1,37.5,
4357,103.093524155776,87.9774953547744,76.8047784149032,619.278317408108,13.256029040232,67.8256282437063,94.2249129611113,90.0847288770024,44.0014301213432,7.48369254671121,7.38123473927102,-0.244996229765133,3.23847447959859,4440.00754617106,49.2870168065139,789.76811432993,7.12451929727574,1.0000354,1,37.5,
4358,103.334273526661,88.4638202137553,77.4726155911726,619.160136907699,13.2550548802575,68.2371431002201,94.3151152165312,91.1004629805666,44.2668155102009,7.48259678834422,7.3786002703555,-0.325144717154138,3.1468680789601,4417.12422814656,48.4862983527187,795.391333346262,7.12466638945831,1.0000354,1,37.5,
4359,102.790252282728,88.1759027193904,77.3739921725757,626.049524449563,13.3326843694193,67.8019050687922,94.1973222362721,91.8486581838337,44.5966941988528,7.48188832192473,7.37535344068836,-0.41063156028647,3.05743231758442,4376.70352604358,47.6512516631835,795.88999609289,7.12408268125486,1.0000354,1,37.5,
4360,101.487711534221,87.1455643582202,76.5448468803064,638.303618341898,13.4713124405479,66.6845015847396,93.900090273078,92.7694812218281,44.9023624305282,7.48135030434953,7.37236521520067,-0.530930091124452,2.89968033996713,4338.2454953913,46.7637140819813,789.412404469258,7.12321601195512,1.0000354,1,37.5,
