4320,120.102168720826,98.2407356169361,82.0822850618869,492.413059074011,11.4546741111612,90.8534287035673,97.7581531529587,73.5636687852018,44.3693086153355,7.46256190189882,7.3997572047748,3.25420891414819,7.17435042619097,5243.68784436251,71.2809452132346,791.522906378081,7.05563919843882,1.0000354,1,0,
4321,121.225896301428,99.3398503950845,83.163207768657,497.910165613251,11.5460175219732,89.1449069983446,97.5631721640559,73.7770351234516,44.3746722249243,7.46311772301063,7.39963332667501,3.22265523388139,7.16900174908091,5264.81755356875,71.3611972175229,802.054309399271,7.05607242493119,1.0000354,1,37.5,
4322,121.170124866559,99.3339945989175,83.1942461402259,492.925382280351,11.5016409094778,90.0361401678645,97.6759396591539,73.5818168706006,44.3690766657422,7.4625019758786,7.39961994776964,3.15765912502902,7.15906215951671,5238.91081628073,71.1984432987537,800.916997237658,7.05694281842319,1.0000354,1,37.5,
4323,120.694129753573,98.9295102138114,82.8426175105091,488.840709048402,11.4668208237665,90.9034596831491,97.782796707552,73.541226983706,44.3865367584237,7.46207433337558,7.39938328599852,3.0717971294854,7.13163941777124,5218.87353428554,70.9652768703717,800.321101655242,7.05675207835343,1.0000354,1,37.5,
4324,120.267392729087,98.5840442902109,82.5572215310412,493.302897111875,11.5414332191485,89.5933649799247,97.6330155992877,73.450174664147,44.4214316094152,7.46194269002736,7.39897805158542,3.00371998496206,7.10414796904934,5192.94835314033,70.7002859678038,800.723679339383,7.05647550308202,1.0000354,1,37.5,
4325,119.721567542747,98.1185460593748,82.151095397752,492.552059284385,11.5479669461163,89.4785919832101,97.6263052788634,73.5457713175317,44.4281721222739,7.4621016878271,7.39884979947931,2.92357666495153,7.06564302900391,5180.44451135944,70.438373526508,797.903290469746,7.05663662567355,1.0000354,1,37.5,
4326,119.364729042344,97.8503266506155,81.9483770567292,493.409886332055,11.5743487783959,89.0781161908764,97.5834425806097,73.7480309804929,44.4144523196941,7.46208022825046,7.39892262090099,2.83267831005811,7.01677517700883,5173.38188810024,70.1494239143639,797.152637661234,7.05668160090334,1.0000354,1,37.5,
4327,119.67224384628,98.281517081843,82.4709799081291,495.455875659606,11.6150614621933,88.3330031537572,97.5011612581082,74.3341602038195,44.3687230611678,7.46280548054549,7.39930975295321,2.67475033546422,6.92977994184041,5184.5229501035,69.7461696733759,800.600193725675,7.0569996790009,1.0000354,1,37.5,
4328,119.762543461676,98.5983381721942,82.9552299147515,502.17241510101,11.7128235493363,86.5683969256233,97.2912636946299,74.5802627591725,44.3603388376681,7.4647126713806,7.39933289525845,2.53782478431816,6.81917769117536,5146.60332558479,69.0075783482249,799.854877271691,7.05814814077633,1.0000354,1,37.5,
4329,119.407178316597,98.4823755884064,83.0162170501786,503.767205256131,11.7458440365611,85.980455266334,97.222995663794,74.8614302635177,44.2930928702726,7.46534483404187,7.39993268318025,2.40091520980528,6.70502848459699,5107.56984543496,68.226987214323,794.525832523109,7.05948588689206,1.0000354,1,37.5,
4330,119.440239521915,98.7414601734661,83.4423623941779,503.012387500815,11.7498346849854,85.7568701026267,97.2051792066498,75.3242757173926,44.2219529134915,7.46629337305924,7.4005714201571,2.26835887911637,6.58355795716049,5083.63687226598,67.4900199683188,794.059326536957,7.0603987045296,1.0000354,1,37.5,
4331,119.296291517887,98.6259320252857,83.3478402264062,505.137256534905,11.7882514230868,84.9755897073744,97.1150997329263,75.533577456145,44.1873164647968,7.46791053791925,7.40085251610368,2.15007747012283,6.45653676511437,5090.76331632872,67.3973547629786,799.508927890519,7.06143437828148,1.0000354,1,37.5,
4332,119.316442083914,98.9543742796067,83.9041502503362,510.438327833437,11.8631018756925,83.7613310181796,96.9582978905101,75.8112425750858,44.08318211419,7.46910729282988,7.40181780391479,2.02913590259033,6.3197766770009,5033.27102023722,66.392145139319,796.723844382017,7.06316975168612,1.0000354,1,37.5,
4333,118.790245120869,98.7127868426155,83.8729263760803,509.091261858875,11.8594446494682,83.6094931756959,96.9506774503133,76.117684592765,44.0084515982558,7.47021391583802,7.40249476483278,1.90823497145464,6.1901227718061,4982.97975729247,65.4641530933549,800.178148525383,7.06458574721495,1.0000354,1,37.5,
4334,118.302967895507,98.4134446964627,83.7124927667346,504.693523999241,11.8196087854037,84.0478228894789,97.0214898492347,76.2964614284974,43.9621688707077,7.47048897651008,7.40289098455281,1.82842911688218,6.10421596995106,4947.93049133762,64.8513757872593,793.887120074559,7.06594347075178,1.0000354,1,37.5,
4335,118.469225188627,98.7616801781634,84.1952338660817,511.684904591198,11.9123903046115,82.6899759387611,96.840390643259,76.903054729142,43.8729768931475,7.47175726360968,7.40371213581917,1.66177884687649,5.92092734491123,4941.63813634794,64.2580213978851,796.511717553609,7.06622140233265,1.0000354,1,37.5,
4336,118.159468142368,98.747653329661,84.3997902072254,509.846942265549,11.9027859867618,82.5845900468419,96.8427898185016,77.2430761256606,43.8236463007813,7.47333910300168,7.40413966666393,1.54613758750754,5.78812277229206,4889.00545695832,63.2937695154034,791.521351106856,7.06780991167543,1.0000354,1,37.5,
4337,117.566553378034,98.4285412581139,84.2830540390425,506.485975839186,11.8752659451506,82.9099074794474,96.8979486398326,77.5792311527257,43.7740952265152,7.47349704580206,7.40456920501392,1.43020092925232,5.66327037292524,4841.02269010207,62.4010140107193,794.249918195671,7.06922641683497,1.0000354,1,37.5,
4338,117.22525461415,98.2689685265914,84.2578005488311,502.809651739752,11.8433607075018,83.2336905499502,96.9546747581031,77.8034172175824,43.7522280189174,7.47402972546329,7.40472382808841,1.35840995647369,5.57986884698492,4808.91109682135,61.8084817967945,792.725491510319,7.06971028706001,1.0000354,1,37.5,
4339,117.466167360994,98.6834609383957,84.8005909738662,513.901132243503,11.9803708173801,81.3349083816423,96.6885919089769,78.3455816816125,43.6788947793398,7.47526654533397,7.40538973905092,1.20006717525368,5.40570527297453,4798.08018422207,61.2425114631342,795.656158745338,7.07012830165415,1.0000354,1,37.5,
4340,117.080623009433,98.5888138187927,84.9209548517973,504.778312980983,11.8884719273406,82.3386121898012,96.8540265029664,78.6551243667553,43.6251066513068,7.47641572038537,7.40586177930356,1.09312396123995,5.27998894395476,4742.43347263193,60.2940178508748,789.693798050153,7.07186857633014,1.0000354,1,37.5,
4341,116.694632570465,98.3839998378281,84.8500539050092,503.214533795656,11.8810079971597,82.4958623858131,96.8805960103307,78.8261740710953,43.6093122819095,7.47606459542432,7.405955010435,1.02042585583669,5.20013919940327,4706.18095018636,59.7032775679527,788.535236344812,7.0722092601415,1.0000354,1,37.5,
4342,116.207518409052,98.0825218892726,84.6857853311746,498.297596643639,11.8335595750275,83.1163891538695,96.9749649430791,79.0602652663001,43.6030851588856,7.47592842138636,7.40595254452925,0.936973807903625,5.11921838002568,4672.3032324691,59.0979958988412,787.770779872608,7.07220041487062,1.0000354,1,37.5,
4343,116.14994204625,98.2317702819519,84.9879041952966,513.25092888815,12.0137146606623,80.66470736457,96.6291385902687,79.5645428164349,43.5912717157835,7.47760599807962,7.40600548698997,0.780810505737705,4.9480578294944,4648.4491956084,58.4236272975632,799.842567563825,7.07232434094808,1.0000354,1,37.5,
4344,115.524566981346,97.895139468107,84.8646930452781,512.880327368079,12.0197157473993,80.3447854199349,96.6005465288552,79.9778267679283,43.5414527273123,7.47949034675054,7.4064369470591,0.683125647218778,4.83334755415231,4597.29772695815,57.4821536511379,789.266104485582,7.07477364276507,1.0000354,1,37.5,
4345,115.092198153256,97.5180357783452,84.5284375012374,511.31476488659,12.0127200093331,80.3922623140777,96.6176601864569,80.4030445393192,43.4935502658771,7.47990950869051,7.40684952778137,0.587908574520451,4.727220020091,4607.25182196098,57.3019572624257,793.869200808389,7.07605185141164,1.0000354,1,37.5,
4346,114.823941510263,97.6959592397571,85.0361462572093,521.305178590103,12.1306907478423,78.5680672759407,96.3532222947189,80.9159062828424,43.4479625260534,7.48253476172445,7.40724012024908,0.473353391164763,4.57227078958508,4518.92287426211,55.8471514669337,791.32180737635,7.07751519243747,1.0000354,1,37.5,
4347,114.224967687614,97.274767022448,84.7463578351515,517.727712765051,12.1017827861326,78.8376964200073,96.4121092227033,81.3161126224752,43.4236309435205,7.48348398183031,7.40741885744427,0.415523506285553,4.50508511306583,4494.13665826763,55.267480371725,793.997093649278,7.0798111213067,1.0000354,1,37.5,
4348,113.14755135213,96.4155710391148,84.0484551555819,522.132411970574,12.1589868768515,78.145901419922,96.3063729249803,81.9106341821201,43.4064473929222,7.48371577230616,7.40752760201929,0.290199927724508,4.35593095350343,4468.71291498602,54.5559555191611,786.140292884707,7.08023467273445,1.0000354,1,37.5,
4349,111.790301671168,95.0815338372631,82.7315750035074,532.842592455904,12.2849122139233,76.5751900330058,96.0579607101435,82.7411187012837,43.4859181409069,7.48542336211229,7.40667214779885,0.188545883992003,4.19612166211222,4507.75843571074,54.4802693807523,794.868490663659,7.08103738986586,1.0000354,1,37.5,
4350,109.698234922793,93.3123315697359,81.201011700085,555.672096706697,12.5449357050924,73.2654378659578,95.4852897087776,84.177028964291,43.4871378392451,7.48978363148879,7.40660210276786,0.0690424601062429,3.94989239802005,4497.37191923129,53.4275440053739,795.756022465595,7.08396622257192,1.0000354,1,37.5,
4351,108.470014240984,92.2774691191428,80.3090662029994,561.383129142444,12.6163369135621,72.3091517637613,95.3257912697242,85.886980311521,43.463043207169,7.49244617293531,7.40678845015918,-0.00583522831867445,3.78939403076698,4534.58212087449,52.7970840798814,788.249909210678,7.0874934679011,1.0000354,1,37.5,
4352,107.349151018192,91.52157706882,79.8229354540665,567.858983518781,12.6953652315173,71.4481783795074,95.1637065912275,87.7294138015907,43.442540225637,7.49358304690416,7.40694292175954,-0.108045783123059,3.58646818286525,4527.45769032257,51.607066480142,785.224591197448,7.0899730329002,1.0000354,1,37.5,
4353,107.104292750861,91.5822223014169,80.109387621393,578.523843673172,12.8204180174888,70.1988369794828,94.9011834980599,89.5221358089946,43.4651124863199,7.49401128661708,7.40667098486817,-0.180646746310146,3.46383175312935,4530.8001573146,50.610947966898,786.040955286597,7.09021620008106,1.0000354,1,37.5,
4354,106.307890873964,91.0766444075636,79.8187665845723,580.715509808231,12.849590523312,70.1673579200565,94.8918128191789,91.1685782951389,43.6148524530801,7.49343639208019,7.40513490892064,-0.266935740741847,3.34833100298802,4527.67713230874,49.6626931885606,793.446234655879,7.09074953714423,1.0000354,1,37.5,
4355,103.711176691119,88.8592965826017,77.8818199806543,591.833864713162,12.9782512101695,68.981540470312,94.6398564634337,92.924664359741,43.9021424517385,7.49483037827972,7.40224572043077,-0.43272279232918,3.02066252901882,4499.94553731023,48.4257389393359,786.006922457471,7.09102365084681,1.0000354,1,37.5,
4356,101.308944767866,86.9589692483353,76.3524656034645,606.705189660573,13.1497171666442,67.2729422824279,94.2454567104891,95.4459660000811,44.0424240689817,7.49624850690775,7.40082821298426,-0.523494900215558,2.72514813304882,4465.84411667828,46.7892390200597,777.635699283662,7.0919397277579,1.0000354,1,37.5,
4357,99.8032392589681,85.9341411508739,75.6830686361956,604.119922846072,13.1232545971374,67.8558442197071,94.3939302268273,98.1788436446842,44.2121331389711,7.49627117856551,7.39913096227902,-0.606955753035285,2.48843088092089,4439.77493123715,45.2212998892612,778.573237579353,7.09232803848824,1.0000354,1,37.5,
4358,100.046951670509,86.4303850441441,76.3659662333526,606.905358825217,13.1566283315199,67.9951174186621,94.4045785626326,100.661181079755,44.381296337251,7.49421804132713,7.39744874052128,-0.675851797213507,2.38134179308307,4469.14513840816,44.3979008637621,786.673335524712,7.09163311082494,1.0000354,1,37.5,
4359,96.6950273061395,83.589283805921,73.9024299144552,602.481517949213,13.1073377350878,69.1549540426279,94.6625465563015,100.546175271804,44.9664677769986,7.49248791272563,7.39173858581199,-0.801879412694506,2.10513597223994,4296.57147154203,42.7323213431762,765.528064281034,7.08960160965833,1.0000354,1,37.5,
4360,92.8049711422269,79.887961190905,70.3406060094932,614.050768687015,13.2402392376437,68.0164386211772,94.39020776758,99.2205666937983,45.3917631543602,7.49235754808099,7.3876322357177,-0.838218441897063,1.88435725142839,4178.86671007188,42.1169405630202,752.829613735066,7.08586105892636,1.0000354,1,37.5,
