4320,119.969668661452,98.560985330004,82.7371759111076,507.355851091578,11.6270494486594,92.5236264262014,97.9128117317852,73.7653109801885,42.982185406507,7.4525921338457,7.38424050746091,3.12271551854777,7.2189005672883,5149.16676740539,69.8047184914374,755.701292641957,7.07128404501499,1.0000354,1,0,
4321,120.90709729259,99.6390182519323,83.9191337436201,506.385412054036,11.6355707752454,92.6121248427359,97.9296647000955,74.1754868591515,42.99796633989,7.45255246530476,7.38401563080833,3.07812207922433,7.22521558169353,5143.79311612439,69.3462669937268,757.841171955535,7.0712436590874,1.0000354,1,37.5,
4322,120.948292843921,99.7444418859281,84.0720303082815,506.62480986807,11.6571817946909,92.0999215822804,97.8766455468113,73.89855920335,43.0344629427036,7.45220653611944,7.38358467608141,3.02659359331408,7.21270930451655,5109.11332282452,69.1368462105674,760.244947801525,7.07145294059334,1.0000354,1,37.5,
4323,120.255181381183,99.1138214582331,83.4875989064877,504.964824098456,11.6540641387633,92.4530328219748,97.9214047647126,73.8182625025271,43.0637230090256,7.45194809913397,7.38322911939199,2.94136138902744,7.1900052140159,5088.52087438738,68.9330892096407,756.661137321952,7.07153180769939,1.0000354,1,37.5,
4324,119.914509962078,98.8532152211299,83.2861712821681,505.790913206752,11.6803907358561,91.5077805292728,97.821128909216,73.9194548161104,43.0574949209963,7.4522605341864,7.38323308840056,2.84234370135647,7.14856191735815,5076.19904101844,68.6720303017185,756.793062991743,7.07134384820486,1.0000354,1,37.5,
4325,119.656082570377,98.6790810279754,83.1743407575049,506.007381646958,11.6983168688077,90.9729665558565,97.765753967602,73.9412298098584,43.0643597190481,7.452483290197,7.38310666044125,2.76759560329753,7.11138291356891,5057.37201945023,68.3971856088325,756.613114973479,7.07150103647655,1.0000354,1,37.5,
4326,120.254594074986,99.2723689081354,83.7637676978542,518.277529021575,11.8577617420464,87.5031999779834,97.346989417989,74.3895712364391,42.999324702755,7.45356500467376,7.38370752721046,2.60351500174513,6.99021953439983,5089.30431766276,68.4142176527266,761.054417664744,7.07187878205673,1.0000354,1,37.5,
4327,120.184908237246,99.4306451260187,84.0905376090248,515.103918565312,11.8345402673777,87.4983550087674,97.3630082053361,74.544135882841,42.9635958114732,7.4552741203507,7.38401442213481,2.48862249830395,6.88721774768815,5044.4709415639,67.6709291994767,757.321291769129,7.07356498280488,1.0000354,1,37.5,
4328,119.605832904117,99.0879220216254,83.9225096302188,512.318596093851,11.8149219894565,87.7742951631833,97.4058225090239,74.75104768778,42.9175654839671,7.45545126485521,7.38442626517116,2.36681196495605,6.78020002637557,5000.86631348143,66.9002839180131,752.483134460756,7.07443222184473,1.0000354,1,37.5,
4329,119.042105537993,98.763038256828,83.7741624403144,513.447849368005,11.8405391772305,87.3435746734156,97.3566077386272,75.0274004140013,42.8983879168838,7.45561848535323,7.38456686680702,2.24838915570569,6.66667983695286,4960.92540571649,66.1215153176318,749.965910816528,7.07468290648122,1.0000354,1,37.5,
4330,118.68418540407,98.5475975410896,83.6640325988864,514.964716933396,11.8700867590733,86.6683797423996,97.279517814241,75.2102444518201,42.8912433766614,7.45663455225807,7.38458593660152,2.16274878308952,6.59455352235872,4938.07524574151,65.6569498175857,757.697852612089,7.07489177389176,1.0000354,1,37.5,
4331,118.977576267711,98.9669494375048,84.1764861282217,524.331263326166,11.9849514761249,84.5779026641932,97.0054240413073,75.7692419647803,42.8093280048986,7.4579264630384,7.38536355298859,1.99380805295655,6.42017336230156,4943.6584360372,65.2462438298532,757.124934638563,7.07615316609496,1.0000354,1,37.5,
4332,118.654783394254,98.923270864473,84.3391094294174,519.343694282695,11.9420052560468,85.0003821917662,97.0809958960808,76.0715992653737,42.7594005535854,7.45935891953742,7.38581815013479,1.87450138924905,6.29131437430244,4894.15529725205,64.3361694050748,751.707898177108,7.07787012540223,1.0000354,1,37.5,
4333,118.053938604292,98.5947023437163,84.2117885858998,514.99639679659,11.9044613761458,85.5763777781776,97.1670272904408,76.3820263690641,42.7218678521034,7.45943971810417,7.38614686351267,1.76140265444918,6.16439891995961,4846.31666879573,63.4483909261482,754.375583112587,7.0791452406215,1.0000354,1,37.5,
4334,117.660813189278,98.3647196803073,84.1023896954157,512.312394738077,11.8848092660868,85.923581016243,97.2190971452086,76.5907746503341,42.7117574610125,7.45933867929064,7.38619634749387,1.683430141629,6.08518438573488,4818.81971883938,62.91645098041,752.896044999696,7.07946436588836,1.0000354,1,37.5,
4335,117.759709227789,98.6241962087941,84.4805561512759,521.521511145331,11.9967940336419,84.0420880390486,96.9690827124329,77.1262259288198,42.6679856491959,7.46031448317605,7.38658866749991,1.51659105793516,5.90569139126084,4812.12624035573,62.3928654929501,755.510116348751,7.07953000925405,1.0000354,1,37.5,
4336,117.271824113638,98.4240801851013,84.493139020531,521.85467876968,12.0102765542436,83.5913363568118,96.9214739119277,77.4688398704448,42.6521344312592,7.46197958652659,7.386696998378,1.40135403642711,5.77700733827861,4760.81435383524,61.4545714353927,750.579464079912,7.08080359138266,1.0000354,1,37.5,
4337,116.553414859541,97.9858537447373,84.2620042251,518.436535677892,11.9838758943262,83.9011871832598,96.9769284980413,77.8505848522777,42.6113545327712,7.46268181018461,7.38705852319697,1.2895979352545,5.64999125349901,4713.15327254241,60.541013037804,753.410612394267,7.08227171853892,1.0000354,1,37.5,
4338,116.741015241573,98.3290817163924,84.7202612847372,527.920422248421,12.0943692578443,82.026802101687,96.7142875961067,78.3662455954549,42.5228948049674,7.46389138776507,7.387906659529,1.14423210162048,5.47558551036915,4704.60602949631,60.0335768767411,754.490172757404,7.08302493539136,1.0000354,1,37.5,
4339,116.200909307742,98.0747101986937,84.6770847702667,522.266459859076,12.0440654453387,82.6099531204619,96.8162281986798,78.7015206866446,42.488305837636,7.46495917110147,7.38820570177359,1.0412258581104,5.35025886725732,4651.4107463086,59.1019170370101,748.716893912502,7.08449949248123,1.0000354,1,37.5,
4340,115.461320127355,97.6002753843839,84.3986336178401,519.95113103829,12.0290469936394,82.8423466001695,96.8573173810694,79.0569488989795,42.4673417032723,7.46507265333062,7.38836501511588,0.937984160079211,5.2322470993423,4604.06800071948,58.2373600909219,753.468020372472,7.085144165537,1.0000354,1,37.5,
4341,115.540664088381,97.8232532037099,84.7277755933005,524.29691084224,12.0850068900897,81.8252935627113,96.7203989100673,79.551989172238,42.3971280564739,7.46636134016454,7.38902850646735,0.803982401888471,5.06346560003307,4595.64128459935,57.7690304468606,753.903775914686,7.08584337213698,1.0000354,1,37.5,
4342,114.970178851898,97.5348086705936,84.6477959278903,521.100209270612,12.0604312111144,82.0671896410247,96.7701953331744,79.9066667571252,42.3838823959358,7.46732853329167,7.38910905059259,0.710983885183973,4.9499699738275,4542.6471999745,56.8494142520271,748.806668285219,7.08713193222568,1.0000354,1,37.5,
4343,114.296464919737,97.121944427158,84.4277336282956,515.921144931194,12.0144840584322,82.7283785844602,96.8754065223599,80.2917818834321,42.3552591787454,7.46751341584156,7.38934701176824,0.61296184012272,4.84388386930742,4496.2509064497,55.9988930495698,745.103884359528,7.08766353182569,1.0000354,1,37.5,
4344,114.203546761927,97.1740137891749,84.5869676788799,527.067612329655,12.1434998289611,80.773543857609,96.5925670354532,80.770249558807,42.3102230976805,7.4685056627873,7.38975377617922,0.491022662630073,4.69103937198649,4484.86096703244,55.5261496841992,754.377049767529,7.0883220930276,1.0000354,1,37.5,
4345,113.782594185759,96.9437644214005,84.4976728564399,522.535248277455,12.1042569365555,81.2209297807294,96.6744183813862,81.1235559978765,42.2965416998899,7.46932453635381,7.38983902164338,0.435747759705577,4.61729126639746,4454.03584179323,54.9043466722516,749.547305078205,7.08976659776284,1.0000354,1,37.5,
4346,113.390656597201,96.7225135469605,84.4025817272174,522.426858952404,12.1124464929409,81.0151710389783,96.6544626613074,81.4871427451365,42.2670875084422,7.47007913834707,7.39008654248122,0.363880470145454,4.55022502530011,4428.6476727537,54.3478090354078,748.207792519663,7.09016206424396,1.0000354,1,37.5,
4347,113.113230746441,96.6603104370095,84.4994562952558,534.486319798658,12.2522852430688,79.0667474791992,96.3564046930348,81.9710679577621,42.2139299271069,7.47098105976891,7.39057850200762,0.224296119687323,4.39819806561839,4397.42467693239,53.6460581335634,757.532281905204,7.09082592609572,1.0000354,1,37.5,
4348,112.163372602375,96.0205129137704,84.0888340134973,533.584333086815,12.2521025408038,78.818958817437,96.3426936058225,82.5074483517226,42.2292684310767,7.4734762273614,7.39036662392245,0.138955527843788,4.28736421868529,4342.78620765593,52.6350807643812,756.329904779548,7.09309568746788,1.0000354,1,37.5,
4349,111.796578895805,95.8921709716699,84.1367390277438,542.526192169639,12.3591897750341,77.223386872616,96.0956231914117,83.1447532066145,42.1284040911691,7.47560911429594,7.39135189411761,0.0212246313103357,4.13160466751234,4311.68650409007,51.8575897793038,751.027729854548,7.09480234444407,1.0000354,1,37.5,
4350,110.881473620485,95.0502973558671,83.3489931602799,542.033429387457,12.3634779720173,77.0735838715711,96.0877755062025,83.7895556971785,42.1288295040617,7.47690841825141,7.39129500725702,-0.0632756268531991,4.0212744554325,4325.11733282761,51.6188121161412,748.819748653099,7.0971748841577,1.0000354,1,37.5,
4351,109.337908564049,93.842934001116,82.3901267154698,562.062283198657,12.5930608117635,74.1804742971625,95.5829763972668,84.7680886785427,42.0760742557581,7.47949850059893,7.39178857111307,-0.18194993360781,3.81853794582531,4282.70420902175,50.5225996691115,758.357580872399,7.09947089437023,1.0000354,1,37.5,
4352,107.445106199688,92.1509986875289,80.8466583524551,571.946215188597,12.7116183574072,72.4333399927512,95.2885665165278,86.2270668531764,42.0525090394521,7.48436670962436,7.39198364425892,-0.281572175970165,3.610647777916,4299.9417628154,49.86765663892,749.30698407349,7.10258793788816,1.0000354,1,37.5,
4353,105.365408766392,90.605596255817,79.696169617566,580.239690076011,12.8123785084068,71.131425577234,95.0480070613666,88.1622591737132,41.9779583314319,7.48702613170335,7.39270912699902,-0.386121490004276,3.36175900296775,4242.8567885803,48.1255451975234,749.152290246987,7.10590193481593,1.0000354,1,37.5,
4354,104.537249160678,89.9398003260642,79.1503816222195,591.18758958264,12.9423806509276,69.7162468552524,94.7542089116321,90.3179602465731,41.9623717955386,7.48842948890859,7.39282896106006,-0.457904342589142,3.20087337170663,4298.7867762577,47.5961454900196,749.633480447114,7.10805964484081,1.0000354,1,37.5,
4355,103.98509104566,89.4419694310079,78.6927056288737,592.120503376063,12.9593073130267,69.6643354747459,94.7517695611527,92.4290013371426,42.0008279771292,7.4887445449168,7.39239289680591,-0.531873257150851,3.08675087519535,4382.8914853393,47.419007258905,742.958660499979,7.10926584400731,1.0000354,1,37.5,
4356,103.799538219906,89.5937683518228,79.0938514928052,600.839650997985,13.062556610396,68.7548977529409,94.5435289154313,94.3000334324392,42.0926885379934,7.4887543733485,7.3914089086353,-0.617451785161743,2.95598868185186,4367.88749195102,46.3190449988586,754.597522176618,7.10989429165195,1.0000354,1,37.5,
4357,98.7735459653967,85.3989458641339,75.513371876244,613.735298575462,13.2128307268988,67.3053029104097,94.2187224885764,96.5837211183186,42.3897239415652,7.49090408827205,7.38832392599018,-0.787070942664656,2.47428935892184,4211.91463816218,43.6089497214798,738.33054528554,7.11049473853159,1.0000354,1,37.5,
4358,94.1649613885305,80.8813745299596,71.0630711997116,608.198523542957,13.1548493054939,68.1497209898877,94.4326332288438,95.7456251475098,42.7032019751515,7.49086510795719,7.38509768825949,-0.84860942233993,2.17162596797797,4146.95307083828,43.312193789004,722.211954073934,7.11035560415569,1.0000354,1,37.5,
4359,86.01829330474,72.8293101137699,63.0809312334876,603.517702703803,13.107077513369,68.8459918513781,94.6000683956202,93.3452036755738,43.0521535539771,7.49048463824136,7.38154136402721,-0.889673805447087,1.79951548593791,4014.19202806364,43.0037309899197,698.193479610123,7.1080540286952,1.0000354,1,37.5,
4360,77.7253386281814,64.5535007323603,54.8177944615359,608.490475584763,13.1649127566788,68.2154291804073,94.4661816964691,90.5004276125308,43.4804083831148,7.49137983134753,7.37722750549921,-0.902258349910024,1.47324297020347,3886.79674368231,42.9478273884326,673.145567826304,7.10504017614849,1.0000354,0.999341591327078,37.5,
