4320,113.347424788844,91.217656333363,74.8608709532246,499.999552287269,11.5352238423411,91.6331363604088,97.8180234787594,71.9712018668563,43.3626701764981,7.45518102754499,7.39003856821418,3.44810092920926,7.32462825409471,5193.14497469561,72.1558740161476,762.42529169322,7.08581957208512,1.0000354,1,0,
4321,113.274606921001,91.0348007960954,74.5966832255127,500.339559257858,11.5604991405035,91.0856202196675,97.7597155599451,71.6844779503479,43.3589928567395,7.45479786486742,7.39001178763104,3.42171320854261,7.31613026042408,5198.17558946164,72.5146606084255,764.629099742543,7.08555924369426,1.0000354,1,37.5,
4322,112.937996419503,90.7224050769849,74.3021853890368,500.203698907081,11.5780322438129,90.5813723399517,97.7101571649786,71.7822809959786,43.3859586442201,7.45537148366482,7.38968118717939,3.36758329132187,7.29707495714866,5199.60022953187,72.4357063802857,763.255804045699,7.08579872436738,1.0000354,1,37.5,
4323,112.998103749676,90.8624660937117,74.5013426088683,500.119683740102,11.5948198999223,90.2996073266622,97.6814805356096,71.8523727839521,43.3540979134178,7.45504349571896,7.38994170634777,3.27693253122886,7.26043720685236,5185.94579693145,72.1750110121584,765.832740791229,7.08605280962728,1.0000354,1,37.5,
4324,112.13324927765,90.2104032132104,74.0065604699293,499.346051964436,11.6018010252817,90.0272969374218,97.6581861278901,71.8198478681465,43.3791990390774,7.45560826440738,7.38963401450397,3.14614167820364,7.18286515258649,5133.76798053911,71.4811870663408,760.000923197833,7.08642337356097,1.0000354,1,37.5,
4325,111.496504080013,89.7064278008761,73.6007192467316,502.644877759808,11.6587359636572,88.6223471283566,97.4975301986977,71.7614022306035,43.3472878944703,7.45674713047868,7.38989873591833,2.99185659003936,7.05010246361391,5098.52424180474,71.0482805982632,756.201777275225,7.08658150103577,1.0000354,1,37.5,
4326,111.331695421318,89.4169917634376,73.2191673206563,505.203811196539,11.7053074527306,87.9482324713923,97.414895009211,72.1313991148228,43.2630916036405,7.45621563776467,7.39068908823176,2.90505279687936,6.95665377333341,5154.12301944858,71.4546381007245,754.321949786341,7.08676111185243,1.0000354,1,37.5,
4327,111.306361595203,89.5749276312332,73.5125633969951,510.10540586279,11.7787507488453,86.3623479767111,97.2265334181227,72.406961215751,43.2413821815211,7.45857348175666,7.39085455074426,2.80081358337665,6.84983562683412,5130.54531161198,70.8570726552727,754.66996047341,7.08752380886717,1.0000354,1,37.5,
4328,110.775010154304,89.2549837719037,73.3488773153471,505.384855959927,11.7357846699363,86.8332787399722,97.2987651100585,72.638169644006,43.1716495529095,7.45899848762118,7.39150349728847,2.68716864625609,6.7383445421401,5096.85775496835,70.1677613842371,756.384953092062,7.08912803590008,1.0000354,1,37.5,
4329,109.71606596103,88.3692946499706,72.5912462896221,508.351596473817,11.7848024043561,86.1509026779702,97.2112639030096,72.6398919182342,43.1214120320165,7.45864640035862,7.39195730880739,2.5151601795141,6.55128730902672,5055.94345863009,69.6028494139449,758.274714966229,7.08941405961659,1.0000354,1,37.5,
4330,108.448964644637,87.3574564204414,71.7680807764706,513.219104725562,11.8550034253328,84.6648140796214,97.0281667687916,72.7419341261157,43.060100644693,7.46115193861089,7.39252320239751,2.36861039179718,6.34910135197225,5002.50236489216,68.7705437721674,756.998051150349,7.09044340238784,1.0000354,1,37.5,
4331,107.986585891585,86.9461219606118,71.3944747072837,513.871741900714,11.8752247273743,84.1103087368004,96.9636043002605,73.3047614517082,42.9199349055895,7.46231108454313,7.39388635470777,2.26416308439873,6.19086744180635,5029.00790242318,68.6041097853678,748.517456619477,7.09206129570867,1.0000354,1,37.5,
4332,106.585466176436,86.0830158175196,70.9290307696249,505.949330611511,11.7949784126021,84.9031066411564,97.0932980754526,73.4752605926296,42.9078752292122,7.46388988212508,7.3939557312767,2.10010078935332,5.96962896660848,4911.81188691056,66.8498736485362,747.727899554053,7.09341039517322,1.0000354,1,37.5,
4333,105.261379788282,84.8880790060521,69.829552340926,507.686894917457,11.8281028279759,84.3874178987611,97.0285222585198,73.6990116702375,42.8267950453433,7.46407329317785,7.39472290898777,1.95668965021784,5.73195244742579,4895.73478090269,66.4287711592172,745.091560911695,7.09410907606335,1.0000354,1,37.5,
4334,104.678309950787,84.5840451184958,69.7317624163674,503.353191839511,11.788915783861,84.6308133958303,97.0796995494048,74.4266637036534,42.7572068428771,7.46563123374939,7.39537404504492,1.85912780420153,5.58147659259208,4876.35702178733,65.5189522024479,741.235539309097,7.09480106738275,1.0000354,1,37.5,
4335,104.543944910073,84.6570283022382,69.958002983404,505.823232442693,11.8304470147765,84.1148770352907,97.014724550315,74.8605417869142,42.740522461099,7.46583446523956,7.39548822807519,1.72750465135148,5.40168514358337,4854.17288743536,64.8428767888491,741.800833215675,7.09528576320621,1.0000354,1,37.5,
4336,103.593337907236,83.9351208195831,69.4051342765356,501.074843410414,11.7856227450716,84.61065436416,97.092752706272,75.1843735352821,42.6920263930471,7.46616884970629,7.39592468533059,1.5927690028342,5.2140411630483,4819.10660739578,64.0971837736241,744.874995020422,7.09568002647581,1.0000354,1,37.5,
4337,102.815094196891,83.3534459180005,68.9687493640378,506.135316229035,11.8576553119311,83.8146785768346,96.9838000567036,75.6127995986288,42.6775541789343,7.46573561672691,7.39601461816948,1.47563997257037,5.03608032588518,4798.10513071302,63.4562555041281,740.937517337319,7.09560072705967,1.0000354,1,37.5,
4338,101.675180332653,82.578460139372,68.4634930399907,493.245416689081,11.7133484417057,85.5429103217777,97.2339169117282,76.1113037542169,42.6686628876855,7.46652960247336,7.39604725412737,1.35458819607836,4.87789982879236,4739.17523950853,62.2663783925256,732.95568444354,7.09618373503815,1.0000354,1,37.5,
4339,100.741485476708,81.936258756199,68.0367433540833,493.756162769077,11.7315308383968,85.4304075768218,97.2237117622641,76.1837055165186,42.7259202922198,7.46640705407945,7.39540682767346,1.22189331645495,4.68746228621828,4671.27556896237,61.315940689568,729.792864810466,7.09573905065388,1.0000354,1,37.5,
4340,100.256034865004,81.6059273252394,67.8210652306307,498.308488364555,11.7991080301424,84.5276527933357,97.1107752785274,76.6671530188975,42.7195501131539,7.46702730052388,7.39541316555045,1.1194063866216,4.52451094531882,4662.14201326501,60.8101622361775,737.972984257385,7.09564918722723,1.0000354,1,37.5,
4341,99.622915310655,81.281741277715,67.7252213403246,487.365779686054,11.6746548677447,86.3100454026573,97.3483959279231,77.1676932454605,42.6954309356522,7.46606550025849,7.39559998275226,1.01629117724742,4.39851236822761,4614.84874889363,59.8028599120411,734.153284411751,7.09632062591076,1.0000354,1,37.5,
4342,99.2884488229823,81.2174794042223,67.8606759207909,492.523870350043,11.7509294809696,85.2102312613545,97.2175358002924,77.6479403963156,42.7438533286001,7.46743746711935,7.39504994679897,0.915288740031189,4.2971005319594,4575.15922758646,58.9218362294585,734.789036300836,7.09647371588316,1.0000354,1,37.5,
4343,99.9246192794567,81.9882393265464,68.7309150135258,504.485912671451,11.9051312182749,83.13042174077,96.9414637072984,78.0659670578676,42.7468975141729,7.46849181170456,7.39496229070415,0.813113997532528,4.18500843195565,4565.53168195449,58.4829965479095,742.222109451947,7.09708192294241,1.0000354,1,37.5,
4344,99.9871125429717,82.4109198749802,69.4198209464648,498.824517664189,11.8491028167618,83.7706109081865,97.0409474625998,78.5408060967188,42.6810784330967,7.46891476217512,7.39557584482767,0.714570915365119,4.06710041475406,4501.06184913964,57.3085771948511,741.968169213127,7.09891148896406,1.0000354,1,37.5,
4345,100.236569923142,82.8690654389079,70.0322142983866,500.922005338563,11.8837990765301,83.4026894101205,96.998169690389,79.7360985991868,42.677720219562,7.46945393298798,7.39555599703664,0.619225920915132,3.97779980004447,4515.30637541695,56.6281327371464,743.323903837426,7.10015528777763,1.0000354,1,37.5,
4346,102.969053707267,86.313725015317,74.0032646777887,501.68348742404,11.9014418412936,83.1512153567245,96.9811034360727,81.5421773232819,42.6959088912706,7.47143116894949,7.39531963022572,0.513504154062454,3.92024956100798,4428.23166694798,54.3060267987672,760.728575610457,7.10191983817778,1.0000354,1,37.5,
4347,102.034335287236,85.3643182761032,73.0430013548314,507.053347561285,11.9697888658596,82.9252546947237,96.9335164828415,81.663347048638,42.9064140096793,7.46864005903651,7.39313469261775,0.415351713962217,3.84895426759775,4438.7229698818,54.3539192342696,754.386201106708,7.10150838529577,1.0000354,1,37.5,
4348,99.672658541183,83.1667873472249,70.966795595169,524.479651288561,12.1653497194325,80.0261956030209,96.5202555566161,81.5259621776387,43.1455665344674,7.47149869413895,7.39067404774484,0.333757194904981,3.72068087951284,4387.62201100865,53.8187087132853,744.074968295817,7.10172051888943,1.0000354,1,37.5,
4349,101.525085199851,85.4467421890303,73.5627495288584,538.484197173681,12.3239624655951,77.9570788788798,96.2014438139629,83.998356393381,43.0932996290797,7.47374790795168,7.39115712394294,0.251975486257763,3.62675788418218,4403.59022986681,52.4247189938327,760.279037836537,7.1034230777644,1.0000354,1,37.5,
4350,102.556392504187,86.9143752170389,75.3528841787123,524.052129215424,12.1710015982403,80.3669931960182,96.5944293012262,84.8796677867851,43.3845258710796,7.47317714019481,7.38819262767137,0.146638424082132,3.55113054789405,4329.03656748174,51.0020441922103,755.824868497997,7.10587538880218,1.0000354,1,37.5,
4351,102.828976930808,87.2319468793831,75.7037072761557,535.840098372811,12.3028600483305,79.4655447742348,96.4276346508901,86.4491655604013,43.5975665456969,7.46999766300519,7.38602918161429,0.0808574772823558,3.50469379234779,4396.40341243097,50.8553597241982,764.052629945152,7.10440309984035,1.0000354,1,37.5,
4352,103.619872434304,88.2596057724116,76.90636519623,550.172693721165,12.4623065001674,77.6025206665214,96.1323814240219,86.8533209526633,43.9130218881906,7.47192342568579,7.38286544558364,-0.00287140963253085,3.42393896039343,4349.9073407966,50.0833738201834,769.172992726428,7.10607985508842,1.0000354,1,37.5,
4353,104.112265864472,89.0941778963679,77.9938520069001,560.069085015033,12.5728345471699,76.4509562917782,95.9351931827833,87.649802714125,44.0644537843674,7.47259374203615,7.38134049473381,-0.0491447484007357,3.37556180547434,4292.00687027929,48.9676729139702,776.348265072655,7.10660201147951,1.0000354,1,37.5,
4354,102.467423388361,87.6076008814651,76.624253811151,566.12377788764,12.6403539327399,76.3365146049492,95.8945604064952,87.2062371118081,44.5652733422329,7.47036368264447,7.37640478704451,-0.166226790239467,3.27547739896114,4225.28483674545,48.4516357623384,757.723806882043,7.10475217589524,1.0000354,1,37.5,
4355,102.181206457932,87.3098854864453,76.3180395509986,584.699517343923,12.8470561380447,73.99229676328,95.4660167951777,87.9816068077268,44.7623012644851,7.47239856645974,7.37446389120727,-0.22001191582385,3.20590240181438,4266.15134335221,48.4891274226825,758.471161779181,7.10404869756405,1.0000354,1,37.5,
4356,101.955231453442,87.2324771606483,76.3504413790181,591.024815067199,12.9176223751784,73.1903718314473,95.328020148951,88.7035094604149,44.9736807419075,7.47471459334539,7.3723945267916,-0.275114953017528,3.14753907611215,4258.18659574929,48.0047139245326,766.560560791417,7.10560241397791,1.0000354,1,37.5,
4357,101.762959035719,87.221924715117,76.4742036955413,595.463948930959,12.96674339537,72.8989645491417,95.2610822186336,89.2354496452515,45.1263694815316,7.4740621311128,7.37090056736257,-0.346816314898966,3.08447734817257,4230.84911687144,47.4122014702772,763.851970435798,7.10686862006946,1.0000354,1,37.5,
4358,101.134053836433,86.792723735137,76.1926101820052,602.000852168823,13.0389532548398,72.3315413299631,95.144358106961,89.7160413154692,45.3824053330691,7.47433142446307,7.36842251517192,-0.422356188433644,3.01722381321635,4195.21628880026,46.7610499447761,761.335543472933,7.106872733362,1.0000354,1,37.5,
4359,99.8793990499991,85.8279047138429,75.4420175958144,628.722861885612,13.3386871642014,68.9783561594113,94.4232668656523,90.5232433392481,45.64891782836,7.47808110913702,7.36585987080803,-0.533898127394518,2.85266151369905,4147.41448557048,45.8160173296872,772.400448681365,7.10783914324251,1.0000354,1,37.5,
4360,98.2719708784674,84.512012513062,74.3416085038493,646.266521413569,13.536871638727,66.6496079287151,93.8719770412554,91.8628694782745,45.7102652548535,7.48138601760848,7.36525822334219,-0.633520330102701,2.62846681518179,4121.46815605873,44.8654410586799,763.394035843735,7.11105844425292,1.0000354,1,37.5,
