4320,114.47807788107,92.4088284243796,76.0967744781306,497.776233923837,11.5410396262012,90.1980330307289,97.6728049395765,72.1775297008824,43.6112508517649,7.45825453963062,7.39371835811724,3.26995660896607,6.9628152756883,5193.79016308015,71.95854699661,766.103714472948,7.09559306750723,1.0000354,1,0,
4321,113.656034705423,91.5197700412529,75.1581831155622,494.983566874834,11.5266840847447,90.360272212999,97.7007271942077,71.5540663755911,43.6313660702923,7.45833753570151,7.39345386554811,3.23014445338921,6.935624541387,5164.56181448839,72.1770554223897,761.218475122035,7.09553490735105,1.0000354,1,37.5,
4322,113.119827848774,91.0542086549122,74.7448379464052,493.647308040253,11.5293712312606,90.5290068982802,97.724799704714,71.6907757571378,43.6175588676238,7.45769615930648,7.39352972788331,3.16366285221502,6.9010245953483,5157.91546994209,71.946710235292,760.72972486932,7.09511732927294,1.0000354,1,37.5,
4323,113.338448788175,91.2107678885657,74.8555254845068,499.889343566607,11.6268821980705,88.5671023447388,97.4972734303215,71.8463253360566,43.6099028016887,7.45858352443247,7.39354744502093,3.06153359028139,6.83651982443963,5183.64536723301,72.1490673738266,763.945670202127,7.09516819979454,1.0000354,1,37.5,
4324,113.0389319165,91.0191444605131,74.743649384349,500.362960689588,11.6502666978699,88.1666423273481,97.454561841245,72.1408190850486,43.5729271667765,7.45870492770579,7.39385949167578,2.97329973888445,6.77371853979934,5179.51402463029,71.7972722006945,760.763415701795,7.09599896818981,1.0000354,1,37.5,
4325,112.548141532049,90.7562693530119,74.649233394593,498.584433517955,11.6447662503014,88.0911118886051,97.4556777301687,72.2488978980172,43.5529243239771,7.45932572902782,7.39400458188726,2.83600489360673,6.67998266535945,5133.58303682272,71.0541362730407,757.658854649631,7.096577624589,1.0000354,1,37.5,
4326,112.275967167877,90.4208448323833,74.2670587583227,495.679970268683,11.6244087518575,88.3347172000006,97.4946647641719,72.5191980033316,43.5168607444994,7.4595640807432,7.39431149639186,2.72562945250726,6.59500058288922,5167.74476940474,71.2603684498459,762.952223353465,7.09720580354663,1.0000354,1,37.5,
4327,112.068401846548,90.4520498828457,74.4747462575003,504.326204040363,11.7469206662392,86.3504537981645,97.2498431540037,72.7738477948025,43.488398579026,7.4605745301938,7.39454474733553,2.61535637518756,6.48465200520788,5129.23459604429,70.4818386202003,762.890197863864,7.09770625289625,1.0000354,1,37.5,
4328,111.588182113104,90.2029835289813,74.3965324015864,503.468329484427,11.7514305803595,86.038367854962,97.221497907052,73.0655471251967,43.4173257004443,7.46161696578261,7.39520511050204,2.49604064640329,6.37314934889718,5094.72503528303,69.7281446008103,758.178916511188,7.09871103682283,1.0000354,1,37.5,
4329,111.0039293159,89.7909948403925,74.1118693584959,505.272911432494,11.7876821503398,85.3411079872168,97.1385131784216,73.1359104784631,43.3543948539663,7.46241106713239,7.39578565347605,2.33821077471307,6.2155770503054,5058.55230045448,69.1664637434727,761.622894947665,7.09984193048039,1.0000354,1,37.5,
4330,108.746309150074,87.804138668178,72.3251430946026,503.599133833314,11.7818841269348,85.052221758807,97.1168702229059,72.8876302347715,43.3249324906855,7.46410287017189,7.39603116948565,2.14540058171196,5.93686199784552,4977.03096573883,68.2836161596664,751.197625174804,7.10101565893974,1.0000354,1,37.5,
4331,107.207446498619,86.5700226978904,71.316274671265,508.760491379481,11.8573204293911,83.7403355216851,96.9507739887128,73.3809108595978,43.2237875664138,7.46585395032685,7.39699409152703,2.04049111473112,5.71127146566024,4937.79894647535,67.2899653143173,747.488764858839,7.10180947520142,1.0000354,1,37.5,
4332,106.975634107715,86.5372260177028,71.4305765598677,501.535474139201,11.7855720330605,84.6253748356205,97.081903466993,74.2808432391453,43.0894702372884,7.46561484969283,7.39829290824092,1.94049135780633,5.5852371378301,4950.1540365134,66.6410587259558,754.000844175083,7.10339916030707,1.0000354,1,37.5,
4333,106.388616610198,86.2037840513421,71.284559986101,502.068841743362,11.8057959893518,84.1097029448065,97.0285482191407,74.4582612901867,43.0916788533763,7.46738090035211,7.3982183318657,1.79494751287861,5.39795041065799,4900.41503219714,65.8142554940777,749.316258942195,7.10426641853986,1.0000354,1,37.5,
4334,105.82849868811,85.7512406601334,70.9115282046722,497.732711064043,11.7668757371179,84.6271021121897,97.1054310262454,75.1323479347206,43.0145009922772,7.46703957359752,7.39894298977928,1.675092276076,5.24875505768135,4918.4264711484,65.4635001613661,745.635676104934,7.10445043650562,1.0000354,1,37.5,
4335,104.556391255185,84.7620294268241,70.1314141623836,499.183340938253,11.7979899722579,84.2523852980942,97.0605289689996,75.1713592669575,43.0160200934373,7.46710948410262,7.39887249926762,1.52996914061178,5.03766040846312,4851.64180611273,64.5410945528203,745.626625121222,7.1049722393284,1.0000354,1,37.5,
4336,103.618229068031,84.1915918987613,69.8327731214749,494.529919685276,11.7545661545615,84.587585101172,97.1221712008305,75.8992480618987,42.966929116037,7.46836252439576,7.39931120162789,1.41764674699322,4.86922502178304,4807.61768403891,63.3420989904685,740.114796580142,7.10538990362932,1.0000354,1,37.5,
4337,102.229700787103,83.1041442557724,68.9678633413107,492.43841320457,11.7420156086498,84.7311726589588,97.1499596439803,75.9487768460772,42.9805691998682,7.46859968435585,7.39911447155816,1.28553066433068,4.67373475281976,4736.19622296934,62.3604015712857,742.33248039977,7.10526384650643,1.0000354,1,37.5,
4338,102.557492595624,83.5149178553417,69.4399713081768,500.32751082253,11.8510999185769,83.2678514830875,96.9588155362716,76.9181664432188,42.9136232103776,7.46959305516847,7.39973081319418,1.18073736671317,4.52124202631663,4775.83609582511,62.0898328270818,745.969166189352,7.10582349875444,1.0000354,1,37.5,
4339,100.978033099116,82.1730947286693,68.2737924548609,483.022495121134,11.6493091328013,86.1221482333467,97.3406663117594,77.2629793940899,42.9257473982604,7.46755436813484,7.3995461494779,1.0586471538316,4.35580948051738,4737.37962027316,61.3150005012043,733.443005668947,7.10610732224185,1.0000354,1,37.5,
4340,100.051871094378,81.6755756201138,68.093096356527,493.888770984672,11.7989707329323,84.1005472634231,97.0870458841093,77.7697158530264,42.9640605689379,7.46925492273383,7.39909518955777,0.954627511653643,4.20684076632489,4659.75731947873,59.917376171015,732.074303418202,7.10558457536422,1.0000354,1,37.5,
4341,99.1175959305413,80.9502160210958,67.5221526097666,489.122262257109,11.7528493626265,84.7704392822625,97.1827164382686,78.4034747473407,42.9564270735082,7.46891487358246,7.3991073789217,0.85954511191513,4.06502313058188,4644.32315182262,59.2361903192325,735.631559674715,7.10614690743937,1.0000354,1,37.5,
4342,98.3891297867687,80.4492261045627,67.1892972959756,498.400915335391,11.8781697788688,83.0803303144153,96.964868793036,79.1120952348456,42.9843626588006,7.47044729980333,7.39875976753799,0.762794483684684,3.92512930472773,4627.62134304379,58.4944859481552,731.923642060631,7.10629033926112,1.0000354,1,37.5,
4343,96.7653710405084,78.9932858417498,65.8573967817977,491.452620951296,11.8068790306955,83.8498640916753,97.0842387255315,79.3599523618104,42.9589808708431,7.47114362628548,7.39895118856635,0.658041722635813,3.76145461278663,4598.69499971881,57.9473004060395,726.308989171702,7.10754040375019,1.0000354,1,37.5,
4344,94.9699677441978,77.5482032272902,64.6712468452281,507.685292540512,12.0063392803294,81.0742508204368,96.7037474161386,79.8473130527402,42.9998138399932,7.47334344412951,7.39847460601817,0.568675875836343,3.59161029318259,4535.73076193679,56.8050518987517,731.99680265221,7.10798860080598,1.0000354,1,37.5,
4345,93.3995187498223,76.097693721756,63.3093882662288,505.240668547707,11.9899062641834,81.4205377320787,96.7585065930242,80.580541288189,42.9895587548921,7.47281613435734,7.39851610708261,0.4787419658313,3.42377299017864,4545.86901520841,56.4139796349905,724.568181315348,7.10920455805843,1.0000354,1,37.5,
4346,89.7842096942042,72.6773144173029,60.0330874735062,506.06987608969,12.0082101771187,81.133732542198,96.7304335529843,80.1039992596113,43.1459819294284,7.47405454990135,7.39687985933757,0.391580444139981,3.20617233865132,4468.07256332432,55.7783956434387,713.775817081609,7.10896057347879,1.0000354,1,37.5,
4347,87.2687029027207,70.3519330584501,57.8482336083371,522.027222453829,12.1913594817842,78.7361182803185,96.3702558737227,81.0316670489114,43.2961003792295,7.47559847036914,7.39531651084721,0.320699220660427,3.01718476554933,4469.58330392272,55.1584765154202,711.911596611839,7.10887549049197,1.0000354,1,37.5,
4348,85.1086633524643,68.3564467750268,55.974373652573,526.318095505304,12.246493135446,78.2527441376652,96.2950881252716,82.4233795739704,43.4228284373891,7.47555205056434,7.39399654920795,0.2359935005052,2.85135237316217,4502.12468534886,54.6219374723462,700.535096678873,7.10918446027914,1.0000354,1,37.5,
4349,82.6963166251777,66.2659732403892,54.1218063907629,536.993693638232,12.3713445187699,76.8836149223276,96.0711985261475,83.044227654059,43.6319811784306,7.47627447859435,7.39186423313588,0.144805951669449,2.64327203860201,4448.88225803821,53.5724442711553,697.883214686964,7.10916556452509,1.0000354,1,37.5,
4350,78.9932274546829,62.7638537461474,50.7682297007082,540.409188520237,12.4154775807622,76.6588156143202,96.0335217226684,82.959388731822,43.9346490085607,7.47599237203366,7.38882238876753,0.0668449971480705,2.42659429488468,4389.97579641512,52.9171666224101,681.884214939156,7.10796675710128,1.0000354,1,37.5,
4351,75.3778552001049,59.2761303708575,47.3748554970659,552.729916002821,12.5547912695984,75.2094649895895,95.7785312515859,82.9623385992716,44.2753343820231,7.4765535025154,7.38543420282035,0.0102038528376682,2.23969306544932,4355.6021943656,52.500957276581,676.392199156433,7.10651424191158,1.0000354,0.999540944995355,37.5,
4352,72.2858230064826,56.4937020488794,44.8212648193466,568.518948924633,12.71707122671,73.3140113134978,95.4160848543976,83.5889860297169,44.6127595963981,7.47680580002686,7.38210905940385,-0.0491910283181314,2.05273776423954,4304.11969747818,51.4914691745156,665.844452337084,7.10493228292658,1.0000354,0.99700745535302,37.5,
4353,66.2581054682005,50.5492090841344,38.9382856698247,558.421354559561,12.5632653891868,74.4859881355453,95.6409459820916,78.8154303488201,45.111934739075,7.47570469510678,7.37725575185174,-0.10113909194828,1.8383965989738,4036.93491905567,51.2201088186548,633.275013881909,7.1026521660728,1.0000354,0.991247247547687,37.5,
4354,50.3791751498835,34.1357805260477,22.1297931953864,535.351024344942,11.4665999382382,71.0197725046956,94.9518666443916,60.3673855267507,46.1843946690892,7.47776372968499,7.36704185171092,0.0840497977811046,1.61103028548933,3197.23077270644,52.9628829343562,501.227238922817,7.09378334165027,1.0000354,0.884718517446105,37.5,
4355,48.8684800097915,32.7632178535328,20.8593284336894,524.399744047847,10.0911337332834,63.9929059741752,92.8185900957106,60.3306193248535,47.3182085411774,7.45668440468351,7.35650463116914,0.102848431914903,1.55004730889456,3168.11110512091,52.5124910132621,485.022701958531,7.07383377385818,1.0000354,0.724965948139322,37.5,
4356,48.2696865285846,32.2240207800028,20.3641808788771,544.456915514647,9.79549486170147,58.4225028169734,90.5952057669329,61.0711444452976,48.9877274779265,7.44433527511553,7.34144332708197,0.0254384070306202,1.49846190167921,3195.13065004961,52.3181721755933,479.8178623141,7.05447752322561,1.0000354,0.656699996826989,37.5,
4357,47.6811328215604,31.900466821386,20.2364962995179,598.462603991132,10.0641238299038,54.8319155348909,88.9721555723683,62.3262225376421,50.6739428858772,7.44384680154305,7.32669896741713,-0.0695660335358421,1.41543350480064,3206.94089450396,51.4541193727427,477.657164164868,7.04104357908937,1.0000354,0.608608896125029,37.5,
4358,47.2458293302359,31.7440009553437,20.2861278086842,639.017401192328,10.4912743113238,54.2341805868951,88.641352998279,63.8568596810936,52.2492318214247,7.44200266413207,7.31319035757818,-0.174133324331604,1.32229737299167,3227.64159259402,50.5449470693224,477.946188546016,7.03299387086607,1.0000354,0.600244698506862,37.5,
4359,46.947457176452,31.65888013055,20.358627531405,691.491549331023,11.2940362765945,54.0710964362979,88.6403449143595,65.2454746412347,53.8525243719622,7.4449377706729,7.29958226284941,-0.278218167212764,1.21316550257839,3252.46238593041,49.8496241128557,479.40157831458,7.02872011728527,1.0000354,0.621466306562212,37.5,
4360,46.2573311566781,31.2766037689455,20.203892221491,714.044388753896,11.6883179311676,55.6219941073272,89.3924077661329,66.2837584405973,55.3322374522233,7.44403272421413,7.28699171897503,-0.366464512328397,1.11537604213145,3237.68690426224,48.8458557636531,475.907899442921,7.02861369916555,1.0000354,0.636287165034348,37.5,
