4320,113.522847780712,91.2665148300604,74.8161817795788,502.016847048397,11.5780923551017,91.1175493671398,97.7603434078141,71.864007369692,43.1391764599248,7.45402704111451,7.38848505182629,3.43686994016724,7.10337488431241,5215.06664248963,72.5685476411248,753.839518486649,7.09624850242304,1.0000354,1,0,
4321,112.735824678619,90.3671103893693,73.8337128712285,498.839785144065,11.5801218108628,91.2205819732233,97.7851930421485,71.147452595664,43.1695741225103,7.45351910475323,7.38805031517457,3.36749375573318,7.09069356559395,5189.13774422149,72.9349759535555,752.633202009835,7.09585705688044,1.0000354,1,75,
4322,111.915120493412,89.6775541644411,73.2410920952017,497.32269617291,11.6001811476303,90.9439036667594,97.7653448542441,71.1651599746168,43.1809806868945,7.45315494809227,7.3878116319927,3.20560503509469,7.04043144680948,5159.99770117904,72.5073575752448,750.92076029098,7.09580396498869,1.0000354,1,75,
4323,110.559515661558,88.3212286123336,71.8842338368195,498.416284033407,11.6510225061651,89.46488333388,97.6098990504341,70.8325492743056,43.2033606394655,7.45451242494283,7.38746725808031,2.92709515152079,6.85446833453461,5136.04743226913,72.5097075410813,740.512481241073,7.09615100792059,1.0000354,1,75,
4324,108.648258024241,86.8387015802153,70.7185946433265,512.248276891723,11.8533159316516,85.5520427647809,97.1334502400436,71.0249782856825,43.1113613003681,7.45726854891632,7.38827733051351,2.68152380093002,6.59313590867592,5050.71385402084,71.1117972286517,744.759718932178,7.09756992379325,1.0000354,1,75,
4325,106.125351773182,84.5744938839599,68.6455989223614,509.485878207581,11.8549515664571,84.9198982584414,97.078932697285,70.9870855267632,42.9824549786465,7.45974502698261,7.3894642844167,2.36557994532518,6.21325868472728,4988.14110990649,70.2682899698127,739.352173343462,7.09989084063604,1.0000354,1,75,
4326,103.701570202335,82.6581201263595,67.1042657223778,515.258021124531,11.9534681822608,82.9895572988297,96.8374264000724,71.6897936465076,42.8071136110814,7.46245418253927,7.3911296577285,2.17531091066102,5.87871831253352,4918.91248606536,68.6138463491726,738.655632860884,7.10163348316607,1.0000354,1,75,
4327,103.836792954251,83.0561394028327,67.6965259083062,513.538346825653,11.966141531733,82.5209538302059,96.7955718993462,72.4912397002007,42.6270531598791,7.46378265674185,7.39284881884976,1.95287814020015,5.64091347129872,4911.78728522971,67.7569773333054,737.142450482844,7.10422230601109,1.0000354,1,75,
4328,103.835237137301,83.4051193701505,68.304597542257,509.529166130485,11.9528450675453,82.7390795837844,96.8444428932922,73.5495594325045,42.513265439244,7.46357590747107,7.39389707116802,1.74266336191416,5.45393525355082,4899.43237225503,66.6140274674408,738.746408776075,7.1057818509635,1.0000354,1,75,
4329,100.089320682771,80.1385649681515,65.3923542225632,509.491813684513,11.9831630181739,82.132348891698,96.7843801867526,73.5020646960205,42.562392819888,7.46525327958742,7.39328312403056,1.39637414306718,4.99244858149743,4781.38496305955,65.0510292851464,730.524114869182,7.10630239449637,1.0000354,1,75,
4330,99.4167879652766,80.0007505259716,65.6497663317026,511.067888668389,12.0305703444776,81.1291261464636,96.6667851588994,74.6960305146511,42.4134781255468,7.46740938419301,7.39469140860392,1.20413943513842,4.74137081545718,4728.82176978965,63.3075377260124,726.83495567433,7.10809362459115,1.0000354,1,75,
4331,97.7145580837639,78.687923693815,64.6247591447223,508.148825057307,12.0289763596392,81.0658791648872,96.682664966094,75.2900446924081,42.3880478895903,7.46832657458971,7.39483778520559,0.924787806167781,4.41425129917641,4670.83310477009,62.0378580442133,722.576039747043,7.10966990918182,1.0000354,1,75,
4332,92.8315849480969,74.473685635513,60.9048035349074,513.168991211379,12.1148392339293,79.3869475525575,96.4672263416398,75.237306084643,42.3120517452293,7.4719733776941,7.39550110515053,0.715371074608093,3.95863572264514,4503.50907527381,59.8573940194948,713.475059340713,7.11155250744284,1.0000354,1,75,
4333,90.4660853970369,72.5194158204397,59.2544861333895,517.521288230789,12.1947256555908,78.0555352006865,96.2902882687934,76.2718731132218,42.1935781417884,7.47449777707734,7.39660265407206,0.559460024534317,3.68090066320137,4463.16662386829,58.5165466861282,712.726821088105,7.11320022584338,1.0000354,1,75,
4334,85.972898115641,68.5040584049714,55.5923073144765,525.780797925277,12.3179663479206,76.508469210493,96.0580157584446,77.0558955662024,42.234247359738,7.4759479711855,7.39606981476971,0.314732540036831,3.30737072821811,4388.99164275436,56.9585443203832,691.799717735728,7.1152082305499,1.0000354,1,75,
4335,79.1422863899404,61.9964947306061,49.3235182867504,545.117219043066,12.5656285276891,73.3803522082037,95.5376958659489,78.4101336837038,42.3493661998322,7.48027015206436,7.39478043231289,0.133998529908137,2.81141432850003,4383.53580508663,55.9052203987974,677.153362144012,7.11684357385731,1.0000354,0.999873004678226,75,
4336,73.3069461733411,56.5797571189762,44.2161826005326,551.98190190953,12.645626686905,72.2216511240913,95.3330724588895,79.9392792030565,42.5705131224544,7.48090260054455,7.3924218382783,-0.0367631902825911,2.41812930411656,4359.91492657383,54.5403332384204,657.115345325928,7.11750537798909,1.0000354,0.99638001368474,75,
4337,60.6503017770434,44.7988377288559,33.0825382149782,534.943846710106,12.3203711407575,73.1649339965288,95.5465200157533,74.168821326166,43.1970157228261,7.48120640583392,7.38599668416951,-0.187807868268488,1.78405793280254,3833.41271565566,51.6849620516118,591.195628603554,7.11502068627665,1.0000354,0.976544290578135,75,
4338,45.2984729497094,29.3258017943132,17.5199144185855,431.641831363091,8.48235261253033,65.0756020686232,93.3371236516586,58.32304102475,44.4191238105334,7.45755731170549,7.37381097948945,-0.0538833858813312,1.45865820991752,3037.47374486779,52.0801674861022,428.454040350512,7.09425976584961,1.0000354,0.62226291332311,75,
4339,45.320713632062,30.0735008016988,18.8038217531694,536.412080595087,8.20354962186012,49.8384252118736,86.1307119146337,62.2570567048733,46.886544542574,7.42973342833992,7.35026120736153,-0.29456395549941,1.2064549967238,3095.09418357454,49.7147527909437,446.909784869865,7.05627792712769,0.992249566687615,0.438453463378684,75,
4339.40147174874,43.444106283441,29.3227198545552,18.8851733636397,552.228308035097,8.23232795534898,48.5334938256497,85.3952589151446,NaN,48.3084044773685,7.43307612692941,7.33720998809895,-0.511573637382833,0.760140578219066,3129.44030903961,46.0439060691409,431.99357539586,7.04722900217191,0.978250641609056,0.415283484962821,75,
