4320,114.365244659548,91.9728881911965,75.4220160189366,492.938790634598,11.462539855417,91.2856773448267,97.7954890861126,72.0670014630476,43.8247332907366,7.45881734410259,7.39610126858896,3.487125541159,7.23918017617681,5261.76046279092,73.0120631630399,773.960330345014,7.08552608917755,1.0000354,1,0,
4321,114.057427400037,91.5195748554174,74.8611621050466,494.982348856553,11.5099620215571,90.2526261652054,97.6817524212042,71.7366830704532,43.853233735423,7.45892098514178,7.39575260221746,3.45789583453803,7.21502160021775,5271.67522938751,73.4864647172237,773.374977881045,7.08537516477183,1.0000354,1,37.5,
4322,113.632884184479,91.1861920116698,74.5951586665498,494.772856476622,11.5268001417885,90.0616319656514,97.6640097204937,71.8014029121034,43.8396113450134,7.45851166246803,7.39582424925756,3.38306694265595,7.17918829708421,5255.08932445784,73.1892290585314,772.718992808185,7.08532697177445,1.0000354,1,37.5,
4323,113.418028213719,91.027683712105,74.4782986456946,494.477449206712,11.5412661173998,89.7418725200627,97.6340228352871,72.0187104053752,43.8306199600055,7.4588161911257,7.39585266842743,3.29900405332777,7.1409080476902,5257.76217748397,73.0055029851181,772.653171620069,7.0854818516058,1.0000354,1,37.5,
4324,113.238826215622,90.9539299884599,74.4824849509918,493.337895990578,11.5438443272181,89.7200047071578,97.6380546422391,72.1847287808781,43.8194515745563,7.4588166051452,7.39590514209376,3.19526630408612,7.08550628619326,5245.06369828176,72.6616804809717,772.682430654549,7.08578130372084,1.0000354,1,37.5,
4325,113.291161511351,91.0355964756855,74.5858310145416,499.851401332057,11.6424143591101,87.8793585946353,97.4194928495237,72.2112758529313,43.7836814699423,7.45962679896432,7.39620366262197,3.04598039191622,6.98119261366611,5240.0866058995,72.5660437931009,773.818761095688,7.08610956206491,1.0000354,1,37.5,
4326,112.461572475846,90.4047506923199,74.1018824175394,496.624337625296,11.6175308519358,88.1168314937178,97.4609972307495,72.468285818409,43.7819616408686,7.46038624386956,7.39616603578838,2.94356137769256,6.88547188816495,5211.77603305673,71.9180255776492,766.378335467045,7.08689661062227,1.0000354,1,37.5,
4327,111.30286733026,89.5368731301298,73.4489643735119,504.68874208743,11.7323636193267,86.0809801950999,97.2099480482109,72.3296102320222,43.7223250488347,7.46193164623344,7.39670429721523,2.7516970390946,6.68133751398508,5133.21501107586,70.9697590600765,767.053034586611,7.08754272379846,1.0000354,1,37.5,
4328,110.567632028164,88.8866652609541,72.8616028677991,505.224634493301,11.7533998723967,85.4600792026691,97.1419493684074,72.7388224693308,43.6272884671844,7.46345545906136,7.39759580167563,2.64457830729448,6.52982976779182,5142.09068673828,70.6925203374906,765.453116958941,7.08910218625083,1.0000354,1,37.5,
4329,109.913046300122,88.517156501978,72.702803172915,502.430475450364,11.7335775678805,85.4991468012164,97.1607643144308,73.1651592398029,43.5495496379898,7.46445822107835,7.39831726632097,2.5246342636885,6.38685904378727,5104.22130814458,69.7630041563253,769.129380920299,7.09018795235893,1.0000354,1,37.5,
4330,108.79293674062,87.6666016498509,72.0514844088476,498.618433403683,11.7005779361539,85.7067832340844,97.2004042748927,73.294424041917,43.4724228475058,7.46518076489839,7.39903393683129,2.3671630654703,6.17235926564033,5048.82040192034,68.8840995466848,757.447536751941,7.09143845719648,1.0000354,1,37.5,
4331,108.26605159899,87.2688580238941,71.7491932075191,502.311117030989,11.7594905379371,84.7844656571261,97.0875894168839,73.7693410764937,43.4202853158996,7.46629410618923,7.39950144194431,2.25304783944375,5.99829687575394,5050.4721199659,68.463023340942,762.268358957802,7.09211184824812,1.0000354,1,37.5,
4332,107.547648474572,86.7553520904206,71.3871330238742,502.960429813518,11.7806006512271,84.4550978414405,97.0498585236636,74.1424911175745,43.3516073013595,7.46654878174625,7.40013448759137,2.11921563189749,5.81049652719319,5026.48571581997,67.7949397174828,757.71662192802,7.09235493839669,1.0000354,1,37.5,
4333,106.36094799839,85.8685057973126,70.7219180834728,496.56856575429,11.7155583473948,85.1453636713965,97.1552789617766,74.3955473491787,43.3037071955746,7.4670179923737,7.40055920555404,1.98366488170244,5.60233476916644,4970.90523531586,66.8172412521505,757.453466185917,7.09341392138211,1.0000354,1,37.5,
4334,105.553452381828,85.2644515290254,70.2682335073883,494.433781656738,11.7020563643162,85.3689963878413,97.1916260920116,74.8074084589631,43.2968872179445,7.46696126604373,7.4005709380441,1.85558857309298,5.42098646573833,4948.80215656515,66.1539045197629,753.782095971081,7.09318678934683,1.0000354,1,37.5,
4335,104.517509503854,84.3678073642036,69.4745492609833,486.883281520357,11.6193464359062,86.6260114890284,97.3597739759397,75.2973808713426,43.3220325022023,7.46628900839186,7.40026088204951,1.73679497186979,5.25823898623035,4947.01608414618,65.6997099620096,747.425074902318,7.09291757324638,1.0000354,1,37.5,
4336,103.334230837739,83.4624453458217,68.7746038952739,489.963472135983,11.6714941709436,85.9155123891143,97.2769512329415,75.4165910544505,43.3617285976223,7.46698243502444,7.39980384350012,1.59791194520235,5.06096881325212,4886.50795283893,64.7935405792989,750.428200911711,7.09272920930337,1.0000354,1,37.5,
4337,102.896599288586,83.3659630466995,68.9302753896527,487.80066784578,11.656728611521,86.1251970520068,97.3106616197309,76.1478126367267,43.3156595658596,7.46702667634813,7.40020398099322,1.49531607275034,4.90574778475391,4849.18380102391,63.6811962565175,748.932453929289,7.09333773627845,1.0000354,1,37.5,
4338,102.266041527977,82.9455443087923,68.6651767989605,495.072907318484,11.7603514796488,84.8522437111269,97.1480272021301,76.4342493062197,43.3306720673969,7.46730884971463,7.39999053015919,1.36255934632811,4.73577994741285,4815.05359144217,62.9960212227838,747.984877792741,7.09288178743259,1.0000354,1,37.5,
4339,101.374033240293,82.2457433232555,68.1074420802275,482.438849279437,11.6127966766978,86.8469314464135,97.4135969273226,76.8393686949952,43.3245871448723,7.4667967102244,7.3999874637459,1.246105161705,4.57713394919124,4792.41871318231,62.3693139932636,742.120645421318,7.09306432443238,1.0000354,1,37.5,
4340,100.178346375717,81.4166639355576,67.5493334363092,483.985821714538,11.6452171701586,86.433108978641,97.3693718609051,77.328872103981,43.355355187272,7.46733016843423,7.3996150074426,1.14047632842026,4.43173002416196,4730.51341342102,61.173961092567,744.946200142986,7.09321549943415,1.0000354,1,37.5,
4341,100.124010116336,81.5632834448927,67.8444854703479,489.412295352039,11.726396089708,85.2798598158423,97.2300988827049,77.8490787076905,43.3435023565463,7.46832999114533,7.39966983188633,1.04214209595027,4.29093344317924,4711.32728089733,60.5187287904527,745.95664013563,7.09388568087855,1.0000354,1,37.5,
4342,99.5217275635533,81.2767533740307,67.7913376687313,486.478425174244,11.701237773925,85.5064263194076,97.2707230131822,78.3878497690265,43.3378512199585,7.46910683248584,7.39966302699496,0.938691032255383,4.18150579826174,4663.22989667969,59.4891926544753,742.897177078193,7.09443576694723,1.0000354,1,37.5,
4343,98.9998350817327,81.0258910382673,67.7408019626624,489.080803156875,11.7456036576599,85.0265271905634,97.2126667513661,78.3814200331853,43.3875957034876,7.46914106402543,7.39910260416462,0.830647985801444,4.04514950122648,4593.5805293146,58.6054772594036,741.87300974812,7.09455075108209,1.0000354,1,37.5,
4344,98.1768218822913,80.5015570643986,67.4372308946518,492.115034305719,11.7945356086718,84.1977458848472,97.1179249682049,79.0641651290368,43.3974124564587,7.47097289171462,7.39894321131407,0.740960847112355,3.94249947031774,4556.59511677785,57.6316098366593,744.253076079368,7.09584754276461,1.0000354,1,37.5,
4345,97.4088911683427,79.9827633349154,67.102581892817,502.577078415572,11.9291708194751,82.2870635673114,96.8649890220327,79.5416918665275,43.3874490425129,7.47272671075505,7.39898363727596,0.644176569597546,3.80288990853614,4519.50156957474,56.8192788400648,747.341253384259,7.09729177748057,1.0000354,1,37.5,
4346,95.4905994135293,78.2077752523329,65.4335139157963,507.459871622397,11.9928667974261,81.3540223335846,96.7397747240001,80.0042451843849,43.4098472985475,7.47379586203968,7.39870247171404,0.554588311664025,3.6450953993137,4508.40128825994,56.3520257939998,735.751926834705,7.09884095494847,1.0000354,1,37.5,
4347,95.9797657828773,78.9631285966876,66.3856141547213,522.172190184706,12.1608396924741,79.1143123349885,96.4024655134749,82.2919983876918,43.3537650439437,7.47496062831451,7.39921009956415,0.466923880343346,3.51853025137144,4565.89762773363,55.4841019441879,750.215421886488,7.10023420803522,1.0000354,1,37.5,
4348,98.2207302408724,81.6848913836581,69.4627496196301,515.419774181664,12.0938389178166,80.3669602275619,96.6031799088829,84.247146799981,43.4938879968315,7.47448448024332,7.39775946765447,0.33533083065581,3.40481966822525,4542.3046069515,53.916420668059,758.911372665422,7.1024752021033,1.0000354,1,37.5,
4349,95.948063064302,79.5968048952412,67.5110923355006,514.207379943674,12.0857185892817,81.0802229354608,96.7051652654956,84.5237345107842,43.8807549239661,7.47300951298554,7.39386835434833,0.242627253764069,3.28152478052255,4506.34745799542,53.3145806213811,743.130367033889,7.10127065086247,1.0000354,1,37.5,
4350,96.0756075254166,80.1389715635457,68.359718896076,538.455498964555,12.3557574403063,77.7865582725918,96.184153371515,86.5769866207382,44.0209021950036,7.47405877941864,7.39244236114191,0.161732789484098,3.13421602086982,4498.77154685487,51.9626718652421,752.455228332714,7.10022321815429,1.0000354,1,37.5,
4351,96.0668987103441,80.4200133784549,68.854924220102,527.050255783289,12.2338702855003,79.7110052328285,96.5102478615487,87.8553533810221,44.4144675070886,7.4746376417131,7.38854054635062,0.0555585697326082,3.02667018934774,4482.19711275254,51.0179168401223,754.581837812957,7.10065862107204,1.0000354,1,37.5,
4352,98.7742927489422,83.6775082578992,72.5190153732152,553.333935409113,12.5255068344933,76.8349926072215,96.0126912299653,91.6624633322233,44.5971703021408,7.47300711691756,7.38672603315292,-0.0176613146995011,2.94450625304014,4512.01777059367,49.2242691999257,765.125086693545,7.09993121275635,1.0000354,1,37.5,
4353,101.300762417667,86.6101261861968,75.751829841197,555.558908988855,12.5504162670963,77.5110539629852,96.1052466891299,93.8200820701119,45.0221181131833,7.46991518504921,7.3825799953221,-0.107918727157063,2.91626590354958,4493.9810328735,47.8999904254522,775.070008863024,7.09947566380486,1.0000354,1,37.5,
4354,103.411737664826,88.8984868189689,78.1713014111618,550.586150804635,12.4941390709569,78.9264186154412,96.3372696541697,94.2275846209192,45.5658411982289,7.46882882009291,7.37734275034562,-0.189344340502869,2.90794573107922,4459.00112716142,47.321611236244,775.241359164926,7.0994040296436,1.0000354,1,37.5,
4355,102.604091850256,88.3181989030043,77.7590606376445,555.077375826654,12.5417775600377,79.1953640835831,96.3588929288935,93.6911091205161,46.1154687347558,7.46615159871615,7.37211416846302,-0.251334764587099,2.90167021544281,4364.15928482628,46.5802926851107,778.530113283702,7.0973906274773,1.0000354,1,37.5,
4356,102.842490181509,88.5924903572915,78.0598817915654,565.766402314297,12.6579216596075,78.2240225966953,96.1865647132327,93.3717601903919,46.4885021972865,7.46526669293785,7.36859651595187,-0.283140776204528,2.89137491300593,4338.35639806041,46.4632602964128,779.238225858998,7.09549299016382,1.0000354,1,37.5,
4357,102.389864984445,88.028730995538,77.4139797863461,569.612321264664,12.6980086617377,78.1707238183247,96.1748514374379,92.5097197800642,47.0001657174816,7.46508219061954,7.36382456839142,-0.33732095595141,2.87555703834394,4331.8251788966,46.825622098902,777.926194829878,7.09500111800017,1.0000354,1,37.5,
4358,100.306208188009,86.2461270687938,75.8538931980697,612.634177492982,13.1774149895266,72.3508958229301,95.1053084091883,92.3981543342767,47.3540840530038,7.47054771101181,7.36054891968823,-0.444801393505003,2.74096957000295,4235.90239362858,45.844015220304,771.740070008009,7.09569902248426,1.0000354,1,37.5,
4359,99.6789115426418,85.7551136247489,75.4636108158716,623.709226205419,13.3005704966017,70.7821622544695,94.7890617913311,93.0931784549309,47.3848191933711,7.47335185974561,7.36025022405904,-0.513770800647707,2.6316101327199,4226.39799658829,45.3996529792396,771.493600393919,7.09856040463297,1.0000354,1,37.5,
4360,99.3132777954658,85.567022428091,75.4067467217705,633.199985522446,13.4060834590738,69.7838410185289,94.5543153028428,93.9831763431913,47.4525579404497,7.47323656737593,7.35961321121618,-0.588670200890953,2.51732035350872,4212.39751697859,44.820761341333,775.77984555715,7.10059291190488,1.0000354,1,37.5,
