4320,115.740701728854,93.3312766419695,76.7677885342721,486.953440486516,11.4127529863072,91.1293941964848,97.7964903637894,72.3866271118936,44.1185673196818,7.4614941397394,7.40016907708946,3.42263486789856,7.10699498933341,5289.12556661163,73.067716754309,786.273167426564,7.09292625570558,1.0000354,1,0,
4321,115.024256223161,92.430248808605,75.730330284803,482.68941932135,11.4424659053847,91.1083325376835,97.818416965479,72.2419544407474,44.1793472023682,7.46027796497322,7.3992736144297,3.25921628271155,7.09187306494093,5322.03315227635,73.6695621467642,790.207972592907,7.09262388441433,1.0000354,1,150,
4322,114.755057456799,92.4082292581473,75.891008415666,485.590290112582,11.5621753545929,88.9581536045249,97.5961093584091,72.4371022499809,44.1893368064737,7.46056066020822,7.39888772606782,2.98119085469711,6.98542186692717,5278.02910185244,72.8636146106167,797.160186755489,7.09324006903849,1.0000354,1,150,
4323,113.573316593076,91.5815990369145,75.3268512780127,497.254443711121,11.7873079491191,85.61727735633,97.2052530365023,72.8112496325537,44.1366631047403,7.46128078498379,7.39912521144214,2.49355167342264,6.73081752563629,5220.98512171122,71.7057480548573,792.23081922476,7.09433587180783,1.0000354,1,150,
4324,110.357635883303,89.3038024935542,73.7422734663482,513.0993659139,12.0405361283675,81.3202998100574,96.6617923530684,73.5302143620988,44.0505660500778,7.46666287567636,7.39969614054803,1.83834462816785,6.12056239078273,5047.68024142166,68.6477019713884,784.485405693007,7.09765223616973,1.0000354,1,150,
4325,104.299944193548,84.8212263101319,70.4239130919544,511.088378644877,12.0890683656569,79.8221478386338,96.5173658573764,75.3957197016092,43.7570889802184,7.47260259143619,7.40231796349949,1.21689445350853,4.97731650996969,4788.52633826096,63.5119123103052,771.835672713369,7.10293117211146,1.0000354,1,150,
4326,106.337074454781,88.1799261534216,74.7594252350256,502.35860065183,12.0630742408477,79.8724445796161,96.5965635149161,78.8237949970118,43.494880997594,7.47604621497808,7.40464429080908,0.797887538798597,4.45112506593488,4666.5916835731,59.2028293455043,791.887054524205,7.10762492658512,1.0000354,1,150,
4327,107.95026396273,90.8978292874458,78.2938558318012,495.109738876689,12.0501097600942,80.5137834199125,96.7312896286781,81.431743911464,43.5642011018751,7.47540847941616,7.40367633658807,0.44842363059091,4.1563980699102,4527.67193996645,55.6008225108027,787.00700178514,7.11186832856074,1.0000354,1,150,
4328,102.919729062804,86.3717410101601,74.1406194060316,532.726461308078,12.5442258642271,74.8885570231144,95.8563204167722,83.5176847318653,44.1017561541869,7.47773717946564,7.39808970382105,0.00561072543203789,3.69305705824084,4506.2830443578,53.9560340881729,770.504662051535,7.11285350588643,1.0000354,1,150,
4329,95.5443939416975,79.6137662450916,67.8389544693393,603.166140815817,13.4404826315931,64.8769499044278,93.7522331704454,87.5110073016549,44.5702037651961,7.48638454035141,7.39326086562409,-0.369104025184078,3.074002185186,4545.59137894106,51.9430814374262,781.110357948076,7.11768748828024,1.0000354,1,150,
4330,89.0083065404108,74.1676430990247,63.1984570771307,699.342327591728,14.6940488921328,55.9983429445789,91.0904912208592,94.0768646891588,45.0083582698827,7.50022684580154,7.38879905530592,-0.726557972342851,2.3283584924652,4552.30103180594,48.3891661020729,798.794429323517,7.12772218404962,1.0000354,1,150,
4331,65.6404336381576,51.5359411109325,41.1108814168965,830.430529375764,16.3915884500708,51.0676893688737,90.0292014642388,76.6593054076127,46.1980961024663,7.54906567675533,7.37724754371957,-1.03111307754478,1.34728996438873,3525.47116300552,45.9888221561609,692.465212885809,7.15193876914988,1.0000354,0.988459612516398,150,
4332,51.5940397677143,38.7608659227541,29.2754765590878,905.266852141978,16.3375613278013,45.6298187926567,88.1558364554143,74.3480540616868,46.1023622873961,7.58618739331003,7.3770056018696,-1.20608199112986,0.538210452364672,3110.98921306917,41.84358625564,603.733570952269,7.1812107267824,1.0000354,0.828522984737891,150,
4333,67.2097443180061,56.4235567357635,48.4511572184538,1637.14816520356,28.4850804020495,45.9499639904014,90.3084733098035,118.281305153499,49.6674534872751,7.6664203021364,7.34084629415068,-1.5270323985053,0.179454865913187,4159.8617609591,35.1692243804773,671.987513900326,7.20605630719205,1.0000354,0.919972688902981,150,
4334,57.5584645386704,45.6296360443017,36.8126758528118,740.605868610373,15.5017689353983,81.8046625097917,97.1115179480868,81.6087567249253,58.0690371829072,7.46756043476819,7.26494600666881,-1.21573434326926,0.373593643369335,3174.16411811686,38.8948961545372,504.525414022036,7.23434170989787,1.0000354,0.980211610965826,150,
4335,55.6263003424082,43.8208195044151,35.0950293198115,570.020872640076,27.0533961510515,61.0486337974696,93.8751965427586,80.2770871568968,77.4208203313366,7.53891529660339,7.12899132593506,-1.25151091762304,0.290348696188966,3090.08273904149,38.4927112888651,479.414585408926,7.18960660171271,1.0000354,0.986511948275428,150,
4336,54.5963646829556,42.9955852174901,34.4210960473634,0,17.358862824665,52.1618811952649,73.8335025330712,80.8437329806173,109.064997361842,7.00081897379109,6.96499095535231,-1.27571883896083,0.239855282370937,3057.93571630585,37.8252661469629,651.85825713971,6.99334269002307,1.0000354,1,150,
4336.92356992419,7.61781375039693E-05,7.61781375039693E-05,7.61781375039693E-05,0,0,0.816678300722764,1.99287355270397,0,1.03011360998226,8.99006191936119,8.98456997535912,1.50555522271389E-07,0.22419117765793,0,0,0.00130038822590888,6.91528632406407,0,0,150,
