4320,114.871086185279,92.3793576609631,75.7550365777733,506.690097271248,11.6125773034513,90.1871557232882,97.6439196543431,72.6446919117256,43.0335529954479,7.4548040965911,7.38958149217196,3.60757941583641,7.3650432732711,5327.47647795228,73.3360736724713,771.704914011243,7.07636191909616,1.0000354,1,0,
4321,115.134272971807,92.6274312902545,75.9919396125855,502.485390779819,11.5809623584102,91.2058383476373,97.7695358976374,72.7534917963968,43.0264025832811,7.45403001125993,7.38958060394638,3.57543206021322,7.36504374773434,5339.04055569463,73.3853513263133,776.244187990359,7.07649172433996,1.0000354,1,37.5,
4322,115.177837652656,92.6996223874481,76.0852893653383,499.519085472979,11.562698453257,91.9192403815903,97.8572229185274,72.7442029124636,43.0421279573947,7.45365087425262,7.38935181505204,3.51120447981331,7.35268924698984,5331.56903745605,73.2920126140054,778.968322583325,7.07660994041478,1.0000354,1,37.5,
4323,115.039303685599,92.6222922100339,76.0531967715729,498.957543573035,11.5731417082249,91.7909484610506,97.848100326828,72.7844020487195,43.0612313583679,7.45351886614144,7.38909144884626,3.42565216907864,7.32093237669976,5319.99046981656,73.092452779313,770.99596896639,7.0766964431786,1.0000354,1,37.5,
4324,114.858421921821,92.5455759738312,76.0534724470559,500.605719809267,11.6101794901022,91.054421695839,97.7672845123909,72.8752087854409,43.0753576332403,7.45325477424481,7.38888327918687,3.32438500040511,7.27106463933012,5301.87642060461,72.7528127736058,774.120324843959,7.07619609571229,1.0000354,1,37.5,
4325,114.587690604912,92.4030984334927,76.0057911763571,502.895036215541,11.6540254959719,90.0835709456309,97.6589889733316,73.0248171357631,43.0831294685737,7.45352591887445,7.38874052187903,3.21288203734029,7.20573970651601,5282.22320953437,72.3346311119683,774.08423604879,7.07629663193389,1.0000354,1,37.5,
4326,114.281878989439,92.2470704712021,75.9604728707661,505.19900718235,11.6969228924611,89.1167463524364,97.5498744403066,73.2286875252121,43.0712301895058,7.45417413686837,7.38879699310092,3.0918346862705,7.12845387782694,5261.20655972919,71.8462495714919,772.721667908176,7.07665877000517,1.0000354,1,37.5,
4327,114.774307727491,92.7266014294717,76.4304706874574,510.449521643737,11.7740616359098,87.5556706879603,97.3621977403495,73.4723640327242,43.01586889734,7.45511970497587,7.38929288702555,2.97452820542644,7.02561566189819,5281.80362726427,71.8883038105564,776.638464807935,7.07716502169767,1.0000354,1,37.5,
4328,114.663848420447,92.7655942050449,76.5799280458344,510.253832553375,11.7848664509157,87.2347382747376,97.3311604540958,73.6458374159962,43.0062543381635,7.45594855218988,7.38932786312635,2.89347835868903,6.95279246716401,5258.38668643459,71.401003382337,773.349899667429,7.07858247663968,1.0000354,1,37.5,
4329,114.493523434063,92.7595801622016,76.69536122213,509.144677314494,11.7842789607263,87.1100241000884,97.3228259794057,73.8213836251252,42.9375920995907,7.45631693684724,7.38995983855625,2.79834340998656,6.87455423198502,5231.3711347167,70.8652544536729,773.199207336157,7.07905731021495,1.0000354,1,37.5,
4330,114.248499843776,92.67996215895,76.7379995223394,506.40730260992,11.7637322900433,87.3163089709127,97.3588852770281,74.0329157633808,42.9072835987052,7.45686310867805,7.39020462667187,2.69530875587463,6.7928962684022,5206.4341219759,70.3259363526402,771.778289807313,7.07965819359061,1.0000354,1,37.5,
4331,114.041161554826,92.6453742015249,76.8310965925632,507.326086406527,11.7865661496702,87.0158939393039,97.3242489065895,74.2733608900441,42.8814661280936,7.45675077082589,7.39040404196836,2.58750642310666,6.70645221853172,5181.50797497713,69.762670126749,771.223530269541,7.08011697289762,1.0000354,1,37.5,
4332,113.798849498553,92.5828757885962,76.9015039160194,507.27562790411,11.7974463840951,86.7238040706096,97.2964143491249,74.5451942919384,42.8748890137097,7.4576154617121,7.39040873608514,2.47640730241645,6.61544763983515,5156.76619623429,69.1763734096534,779.522565822936,7.0806450330919,1.0000354,1,37.5,
4333,113.656187074342,92.612672275914,77.0587700335973,509.559644305199,11.835557812772,86.1436166731398,97.2252858650204,74.8435771604691,42.8428087454603,7.45779424986703,7.39067178202525,2.35890526701709,6.52450761348723,5135.32149795435,68.6140573818901,777.028698018671,7.08174394019294,1.0000354,1,37.5,
4334,113.581262329308,92.7267950079419,77.3126235095409,508.361532468577,11.8323354919905,86.1294247291178,97.2316571152958,75.1509065807774,42.8149299374227,7.458256667333,7.390892446199,2.24252585035685,6.42769092746596,5110.0852693617,67.9976530139265,777.393204263002,7.08229108527632,1.0000354,1,37.5,
4335,113.509292158182,92.8549407896005,77.588681082388,513.143011502056,11.8981275440619,85.0501518449218,97.094552562719,75.4513235771779,42.799073996541,7.45909516603731,7.39099139482399,2.12576924686047,6.3274782930063,5081.28138295999,67.3451589986016,777.835687082016,7.08285272926964,1.0000354,1,37.5,
4336,113.426539268485,92.9806580601517,77.8684849931227,510.834053772271,11.8819681680958,85.1800341899696,97.1223990232269,75.7548583959412,42.761187807198,7.4597607947308,7.39131407196888,2.00918198682994,6.22451551168566,5050.22986289464,66.6654254239253,776.926297443298,7.08377372246817,1.0000354,1,37.5,
4337,113.309032741526,93.0800347611389,78.1281666886792,515.064275449893,11.9397089548247,84.2118247883801,96.9977993626543,76.0457901075324,42.7377682273239,7.46066365509387,7.3914900484542,1.89305162153659,6.11955877961676,5015.84802406233,65.9582603714115,776.659323225167,7.08446214629458,1.0000354,1,37.5,
4338,113.566058973992,93.5055388277522,78.678197850097,520.146237218921,12.0042397396808,83.0280842658119,96.8400588848431,76.4175045236053,42.666315195878,7.46193033965569,7.39215471809009,1.73476156180241,5.94659506349779,4998.38681930396,65.4089249637819,784.862672879287,7.0861784513393,1.0000354,1,37.5,
4339,113.169601940344,93.4859172385829,78.9371068068465,518.405070752324,11.9950462660727,82.9001167173005,96.841383013025,76.7910347775626,42.648935293053,7.46394437970035,7.39226955326651,1.6015262032477,5.79551574876526,4928.46573331099,64.1802229594519,779.646407745438,7.08792172747187,1.0000354,1,37.5,
4340,112.788101973207,93.3227616241725,78.9353361487991,518.148773212361,12.0014740298631,82.7121451671369,96.8225355395262,77.1170470382743,42.5770607203864,7.46441842058441,7.39293964922219,1.50570420999501,5.68696042130861,4894.48739788366,63.4682937931279,784.153997267315,7.0894777299428,1.0000354,1,37.5,
4341,112.51134272357,93.2664645399107,79.0419893606843,516.711305845593,11.9952277603405,82.6350309470086,96.8241579797673,77.4291290946771,42.5149373965515,7.46544738824464,7.39351109896455,1.40635330906765,5.58158534398739,4858.63598707216,62.7494593298502,781.997966614227,7.09034146213727,1.0000354,1,37.5,
4342,112.268386908502,93.2415326845932,79.1782056495301,515.229390946945,11.9883206184874,82.6431164963627,96.8355781995611,77.7289364186498,42.4727700720243,7.46609505012296,7.39387909813284,1.30391378869713,5.47868462562129,4822.19243849293,62.0385748303629,780.399983461772,7.09115549289521,1.0000354,1,37.5,
4343,112.296423414418,93.5528313018606,79.6988719143182,520.862213879164,12.0573561119965,81.4391534434664,96.670562390834,78.1112868649849,42.4231044141783,7.46760422083518,7.39432415645134,1.11625678008999,5.26264279609994,4773.76943281804,61.1149761374369,781.002620542335,7.09196937462826,1.0000354,1,37.5,
4344,111.334987170947,92.9367564543219,79.3380641855119,518.560552507215,12.0416987191666,81.5602047611733,96.7032052504331,78.5302632908133,42.4202686521427,7.46870267356463,7.39428953700878,1.00763055418813,5.11014630755886,4710.94393696867,59.9888977771932,779.944237453297,7.09403371279959,1.0000354,1,37.5,
4345,111.257176632745,93.1111064118911,79.6987936399552,519.903125367239,12.0649963920494,81.0163638723172,96.6357769360345,78.9859772132138,42.3300162619936,7.47008540785134,7.3951506861614,0.864117052258828,4.91562464393382,4673.34027996118,59.1667083809829,779.922456997142,7.09476442945534,1.0000354,1,37.5,
4346,110.642414752888,92.8017635316487,79.6151952376892,518.29820633026,12.0566154489601,81.0905554842603,96.6575439724435,79.3837788795674,42.3175348622283,7.47068044608255,7.39521490526896,0.773103985799876,4.79235674675475,4617.82311517384,58.1708653877452,775.012319940447,7.09585129493052,1.0000354,1,37.5,
4347,110.260445665682,92.5966402859771,79.5407841357602,523.859864556147,12.1253053283746,80.0918293730621,96.5120863167542,79.8551114115174,42.2782709310895,7.47138420397913,7.39555439213298,0.656754244615656,4.63754679433524,4599.19488507689,57.5942454250156,781.469581615568,7.09691255804554,1.0000354,1,37.5,
4348,109.704675773132,92.3221992407549,79.4742818037804,521.299662548839,12.1064732964552,80.2555308653779,96.5528087650812,80.2902016188774,42.2906394066675,7.47250404717953,7.39536419813782,0.576656700895438,4.52888399680895,4550.60376621139,56.6769502935397,776.983494758612,7.09800783914413,1.0000354,1,37.5,
4349,109.186541949016,91.8495416270093,79.0352370411784,524.909410137536,12.1541535724042,79.6034020604678,96.4611407062359,80.7296517161943,42.3253058192098,7.4733447854396,7.39494586827946,0.490381747158613,4.4301388836351,4563.53996093987,56.5286714847108,783.708403567501,7.09852714888336,1.0000354,1,37.5,
4350,108.095888680817,90.9657267055525,78.3043026368789,530.987107676683,12.2284192401249,78.7042618920905,96.3232834351233,81.2637909656474,42.381852629309,7.47382334001392,7.39430482790453,0.382783840174597,4.28541273728223,4538.92879281465,55.8542585680429,773.153706326981,7.09966226475404,1.0000354,1,37.5,
4351,106.647398408186,89.6502689125053,77.0871731983065,541.960834133051,12.3560140544413,77.0262516419134,96.0597315152275,82.0461290849982,42.4621114390662,7.47598555971338,7.39342398441309,0.281347386049517,4.13815178902419,4547.03713302495,55.4204955643223,781.136543731917,7.10071144742609,1.0000354,1,37.5,
4352,103.867862935788,87.2727499610012,75.0067968926809,564.375175232974,12.6099306885071,73.6844593459964,95.485442040762,83.4150315504437,42.4858324288426,7.48093343117287,7.39312543490172,0.145714992381245,3.8290956020324,4513.5613861873,54.1096886531513,773.692805266093,7.10336884251983,1.0000354,1,37.5,
4353,102.340306870606,86.2321899956536,74.3261905663413,573.482189102824,12.7182639537226,72.2831012903705,95.2290224638336,85.3933418988911,42.3626440249864,7.48324294566911,7.39433456414494,0.0615456743092029,3.58016365362066,4485.01194351641,52.5217990511114,779.960147094615,7.10658196181939,1.0000354,1,37.5,
4354,101.748600372955,85.8245419682165,74.0545857560182,569.608511155962,12.6820324407216,72.8537710931716,95.3501509976738,87.3028194266193,42.3899011787673,7.4829786998737,7.39400653401108,0.00703122227292763,3.48991421391204,4532.90745901244,51.9216617376543,771.039796083605,7.10870544022267,1.0000354,1,37.5,
4355,101.87839661266,86.0615368416432,74.3708144021959,573.739089046151,12.7333566667947,72.5761477582074,95.2840113835706,88.9400140665542,42.4398491673171,7.48171048200727,7.39344952874505,-0.0466654350670939,3.42748758233066,4586.82614975442,51.5721320475852,775.4953908322,7.10847517925637,1.0000354,1,37.5,
4356,101.916603597786,86.2405953397603,74.6539805403498,583.264359517231,12.8436843635606,71.6362425480496,95.0857037707641,90.2463822921936,42.6161637465337,7.48143036093535,7.3916062303076,-0.116189528716159,3.36122586904492,4612.75200876715,51.112874462184,779.792589475613,7.10813608971386,1.0000354,1,37.5,
4357,101.620498953217,86.1268876606303,74.6750880095883,585.830500923847,12.8755482988428,71.6180364395901,95.0760916461095,91.341785816774,42.8250241251969,7.48064087103475,7.38944255370147,-0.191134324325703,3.2870451075879,4614.41845892844,50.518154617479,780.426015718378,7.10807629369219,1.0000354,1,37.5,
4358,100.511903151704,85.3358196745778,74.1187144958321,606.927846420685,13.1145091062882,69.3350467797066,94.56942963556,92.4182947610666,43.1856506246272,7.48137301868624,7.38576302186726,-0.328394425095039,3.11661064555794,4573.11875607383,49.4828298649844,776.198742547448,7.10716038452748,1.0000354,1,37.5,
4359,99.0264758432801,83.9475626952686,72.8022790641297,619.573957804405,13.2593078648039,67.8778267161698,94.2368731598704,93.9594307827966,43.3997257007049,7.48308803238964,7.38358083072478,-0.434504288194584,2.93795586653516,4619.60921051323,49.1659982614439,773.562872341959,7.10764217008667,1.0000354,1,37.5,
4360,97.5916138058509,82.7983401727282,71.8641814004201,632.402133025778,13.406588820208,66.4309263213196,93.8782875350708,95.8623001365866,43.5575927843566,7.48420065056647,7.38197229165051,-0.527418963778886,2.75667847242614,4623.88428963766,48.2346478547819,774.030627492689,7.10933052941304,1.0000354,1,37.5,
