4320,114.841069958375,92.0613418763487,75.2241515548513,485.839645872429,11.3805355899965,90.9241131027673,97.7688184502574,71.9859392791539,44.276217720155,7.46239145633508,7.40214955869214,3.60460476182231,7.23374081199559,5346.7642197381,74.2751191868722,786.522007443315,7.09573975105006,1.0000354,1,0,
4321,114.624025128995,91.8408466484356,75.0011060323697,483.911273955376,11.3765292436666,91.3058332514366,97.8182117690063,71.9332055153179,44.3155489228137,7.46188664460715,7.40169485712595,3.56793734414758,7.23730676388658,5343.65668324656,74.2863694863237,788.774459255866,7.09539540398332,1.0000354,1,37.5,
4322,114.527893636152,91.7762457641671,74.9598103805262,485.03051512882,11.4111438139069,90.7837227206682,97.7630074916614,71.9767659551633,44.3340987676463,7.46155059576385,7.4014474024137,3.50615748280699,7.22373315881901,5339.49283831811,74.1835614237553,790.865388689441,7.09535045976658,1.0000354,1,37.5,
4323,114.350929836497,91.6520714927287,74.8746544560308,483.769163347902,11.413081238625,90.8733131150347,97.7790225868057,72.0317665268118,44.3420658771613,7.46132271339649,7.40130654304067,3.41569963103891,7.19529881311393,5331.17454735485,74.0114369591432,791.348310703828,7.09550329579357,1.0000354,1,37.5,
4324,114.611317556639,91.8774415029919,75.0741418111659,491.173314840219,11.5270435004662,88.7728852748166,97.5350030902104,72.0851803620511,44.3276160986875,7.46172409693346,7.4013878386552,3.28509695845762,7.11807923278708,5343.35832625229,74.1256149934705,795.083584142681,7.09562899866916,1.0000354,1,37.5,
4325,114.026408607478,91.4741988460152,74.8051742397164,489.846894623572,11.5266066859999,88.6675025479181,97.5315213808925,72.1802496253743,44.3237490307696,7.46222815069984,7.40136697137264,3.18274430985017,7.04390136917807,5307.65033056947,73.533277567159,789.740851781391,7.09646486780121,1.0000354,1,37.5,
4326,113.401615191943,91.0279638643744,74.4909172309543,486.409734170331,11.4979826523879,89.0625305620615,97.5876949775954,72.3404803863088,44.2997057115825,7.4623981961666,7.40154471675869,3.07284188928972,6.95935158529546,5277.31570606545,72.9510735605267,786.305227569096,7.09668701245915,1.0000354,1,37.5,
4327,113.236720942741,90.9548711636518,74.485677848673,500.343578682821,11.6904068452108,86.0404202340763,97.2147083001577,72.544526390946,44.2660998235233,7.46400535958134,7.40181745964999,2.92268895666237,6.81024835953208,5270.48659893206,72.6517472941949,786.591519058065,7.09674732310336,1.0000354,1,37.5,
4328,112.435530261036,90.3563993596081,74.0370417368139,498.41432949046,11.6812141306846,85.9196940886004,97.2137134274302,72.9133179599744,44.2205753155584,7.46531670753001,7.40220736150661,2.81965080898461,6.70067401127735,5249.08562866223,71.9907662348283,784.447924402005,7.0987567597867,1.0000354,1,37.5,
4329,112.252870619318,90.3794560126532,74.2121495642488,493.413341617594,11.6327198581171,86.3846929194726,97.284679005779,73.2747191808424,44.1024000919309,7.46565096278297,7.40331213547949,2.703912982814,6.59068740243177,5225.95384087507,71.3200118580787,783.455994059024,7.09941278891893,1.0000354,1,37.5,
4330,112.135757568466,90.5085160361084,74.5231635991481,498.16350494473,11.7059808371279,85.1858464008462,97.1394859609337,73.5408469290063,44.0601634763694,7.46724576279594,7.40367026990856,2.52653585001716,6.39512967549789,5185.9052691025,70.5173449268103,782.439397212021,7.1002594200563,1.0000354,1,37.5,
4331,110.4333814963,89.2478797890187,73.5890307010286,497.99983343446,11.7173904803508,84.73617298266,97.0964106634844,73.9620973056316,44.0106022161411,7.46912836744812,7.40409812974242,2.33073278941272,6.09624149999474,5109.0810541202,69.0770170160005,775.660571567197,7.10160068616162,1.0000354,1,37.5,
4332,109.282403735508,88.535782098546,73.2013226277478,489.141019091861,11.619188774641,85.8046674820371,97.2504096225456,74.5571548128337,43.9039572478062,7.46947346193013,7.40508618050744,2.17796883628794,5.79565304909694,5043.49430572738,67.6460135635331,773.916554330212,7.10299225841915,1.0000354,1,37.5,
4333,110.969142056318,90.5680697112038,75.4890162387284,488.670416076752,11.6256795520103,86.0048789043017,97.2782058825424,75.1413420482599,43.9303036149111,7.46875158582969,7.40475819789813,2.04438059209373,5.61866762670336,4998.35116882436,66.5193225536768,793.924325787194,7.10311114679265,1.0000354,1,37.5,
4334,113.350722612737,93.4842201757849,78.800283591951,473.940323644076,11.4439123303272,88.5127327572413,97.5994632402649,75.4845593581064,43.953515989967,7.46858275489935,7.40446541014939,1.93652118305658,5.56099311903527,4889.61157630961,64.7763147574698,795.382736966545,7.10448897057232,1.0000354,1,37.5,
4335,114.802327670134,95.3617964677265,80.9927081876859,470.233071565452,11.4043178034458,89.8344227210122,97.7507275808183,75.3516853387737,44.0708925215515,7.46687037013979,7.40324774159073,1.84780812997293,5.54989781611248,4776.34753927901,63.3874015930105,795.297363593998,7.10389026794612,1.0000354,1,37.5,
4336,115.749145230731,96.5998058530472,82.4459463130202,468.296510593975,11.3876779334102,90.1934169760244,97.8002495251813,74.932551200633,44.2565540148203,7.46776478177166,7.40136538626821,1.76639160588931,5.54337254288003,4678.63469322698,62.4379474375544,798.598722842331,7.10394925738377,1.0000354,1,37.5,
4337,116.798375453255,97.7012612411506,83.5860029104647,470.911391211508,11.4323832680124,89.7974052969987,97.7531096386091,74.3900088021683,44.3232177442941,7.46676520250161,7.40065704679329,1.67518670013293,5.53352915634681,4632.09200775894,62.2676631223079,810.530556735914,7.10393714408558,1.0000354,1,37.5,
4338,116.427624428489,97.6423738378609,83.75762340131,468.601356699377,11.4098577489591,90.4476232518456,97.8290304177894,73.8380984276824,44.4385208536386,7.46642922914852,7.39947579077711,1.57900733064227,5.51962335135725,4522.64311056138,61.250806925789,809.198182835956,7.10460437770362,1.0000354,1,37.5,
4339,116.386501203759,97.7177889212241,83.9191754950029,473.194051176466,11.4806914069483,89.0389689816682,97.6744491300156,73.4367669910495,44.5005951171314,7.46734732688824,7.39881854702995,1.4833145357595,5.48972985080475,4470.15655410862,60.8708244829657,811.448247756858,7.104666217592,1.0000354,1,37.5,
4340,116.240140213158,97.7121935790505,84.0176243277537,477.643790246522,11.5486150141451,87.782096993317,97.5330048082531,73.1628846057644,44.528423533737,7.46850999778152,7.39849744514985,1.38173439334031,5.44699606427566,4419.904981065,60.4118468658187,810.14146623876,7.10540436867182,1.0000354,1,37.5,
4341,116.016672111308,97.6517159716846,84.0776179554415,485.193940082217,11.6555669579436,85.9829481407815,97.320607059793,73.0135001459631,44.5202837509564,7.47043093268161,7.39852827601645,1.27808110065743,5.39095173637061,4372.07783994439,59.8804033665563,806.943582482708,7.10646783295709,1.0000354,1,37.5,
4342,115.589319906302,97.408882051048,83.9711671145558,490.185373513789,11.7273687732132,84.6696239201126,97.1649031551317,72.967053482672,44.4869354231531,7.47274616073902,7.39880584694913,1.1752789220595,5.32560509107732,4325.39694692732,59.2787667923922,800.663172608367,7.10793873547575,1.0000354,1,37.5,
4343,115.668394909306,97.4133286714475,83.9204536260737,499.714027270321,11.8518394384836,82.8621813385143,96.9285738071527,73.0762747843413,44.4143217859616,7.47452759731298,7.39946844982818,1.09114402442508,5.25431546803265,4349.65323175642,59.5220985825137,806.603879638591,7.10954198957456,1.0000354,1,37.5,
4344,114.802398361719,96.7310089442705,83.373895027026,501.699980783808,11.8826090278692,82.2628865805075,96.8595060582398,73.2328694497368,44.4349353734122,7.47645244124224,7.39922105484499,0.997099118446493,5.17509069032229,4315.11542829296,58.9232056686599,805.571727685794,7.11163364364436,1.0000354,1,37.5,
4345,114.165629923127,96.0816267835683,82.7151896804161,514.071044038628,12.0271504974583,80.3305425707749,96.5771285402289,73.5587721165486,44.4305385051909,7.47732304600571,7.39921946768135,0.903465829003005,5.08522017961257,4337.34398674897,58.964333715043,806.96297417572,7.11275824843487,1.0000354,1,37.5,
4346,112.951541918204,94.9791573207045,81.6952208790742,531.10408253541,12.2171959459762,77.7213292339049,96.1693583657618,74.063978746709,44.4383208907473,7.47942556392642,7.39910016907364,0.786751653125764,4.95001927932883,4340.17822922592,58.6003925615295,802.653828399923,7.11461929141877,1.0000354,1,37.5,
4347,111.849374361689,93.9524182290381,80.7242332614263,554.494035136993,12.4779006305418,74.3289223405477,95.5857479001509,74.9498633164763,44.4136718021728,7.48316045650162,7.39929911673688,0.686071774744982,4.80425244182317,4373.65820426665,58.3544520394766,807.978835432383,7.11718184220952,1.0000354,1,37.5,
4348,111.1627537461,93.392227294773,80.2574903524878,558.734199668024,12.5298749043052,73.5092061174075,95.4583246635029,76.0580472160144,44.3824467651793,7.48614336825829,7.39956383869975,0.585037785083236,4.65208253978311,4406.97195136389,57.942217985791,806.686755754949,7.12063324071072,1.0000354,1,37.5,
4349,110.109140473206,92.7235415709378,79.8733162953484,569.223089815267,12.6500070005477,72.0763859014877,95.1903874456891,77.2783574425744,44.3928260897054,7.48832460207489,7.39942328513133,0.488880744628086,4.49670424857836,4380.68837408812,56.6871310294529,803.411937375076,7.12324928459288,1.0000354,1,37.5,
4350,110.114638577041,92.7787020595154,79.965183763953,583.925368542772,12.816774312562,70.2351150173097,94.8058829018022,78.6022352770948,44.3865456261107,7.48971660805592,7.39944744829628,0.412730917513438,4.37948366032301,4443.00729471201,56.5252028654041,813.540939542245,7.12488127576895,1.0000354,1,37.5,
4351,109.728803380947,92.6743592483205,80.0689005415964,592.152890246382,12.9115805381077,69.204915493804,94.5912512374403,79.8196582990736,44.4776344305732,7.49148333656167,7.39852120429102,0.325503733958298,4.26163170571474,4438.56163202883,55.6073745066426,806.569648625814,7.12691974153762,1.0000354,1,37.5,
4352,109.070183450826,92.3074586977037,79.9176186627871,593.946641896098,12.9342222653512,69.0976199463929,94.5743600993736,80.9833424911775,44.5923306938926,7.49194455315392,7.39736764438341,0.235449873585057,4.14468767091873,4426.24178142148,54.6562002167752,810.598091114975,7.1284769304112,1.0000354,1,37.5,
4353,108.845444042898,92.3513972308878,80.160145239402,611.254137303936,13.1296867864002,67.1095934558368,94.0934207680015,82.1049657369114,44.7209015117676,7.49265828220721,7.39608307718806,0.115964773592259,3.97802131359211,4415.61773215555,53.7801543734211,822.548706680599,7.12870907560576,1.0000354,1,37.5,
4354,107.767440278419,91.4866718846176,79.4530604631119,619.946624616744,13.2289841656512,66.2334205435181,93.8661351966899,83.3710836395116,44.8586505085148,7.49273746500477,7.39471361774769,0.0176479757335826,3.8125084974359,4425.73255617166,53.0847430903992,821.748500907232,7.13030489836826,1.0000354,1,37.5,
4355,106.271457332719,90.4881760564691,78.8222725044587,628.87379142874,13.3310754737146,65.0784572370497,93.5852985886879,84.8545211632796,44.9815673989263,7.49516548139558,7.39349218145111,-0.101033627906951,3.56813665679101,4366.83824257732,51.462646688849,820.781584111987,7.13162053193662,1.0000354,1,37.5,
4356,105.298739614514,89.6860323799297,78.1462052934982,630.119182502406,13.3463051280226,65.0123289106069,93.5897347911363,86.4723306863855,45.1486570298101,7.4966334143918,7.39184983558877,-0.172412033705668,3.42520525397981,4402.0016638919,50.9064764295171,809.411057503406,7.13302493235955,1.0000354,1,37.5,
4357,105.74520329669,90.561007767959,79.3379067249842,636.920429877213,13.4237454440924,64.2942739623898,93.3894010663795,87.8464982794303,45.2072267260316,7.49684054995677,7.39125519261993,-0.262146434321163,3.27496248970744,4349.21686767297,49.5092798558524,818.52900358216,7.13317479199428,1.0000354,1,37.5,
4358,104.929199747473,90.1389736208419,79.2070673533318,633.305448686942,13.3827127997461,65.1327139203031,93.6141883472358,88.878753137038,45.4563248195699,7.49581138954921,7.38883639858738,-0.348333091854409,3.13998783368299,4286.1522033562,48.2247112169495,814.160213156209,7.13367120698554,1.0000354,1,37.5,
4359,104.206328876472,89.57633515574,78.7628615360681,633.739151964868,13.3871524296938,65.5103784919718,93.6982210385824,89.8472372500469,45.7009695766982,7.49428834095789,7.38647253554954,-0.433135068543185,3.01535369904972,4285.91633316184,47.702260685368,813.396097130055,7.1325966710142,1.0000354,1,37.5,
4360,103.584019653071,89.2284016748813,78.6177275170893,640.253024984133,13.4602020488174,64.8943270597148,93.536496404917,90.7918978220907,45.9323284694979,7.49498491347927,7.38424583972031,-0.495705546899328,2.91810970161374,4249.7541691297,46.8076367062754,815.284739951342,7.13143099420145,1.0000354,1,37.5,
