4320,116.5463948392,93.8426551579221,77.061630176108,492.899362656974,11.4834650045705,89.6848111912962,97.6222474814295,72.4643934268196,44.2424830524445,7.46169594244833,7.40053812140105,3.58956347219867,7.42935322264525,5364.34722845591,74.0273529491869,791.959635670253,7.08895570992786,1.0000354,1,0,
4321,115.540347280764,92.9054622320167,76.1753298046816,485.065675489587,11.4241356828407,91.2654855520193,97.8186150260173,72.241121198933,44.2726583142167,7.46042395378768,7.40009807316915,3.51794894764522,7.41764881620356,5331.60040999818,73.8028469314085,789.800528513909,7.08874467223373,1.0000354,1,75,
4322,115.467476023248,92.7436398779046,75.9477609878683,485.722760623714,11.4727984687203,90.564710988781,97.7483600972059,72.3275147873867,44.2856934574687,7.45978528645781,7.39983224425428,3.32240579732716,7.34931391389449,5358.95380673198,74.0928790721639,794.145776476051,7.08842927790236,1.0000354,1,75,
4323,114.96512258064,92.5037917574784,75.9019385403591,491.717497108435,11.5883134769493,88.412103264636,97.5076565980165,72.6051092723704,44.2905292423848,7.46078281449585,7.3996524290217,3.13266040966897,7.22518224731277,5317.37745053022,73.236959544853,793.391367855,7.08901590243478,1.0000354,1,75,
4324,114.155655872586,92.0127661931942,75.646282517122,491.239443519666,11.6186033338046,87.8526522766998,97.4557850211077,73.0038862320458,44.2467737553219,7.46138564045731,7.39995265095588,2.90925495486107,7.06866852366729,5270.78252805375,72.1986568126025,788.341692941755,7.08992111160463,1.0000354,1,75,
4325,113.314583420182,91.6197854854046,75.5845000553519,498.592707718363,11.7456892857808,85.5859863785697,97.1907707477668,73.3903626924783,44.1956891942887,7.46409768822194,7.40032809803862,2.57934742837816,6.77566567773704,5191.45943822059,70.7376179618289,781.970014795085,7.09114966462284,1.0000354,1,75,
4326,110.771866149949,89.5140306794256,73.8017175055602,503.674727339475,11.8408828410113,83.6366285159613,96.9624687068032,73.9649310143425,44.061514039949,7.46809975087656,7.40152185015849,2.2348980625252,6.2745254406952,5126.72142730307,69.3128670167886,774.656192826407,7.09402029930955,1.0000354,1,75,
4327,109.207424606171,88.7239207801398,73.5839396913344,496.504830806674,11.7880755249973,84.0950515582367,97.0512263138692,75.1168577078137,43.8801424122612,7.4690576320314,7.40318275332128,1.97723693537327,5.82087349967532,5016.9119765083,66.7880969678319,770.229427876191,7.09618237496179,1.0000354,1,75,
4328,111.290347794255,91.3105909714752,76.5429446242032,496.229926718529,11.8173118033876,83.7379018568561,97.0227918218755,76.8583913021242,43.7589239243408,7.4698233778933,7.40425082601998,1.79896677946611,5.62802214861089,5006.98522553767,65.1455897099851,792.363453666748,7.09742555292973,1.0000354,1,75,
4329,113.600614662204,94.4203990086587,80.2437178734293,486.977498217888,11.7345228511841,85.0317482719126,97.2101835140274,77.7839536603941,43.729892189996,7.46892937447403,7.40440825655919,1.58946318263733,5.49269239701171,4864.50127533385,62.5386219961554,801.466509108444,7.10013429017507,1.0000354,1,75,
4330,114.731125386239,96.029363738358,82.2063225203591,479.243341120484,11.6665495800599,86.4809604422903,97.4030692667726,77.9174463913804,43.8882338531901,7.4672767803156,7.4027114811715,1.36897699546445,5.37201195444664,4751.29559449263,60.9785845730468,798.179653368918,7.10005820258591,1.0000354,1,75,
4331,114.5478038876,96.1197344136869,82.4989874112295,479.109073103859,11.695321124088,86.1846127040999,97.3849693911739,77.8837563355206,44.0546606871327,7.46831645134485,7.40094281349777,1.16855777900144,5.24685622925259,4679.73813621174,60.0861894237816,800.500654426737,7.1004893708695,1.0000354,1,75,
4332,115.698035675656,97.4673910431386,83.9925667495384,487.830408661542,11.8346465123645,84.2475987782576,97.1513919057801,77.8220636037218,44.0636607386062,7.46949668658452,7.40073173579114,1.0070341905563,5.16234814879293,4625.93568045254,59.4424699916504,812.465021456041,7.10144222183923,1.0000354,1,75,
4333,114.609913575021,96.8125510768777,83.6579787956413,482.976387569974,11.8032040404919,84.522073690336,97.2147780183294,77.4990268137223,44.2347277728001,7.47141998674907,7.39892957813201,0.738476139976116,5.00886597711141,4497.24675307811,58.0297190555406,791.796377211221,7.10368625467264,1.0000354,1,75,
4334,112.191663509607,94.6845870315121,81.7445739824856,511.659423190149,12.1583026185919,79.6383579842089,96.5348976874214,77.7739156747436,44.3381239722864,7.47344568758913,7.39780021796072,0.538561588525722,4.81412687149506,4439.58541027385,57.083218348431,793.835251271788,7.10459666244411,1.0000354,1,75,
4335,107.384608256669,90.0088057322864,77.1658212577427,560.259219817506,12.730185614956,72.1391997511967,95.2673155368947,78.9939033445583,44.3959295377045,7.48182518509201,7.39712561694706,0.295156620572747,4.40713590079107,4475.41453635318,56.6551891584869,796.100257977175,7.1087794039647,1.0000354,1,75,
4336,103.582428785399,86.5808181933747,74.0144103644872,594.007190874343,13.143038569712,66.9558487112202,94.1867888999602,81.7929872353198,44.2475617765144,7.48966382066383,7.39847841007718,0.133600830575903,4.02371587867335,4534.20296129901,55.435106536139,799.540475706759,7.11660558290388,1.0000354,1,75,
4337,99.7671694738791,83.5086238764531,71.4914380000948,617.20998678404,13.4371212231882,63.6340795574629,93.3549985183726,85.320457371989,44.3267024889266,7.4934349236799,7.39761185836262,-0.101196507170499,3.51919719655114,4523.03230795081,53.0122838914333,795.651282169015,7.12262944040347,1.0000354,1,75,
4338,97.3336859424929,81.7245056726921,70.1872854732742,629.496201902949,13.6039424554846,61.9839966490272,92.9085522513543,89.9594548599964,44.5188799372217,7.49544852540999,7.39565490442575,-0.252392800724475,3.12100570069883,4578.48433922677,50.8949764797069,794.740540924881,7.12649632873818,1.0000354,1,75,
4339,97.842871642106,82.6233344966245,71.3741113890947,641.050918601737,13.7605053398284,60.8801666093151,92.5519988575294,94.2418742908664,44.8593522547988,7.4940743538991,7.39227858364231,-0.391778850644509,2.93986064547957,4676.70721148611,49.6245140143542,801.610816822442,7.12817285190475,1.0000354,1,75,
4340,97.2197986880331,82.837635349296,72.2073407076207,669.86584962655,14.1220306539283,58.5117687386772,91.7411862180956,97.6146413422875,45.7288322855508,7.4938764079864,7.38388301720018,-0.632996305281633,2.64499334909604,4577.55953498564,46.8941899702766,804.77101495198,7.12838294394908,1.0000354,1,75,
4341,91.6786436486224,78.1692589974917,68.1840616466561,720.063527571411,14.7499477303956,56.0113172177678,91.0463002343581,99.0471258638599,46.5950841743736,7.50729419712343,7.37568368424004,-0.862747914593033,2.09282003803358,4362.86994361485,44.0484254900198,789.232616693184,7.13289694354972,1.0000354,1,75,
4342,78.1525433849889,64.6957371061811,54.7494020305405,763.109328528361,15.2869502689193,54.2818229852394,90.6033344454049,89.8034663136741,47.321270632216,7.52003363023074,7.36889050556069,-0.938793431293611,1.56028256771176,3940.30574994839,43.8769895160317,737.181094101993,7.13920986694841,1.0000354,0.997340170141279,75,
4343,57.7976122529569,44.4076123529274,34.5106559050794,821.307437630702,15.6593183923806,51.3513097905526,89.8104903773212,73.7138461583705,48.2297265857762,7.54349511837319,7.36004191423804,-0.964088526514673,0.937683939061864,3218.28475054646,43.6591619928791,637.161067881719,7.14558669627454,1.0000354,0.944708701596642,75,
4344,57.6605200863542,44.8674589870185,35.4117181744661,833.955116724583,15.7314714396116,53.7863053260273,90.4773314851824,78.8986495872218,50.8613265507893,7.52012844073555,7.33496148398528,-1.09448514608765,0.724699208209712,3291.0832316028,41.7127954511381,634.260652064372,7.14778944550743,1.0000354,0.926435142091612,75,
4345,76.1344360023578,65.3843645287614,57.4386595265379,1544.70424270832,26.5760204448094,55.8023088825608,93.6757186130202,118.820375682606,53.5615182733601,7.66036533028841,7.30810807827747,-1.3927347467969,0.514364282187959,4164.82823113894,35.0514649294164,632.770060584461,7.19277416453254,1.0000354,0.989640550024882,75,
4346,99.29699217344,89.473783239729,82.2131505495948,1794.88432119724,30.9645822318903,87.1928765115391,98.7331413358603,144.9406805645,51.4631645929042,7.72758790180168,7.31838183257322,-1.45051596911,0.92517879190221,4642.35661867521,32.0293557377725,623.699320321928,7.27098873916219,1.0000354,1,75,
4347,62.5397013886112,49.5392503150628,39.930221260701,577.973581666423,13.1562674659321,101.883204895412,98.9767983823535,75.4722332238592,52.2502587245432,7.45472993252273,7.30327558698132,-0.912354101928625,0.900545357544892,3199.19302191433,42.3890069931437,525.694450394232,7.2586975153833,1.0000354,0.993192208897812,75,
4348,58.8187307260401,46.0544151683514,36.6199210604946,1223.78970795731,21.8097940290094,59.42307403478,93.2345592137419,75.1901338058256,69.536891498805,7.5482541165654,7.1701600062553,-1.05210077208855,0.748168322134453,3129.34331595136,41.6190683212869,518.245747626779,7.17716890700505,1.0000354,0.984375412637931,75,
4349,57.4402279761861,45.085263836543,35.9533338202852,518.228926048052,27.3433875392449,57.4778109267921,92.4799373708856,76.0244878333523,74.8556566695804,7.53654198178298,7.12678904209703,-1.10335516797226,0.604840807592441,3062.59672622661,40.2843453932883,498.112324202347,7.1887000131028,1.0000354,0.98671669317942,75,
4350,56.626333856233,44.3243113420226,35.2315120923888,0,17.2929926248124,52.3562787412455,73.6276624924293,77.0657683243128,101.11867665398,7.01237384511599,6.982228502299,-1.1025984701608,0.55160880309387,3091.24090621449,40.1117250035807,676.294775733758,6.99026805960606,1.0000354,1,75,
4351,29.2222770137621,29.2222770137621,29.2222770137621,0,8.20946967618974,18.2975620481305,22.7355919411735,0,67.1860199012226,7.14672240073747,7.142811168293,3.75914397031054,0.566900564421028,0,0,402.364007891327,6.72273460995171,0.303072782248145,0.205236741904744,75,
4351.57936975767,0.000421264655458601,0.000421264655458601,0.000421264655458601,0,0,0.752165544698319,1.20128024193665,0,1.24371772462502,8.87641386990902,8.87509903190481,8.74289487917679E-07,0.566900558558619,0,0,0.00720950925114932,6.73516524204918,0,0,75,
