4320,117.202247033688,95.2550100364536,79.0331392124105,502.716244849897,11.5732997315154,90.637335030109,97.7099479278146,73.1124083363845,43.5517033979004,7.4571723294219,7.39189774449086,3.34055640217089,7.18362743347971,5231.97626322192,71.5607156469256,779.834704861902,7.06760636262022,1.0000354,1,0,
4321,117.252513211554,95.1477331129684,78.8094173879271,499.200399437198,11.5708416419856,90.8143591403363,97.7428944903154,72.8420667333921,43.5372672029614,7.45647068356908,7.39189604134462,3.26355679742663,7.17166837576908,5250.04807149251,72.0743974866627,784.527433244211,7.06763997647039,1.0000354,1,75,
4322,116.466775477084,94.5599607677187,78.3679672868832,499.319067075432,11.6110198777621,89.9944276820476,97.6603903160845,72.8679597080817,43.5486270872713,7.45659367823712,7.39164276721778,3.07912130878697,7.09509617423868,5204.87934067281,71.4289155552622,781.950563464145,7.06803925799163,1.0000354,1,75,
4323,116.039970257925,94.1035351333624,77.8896483021644,497.114444017768,11.6199046997473,89.8223712975535,97.6552555215683,73.2232236634965,43.5243043051822,7.45685070751793,7.39174938357418,2.89674469021801,6.9917929321216,5237.32733853402,71.5254952800577,780.282472954761,7.06835026191511,1.0000354,1,75,
4324,116.224491807888,94.621640654276,78.6543158885631,504.623669554057,11.7474337003959,87.3675700924751,97.3709229130313,73.6358663554436,43.4835382983534,7.45835308267365,7.39202447671225,2.67579928807724,6.83532110566048,5186.7497638647,70.4378181527467,784.357955922065,7.06937275802815,1.0000354,1,75,
4325,115.626795929405,94.406090540155,78.7212213394047,509.63065257487,11.8399181160715,85.7733173921654,97.1821995729895,74.1339069552812,43.4246881324394,7.45968484113253,7.39248338994193,2.43990335417523,6.65115729243217,5129.45856906886,69.1918014271531,779.599837542176,7.07083563242941,1.0000354,1,75,
4326,115.209370436116,94.4028173612838,79.0240607407557,510.149744289334,11.8774254325209,85.0336714138674,97.1038338831925,74.7560894352094,43.3329326902654,7.46086664721217,7.39327418880422,2.1958176484412,6.44739857875405,5071.55961930119,67.8414247938514,776.270875475417,7.07235639363239,1.0000354,1,75,
4327,115.056894333171,94.5342149029464,79.3652779327804,512.42079346965,11.933545204017,84.0634687356094,96.9918181222245,75.545140067457,43.2496944431937,7.4621524615609,7.39398267820415,2.00229140318103,6.28356778483538,5055.16591235101,66.9158321479989,782.735390251093,7.07415600831903,1.0000354,1,75,
4328,115.148020206279,94.9775852171678,80.0690028339117,510.826270198838,11.94500569504,83.7703127342569,96.9732832204534,76.2264061820089,43.178372787371,7.46321713279501,7.39457429561924,1.79089351775144,6.10602063648917,5013.20576714271,65.7673110702933,782.77940068786,7.07595871408379,1.0000354,1,75,
4329,114.936718930633,95.1630136869562,80.5476663329344,514.695411329119,12.0152796994625,82.6286398588824,96.8312759561201,76.8346430944178,43.1429219490768,7.4643692285021,7.39480706348443,1.56968076839337,5.91711144794765,4953.81696413078,64.4737421119183,781.892438067876,7.07740143177569,1.0000354,1,75,
4330,114.79619317662,95.4551375787212,81.1595747454918,521.256584352232,12.1137901693077,80.8845204417487,96.6019132199346,77.3715414730241,43.0733878463035,7.46693498704712,7.39538431721703,1.2848054384807,5.6359405540295,4879.28565583177,63.0630534552933,789.907679228453,7.07928063372398,1.0000354,1,75,
4331,113.93470865006,95.006351684614,81.0158269710237,522.790431042891,12.1586761367013,80.0411469327197,96.5009603934195,78.1423270205623,42.9625896872672,7.46880377838995,7.3963791960655,1.02921120395314,5.35304788657657,4822.74255612833,61.7174166679126,788.366942623852,7.08211821181986,1.0000354,1,75,
4332,113.008251751825,94.7356312949194,81.229781391989,525.082494103971,12.212164203471,79.0067898325154,96.3750665842913,79.018372227215,42.8671823944376,7.47171388455307,7.39722106250541,0.789836879301976,5.07372035677684,4707.86211061371,59.5793355129664,778.849182469587,7.08477234596326,1.0000354,1,75,
4333,112.279087907079,94.4175449711735,81.2155349750695,531.219100078325,12.3085119149166,77.4378194846279,96.1590082066846,79.9936397674815,42.776653417988,7.47516534421481,7.39801534335907,0.586519635906733,4.81028167373989,4658.74834561267,58.2389844886957,780.138504768001,7.08789769197093,1.0000354,1,75,
4334,111.869605251516,94.4180133215373,81.5190105906836,532.111139072817,12.3474848722751,76.805741582588,96.0778305782922,80.9437844587003,42.5926702652048,7.47620981986422,7.39976359929411,0.38221873482286,4.57113409413596,4605.88803712168,56.9023065566168,783.412342310811,7.09129742618926,1.0000354,1,75,
4335,111.126158988307,94.1374737979804,81.5806195268694,536.347476541844,12.4237638486879,75.6703818811319,95.9227242233404,81.85598583535,42.5958534498758,7.4792581585002,7.39960926713401,0.227144393021885,4.39631034271623,4534.2455319732,55.392962233619,788.835298631781,7.09346246540945,1.0000354,1,75,
4336,106.254849245352,89.5405969760166,77.1865844291165,570.406478575555,12.8371281144757,70.87608852118,95.0300849580779,83.0467722482455,42.739542082294,7.48332525975144,7.39802793077645,-0.076460740148879,3.9526774407467,4525.89560211588,54.4981518196392,785.464497691368,7.096456991863,1.0000354,1,75,
4337,98.677227111491,82.8760381118559,71.1968984164734,605.653254651804,13.2715994697288,65.3993429308389,93.8434084731799,86.4484510764414,42.6659839799337,7.49288683873302,7.39866448445854,-0.303080347081698,3.24088492986198,4453.91378152525,51.5210362483755,775.036933777646,7.10340718611974,1.0000354,1,75,
4338,94.0304061995625,79.0835766345126,68.0359199994757,608.984136790016,13.3381355706733,64.6918940551874,93.7156798127909,91.4869563049746,42.6419584453293,7.49579040428169,7.39881121333685,-0.485279743397918,2.66563076106149,4458.64693401666,48.7353292107961,762.281475146318,7.10885730863721,1.0000354,1,75,
4339,90.9569348673603,76.8482620494803,66.4201125753952,611.679618905307,13.3940043630747,64.7311996902352,93.7362929135736,96.6267112525154,42.9283366960038,7.49490501953782,7.39582045214967,-0.662382191794122,2.24001004668407,4445.06567791372,46.0024523270527,749.079970463521,7.10987924709704,1.0000354,1,75,
4340,85.8265046791367,72.0673442884904,61.8975300867084,617.948249685418,13.4888345629907,64.5625215576632,93.6792469996072,97.6769518720208,43.6130254859375,7.49278310621854,7.38887654886884,-0.842955113791005,1.86093973878662,4382.06538522148,44.8628391983709,730.321106225866,7.10816923446921,1.0000354,1,75,
4341,53.0580456279996,38.7822306669004,28.230541347827,603.113804093161,12.9749559325655,61.9058202009526,93.0040982047478,71.0971976786101,44.8326956291203,7.49814348326138,7.37683720729288,-0.777604740412065,1.05807018600404,3309.39201755874,46.5474326079434,566.458917594216,7.10192363703386,1.0000354,0.953828632871974,75,
4342,50.0435234258843,36.5444777307445,26.5669222169456,613.872071280341,12.0452585392474,56.064692935962,90.7989597436718,72.4915330468808,45.8077240721355,7.48976559353925,7.36736604422515,-0.889178614731741,0.716910093578635,3190.69413071793,44.0147144998918,551.923472409189,7.0874701684259,1.0000354,0.81419393622524,75,
4343,48.4376634902504,35.4785675216225,25.900105283941,690.70582094906,12.7936205404224,52.9217715938881,89.5316807024018,74.0307120911075,48.4354466403282,7.49402538646209,7.34255198540622,-1.04978457185954,0.518784127744051,3128.10595168429,42.2541653771292,541.524202414684,7.07966565779127,1.0000354,0.783947805509726,75,
4344,47.8260146069876,35.3235494779705,26.0825969913057,747.263736705267,13.5387419697395,52.4749570381223,89.2353853931028,76.9763294828913,52.0272547884852,7.48832236643996,7.30994106529335,-1.16378130595833,0.336104056259085,3137.96194238265,40.7652841264677,539.746223856691,7.07577935531308,1.0000354,0.782545752405222,75,
4345,58.9162047482884,47.5767177719123,39.1953578328517,1284.20024258164,22.2106780200403,55.1302893509061,92.2174501473952,105.318363721049,55.1231555668687,7.57896503691821,7.2817462543741,-1.33462988105518,0.181325059043854,3893.96757939192,36.9733011586246,595.138544409286,7.09774012622218,1.0000354,0.94114634968795,75,
4346,75.1851372118963,64.9383678413028,57.364668741299,1691.51508169087,29.2060188813035,67.7284022116403,96.5017177796324,136.349999150444,54.3303920164802,7.67714476644156,7.28290569386077,-1.47543403586006,0.210973389596839,4555.50914390613,33.4104083042916,583.192986827895,7.17651767496447,1.0000354,0.996155014792127,75,
4347,86.1459746574016,75.9363550318267,68.3901144390104,1813.63350154175,31.4508703867729,78.9493298760217,98.065786783828,150.011190995377,50.6423786509897,7.7109232728446,7.30648260158598,-1.4639238758021,0.461713913115514,4993.76433007997,33.2892785994471,585.233726072078,7.24409482942762,1.0000354,0.999626867664986,75,
4348,91.5757218567501,81.3285577783701,73.7545669378283,1839.35914737206,32.0007543478015,77.2040323649903,97.9600650561405,152.43511288493,47.7678700962352,7.71993890870558,7.32342587198643,-1.42020724064854,0.669099529426534,5093.11554175865,33.4116952804917,596.669192827713,7.28746335664502,1.0000354,0.999899606823769,75,
4349,53.2370374122107,40.2209091043808,30.6002925290282,786.563356448459,15.5006298468297,72.8626221438517,95.4780256233281,77.5771926877543,53.8728657695926,7.45945564743136,7.2630302294639,-0.936146813142858,0.592749130201839,3292.38566677916,42.4401238651534,505.426170612956,7.20009593401692,1.0000354,0.950583254289752,75,
4350,50.0348204258212,37.3922342019468,28.047713949518,1367.05004218087,23.8655195779754,58.2204132598526,93.2370107533494,77.5778155859862,71.3425206800499,7.5662802414404,7.13207320304487,-1.05842349083327,0.404080874271323,3197.92513625826,41.2221601253225,473.453248912724,7.1513090853896,1.0000354,0.952227978328434,75,
4351,49.4234836389958,37.0052530093777,27.8265608048773,1505.98360865541,26.2464002607129,57.0938825017307,93.6438109112521,78.3540782406709,75.6477017590828,7.61329526284743,7.09576801469712,-1.06745807534125,0.320364084685772,3172.60605581981,40.4906308268332,449.814969951492,7.16508916409919,1.0000354,0.96069417904076,75,
4352,49.9875629215754,37.6178511946016,28.475020787708,1211.09547609571,27.6486289257354,59.7505970292872,94.2641590726405,78.586335328144,76.1953453225224,7.60098560737099,7.07951173033917,-1.05741280525514,0.315126222734926,3169.57795324093,40.3324310773124,445.066174132901,7.17918637589842,1.0000354,0.96267329264855,75,
4353,52.1555837307763,39.8863066804325,30.8177105997437,0,15.7363136506022,64.5621804458775,84.4671525647599,78.9646877071832,89.8338548448115,7.03244606359873,6.99248595097318,-1.07104628839973,0.356859435824634,3158.97884215767,40.0049558084975,510.805436101477,7.04748134722934,1.0000354,0.989982060198876,75,
4354,89.4711499642508,80.8280668064498,74.4397009941621,0,7.04159881080273,23.2983307494731,20.3323302254302,176.292597918377,128.630666412148,6.82501614333169,6.81807055582219,-1.68492860105989,0.443419568106334,4968.18307462052,28.1814615774213,1290.14895366445,6.76181519261521,0.732890454099573,0.24594429151583,75,
4354.42850469472,34.8311256150645,33.3873108889425,32.3201434826784,0,0,18.5961876137164,12.0737076607802,202,141.868998086811,6.78244389788601,6.76706893959843,1.94956519522338,7.14384321477969,950.949946242753,4.70767300120175,493.347789384416,6.65535463788993,0.217970597037315,0.0152337395391087,75,
