4320,115.980784286409,93.4843028416349,76.8564687302804,504.86137952586,11.5984327710491,90.4925347615286,97.683679231769,72.7345255416088,43.1339869218676,7.45493228659677,7.39019798436531,3.55904258032425,7.23564534891521,5335.19171066941,73.3515709484809,771.897742360005,7.07689712308401,1.0000354,1,0,
4321,115.26733752693,92.5902447742144,75.8289153482942,494.83491070514,11.5557308414507,92.4492750555662,97.9318954602016,72.6084914208001,43.1683033450976,7.45318272616726,7.38957118778667,3.38611117173434,7.21983368925839,5368.70587379077,73.9404685145793,775.456137331965,7.07661469843279,1.0000354,1,150,
4322,114.614365204503,92.4059727851045,75.9910740403316,496.327518470116,11.6533093759654,89.9407095019702,97.6735467755641,72.7813118466919,43.1859653615444,7.4538407266639,7.38912155508813,2.95187950689702,7.03763617481981,5270.25736371818,72.4122337176274,779.928096956788,7.07721839316111,1.0000354,1,150,
4323,113.148843663358,91.2992314244428,75.1495180304619,512.814118515924,11.9240674069032,85.1827246761514,97.1018216466563,73.4458130478745,43.1354095830671,7.45559020076481,7.38936469090957,2.47873419707663,6.67224597355479,5232.45616339956,71.2424023407416,771.100895557535,7.07836784692228,1.0000354,1,150,
4324,111.556441968301,90.6291087834396,75.1610799076728,518.615439379817,12.0544590479642,82.6611506692894,96.7979586552138,74.5589932071112,42.997310552609,7.4588296057556,7.39049576254835,1.94647484919345,6.15509971972598,5087.55064429086,68.2352379700002,769.848147112818,7.08117566958294,1.0000354,1,150,
4325,110.739963156082,90.3989917763499,75.3643607565477,522.095000886286,12.1595060241695,80.8895876263548,96.589642215433,76.3802866995549,42.9006020023454,7.46185093701625,7.39121473363359,1.56549108846251,5.74458435955946,5065.7971421022,66.3233585653943,770.953836238045,7.08477313568615,1.0000354,1,150,
4326,109.692515957045,90.4600005763473,76.2446631210488,513.31268214088,12.1306146422009,81.1067200914251,96.681958137038,78.0229630862901,42.8222402040292,7.46416330945536,7.39175307178059,1.0043485791896,5.17496443645613,4892.75365078705,62.7091494253541,772.539923708758,7.08854701061846,1.0000354,1,150,
4327,108.67161110465,90.3400420846805,76.7906215047033,523.696419340435,12.3143442356158,78.4300300603862,96.324990357536,80.1377508162622,42.7391212263042,7.46767324046118,7.39234293768628,0.600798448434176,4.6958785960935,4789.95693883059,59.7715420016327,774.851528429086,7.09225908058135,1.0000354,1,150,
4328,108.91929805158,91.5606951478941,78.7304234364744,533.592822604855,12.4966759922158,75.9851737420624,95.974922987361,81.96561031973,42.6224203091853,7.47071679770552,7.39328051133827,0.226639341574024,4.32027851262584,4639.18046554372,56.5991084242195,777.002355999778,7.09661705371721,1.0000354,1,150,
4329,100.641906852964,83.7901750726509,71.3345472350283,555.288352474061,12.8173793721036,72.6085245576329,95.3975489775797,83.8203648454833,42.9482994146575,7.47264039247607,7.38973115293171,-0.296547729993857,3.65785751520787,4605.62852909117,54.9464147236929,763.898367257823,7.09998228440337,1.0000354,1,150,
4330,86.1792673887247,70.7237815612748,59.3001616018553,638.380608008051,13.8804126650509,60.0013296607077,92.3201455538228,89.80742233538,43.2831975039002,7.48692838796721,7.38613726802086,-0.670224491437318,2.49075772444534,4525.74118625507,50.3938434994157,760.235327301883,7.1072254882758,1.0000354,1,150,
4331,48.4436782688169,33.6264815566163,22.6746405084681,603.535555302394,12.9577256066229,58.2735732242195,91.966163957985,67.4418081077707,44.3400873090005,7.49697082775095,7.37546763721575,-0.888404962461221,1.07754558044884,3258.29253529131,48.3126509610273,519.079658374473,7.10962020489232,1.0000354,0.926913375916987,150,
4332,43.7722118845591,30.5833546972823,20.8350689501646,641.66451913166,11.0668361057729,49.3247991152784,87.8226140308169,71.578857498939,45.8048203909565,7.48901379544945,7.36097844490368,-1.17213595373145,0.45033361304928,3078.12852462832,43.0033201448339,478.411955136609,7.09327207862289,1.0000354,0.608151361620295,150,
4333,41.4413766982358,29.3288612577975,20.3761324539953,672.707274372314,11.0089038275984,47.3813187791847,86.0462181323072,75.2595662636919,51.0198567532254,7.46241844303706,7.31263310883907,-1.32006788972878,0.0804844642690195,2972.28792013049,39.4938220839101,456.847779001911,7.07382886261312,1.0000354,0.534509110715628,150,
4334,56.1026866576378,45.3207585084624,37.3515072677676,1573.22936747791,27.3352451689973,51.2698216597707,91.4748570174147,121.429913004875,59.2453751290031,7.60152425208778,7.24362409004322,-1.47383437799308,-0.126100132944637,4268.90941149817,35.1553361594418,573.382508053003,7.08592637214769,1.0000354,0.90456179772975,150,
4335,47.022995869974,34.5490588515597,25.3291923596883,843.791871847825,16.9279968065154,93.7366890978694,98.5396692580359,80.4564269759306,62.0817267609542,7.49861742906612,7.21574844831611,-1.06309869644452,0.246383573938656,3272.34519518023,40.6722659478675,441.149105032028,7.16607214336437,1.0000354,0.978916833431232,150,
4336,44.045515887044,31.7871063249246,22.7265427355319,1550.78317672261,27.9051774704989,58.3626591419114,94.275364583985,79.4287012207761,83.2505260309433,7.619592308282,7.07868722280674,-1.13874844309408,0.144481647188809,3174.72718091412,39.9695214968932,418.660070498186,7.14864245954829,1.0000354,0.944272917046027,150,
4337,46.4392823015308,34.4538120721564,25.5949862504449,0,24.760966990284,78.5548586154679,93.5708024107015,80.5831270187101,90.0438986784196,7.16269257538341,7.03082857818185,-1.15826178131841,0.100650041375181,3149.1548433036,39.0795810464443,419.721819809955,7.12842933585781,1.0000354,0.963311002530718,150,
4338,4.80949428248681E-10,4.80949428248681E-10,4.80949428248681E-10,0,0,4.47933263814899,80.7679682377357,0,0.226870690086463,9.65627661012918,9.62801323178356,0.767321161604036,0.101357435686303,0,0,0,7.11248201297518,0,0,150,
4339,2.38921722925326E-13,2.38921722925326E-13,2.38921722925326E-13,0,0,2.01675913839525,98.5283796653038,0,0.00151778459071581,11.8307017605389,11.8026297680033,1.69559943663851,0.10135346487974,0,0,0,7.11246897566165,0,0,150,
4339.01583707101,2.38921722925326E-13,2.38921722925326E-13,2.38921722925326E-13,0,0,2.30481305981024,98.9888609940033,0,0.00140221398269783,11.8651020228191,11.837030128456,1.68589021813433,0.101353428569865,0,0,0,7.1124611736771,0,0,150,
