4320,115.488888325341,93.6181489910026,77.4528199177957,501.890200288513,11.5627791275802,89.7075299364618,97.604618946191,72.2623490124737,43.7502843186945,7.45883890103752,7.39307297986926,3.25711833204433,7.05181496756892,5153.12124842401,71.3112889194136,758.309559037315,7.08423113652989,1.0000354,1,0,
4321,114.924681000915,93.0532634823995,76.8874331426273,492.282455773818,11.4614441450892,92.2581262803734,97.9077221178718,72.103063884123,43.7537132353069,7.45794891641416,7.39297751216181,3.22550018932013,7.05995049320901,5141.92186021483,71.3135001929796,756.197375918134,7.08417437435873,1.0000354,1,37.5,
4322,114.863265444729,93.0207123688531,76.8762166171186,494.703917598829,11.512030549982,91.2944069049991,97.8016598802433,72.1519770012196,43.779065723437,7.45739385333114,7.39266723672421,3.16023732977889,7.04739143842413,5138.61945575981,71.2193853769655,760.218519364747,7.08366294311166,1.0000354,1,37.5,
4323,115.317950889673,93.3891696019706,77.1809399545388,501.425428817079,11.6149561131832,89.1860287161551,97.556605543149,72.1550962152071,43.7729056034079,7.45763194152157,7.39267249832719,3.04021677123506,6.9923284082989,5159.12829514795,71.5005393348867,765.171696285908,7.08377052268553,1.0000354,1,37.5,
4324,115.078636408983,93.2320692759517,77.0846066124066,500.215111111923,11.6167068236873,89.1036327556579,97.555237408544,72.3480635113455,43.7721038968486,7.45798539948799,7.39262651402276,2.97697099934932,6.9488111790479,5153.53151903905,71.2324735302816,762.485011160443,7.08458853865898,1.0000354,1,37.5,
4325,114.623240898216,92.9650151423102,76.9567613227276,500.9630500267,11.6419350624723,88.4549983587174,97.4851648823836,72.3385524815793,43.7578041686345,7.4587906305591,7.39271605641484,2.85176898505367,6.87611779911479,5108.43076983805,70.6183714574451,760.14657971495,7.08503156327739,1.0000354,1,37.5,
4326,113.922331658297,92.4467664015846,76.5735225161882,499.158655784207,11.6346027561867,88.4795303831321,97.4962302878171,72.5590872774979,43.7132189391061,7.45906370288531,7.39310754022047,2.72531352183586,6.78725135101854,5080.78990080718,70.0227923399312,755.452775356709,7.08537027940638,1.0000354,1,37.5,
4327,113.23899894634,91.9757632247523,76.2594585609703,507.488430279512,11.7514348194701,86.3299361564367,97.2339569688771,72.645929115361,43.6860346409599,7.46094786531794,7.39332754648814,2.54668803998079,6.60124288079485,5036.57676990251,69.3304749658371,750.712417618285,7.08574242846067,1.0000354,1,37.5,
4328,112.052626528796,91.0589476377702,75.5418806313601,509.280591193474,11.786888031189,85.4532418937455,97.1318495471253,72.8284090935988,43.6035679622538,7.46262232126481,7.39409796912901,2.3838873233953,6.38288149325603,4985.21846482231,68.4515634333757,749.007034651659,7.08687850389759,1.0000354,1,37.5,
4329,110.68724060609,89.9924490998974,74.6962988561902,509.508859755478,11.8032965221007,84.7899757386433,97.0601355027856,73.1524453777531,43.5003960792514,7.46470369341227,7.39507599883489,2.23364591604166,6.13738747195218,4936.10882161674,67.4770172907698,745.092647761941,7.08859710744581,1.0000354,1,37.5,
4330,109.265472759585,88.8952896638386,73.8390673756781,500.451718961405,11.707389427987,86.0133267539447,97.2339213895387,73.59358008971,43.4144931577467,7.46453909207044,7.39588259660264,2.10320954326016,5.89910984882857,4887.98297758297,66.4186056939282,742.159337088774,7.08962635684336,1.0000354,1,37.5,
4331,108.324248175039,88.2198013614279,73.3599928470195,501.909151450516,11.7386107738187,85.4864952013872,97.1745323529245,74.0523354196948,43.3864415595657,7.46540269681788,7.39611046622915,1.96673763273426,5.68360418232599,4854.28990030058,65.5521513641493,735.900417087049,7.08992232507579,1.0000354,1,37.5,
4332,107.831218731845,87.9507338920455,73.2564624887156,493.572511131184,11.6481915185944,86.7015691223885,97.3407556534885,74.5001721065363,43.3266368259612,7.46509110201031,7.39665523404957,1.83553775254165,5.48125996674278,4829.24311576238,64.8219054964933,740.780975817614,7.09078118631145,1.0000354,1,37.5,
4333,107.773745784287,88.0760802062995,73.5169360834389,500.498990190429,11.7470480544453,85.4877363684069,97.1877455276861,75.0819710082595,43.3648480850952,7.46549686768635,7.39621702490336,1.7132505948469,5.30381715987981,4822.20030835766,64.2258087208072,744.939878957534,7.09028629285785,1.0000354,1,37.5,
4334,107.882619834704,88.3770123633421,73.9598242323353,495.415788681667,11.6966228834639,86.5443173647067,97.3260268320937,76.2388638437081,43.3363269238539,7.4641735921629,7.39644743143969,1.61046542444392,5.17810921938344,4848.76032663051,63.5995879551748,747.570005067706,7.09057419463326,1.0000354,1,37.5,
4335,110.216899330508,91.3522973909329,77.4088959573336,483.502451335354,11.5562653986229,88.4441115238866,97.5810181080048,77.3902202351033,43.399251413856,7.46588554783293,7.39576379262291,1.487213752379,5.10830832907705,4760.23671746477,61.5095383241406,749.445134595359,7.09210805124695,1.0000354,1,37.5,
4336,112.31975271325,93.9181525423046,80.3169698072581,485.259482187193,11.5898713070875,88.7631625906306,97.6108204248339,77.752636727188,43.4619866929193,7.46350017474149,7.39508459871989,1.36478110674318,5.06323826765284,4665.14919611146,59.9998841515838,755.703974862416,7.09165172004524,1.0000354,1,37.5,
4337,111.867836269288,93.4852338079515,79.8980928582679,485.222671720861,11.5996248742013,89.4356615361961,97.6864338437841,77.9132607054816,43.6253930705299,7.46186798203945,7.39340365541477,1.27061614239572,5.02701839037741,4669.96039251437,59.9379406050941,758.404043211769,7.09026657635144,1.0000354,1,37.5,
4338,114.002977382527,95.9710076596115,82.6430300383262,488.253839006449,11.6483501537518,88.1221599245922,97.546684975897,78.0550195879547,43.673417858541,7.46449948155968,7.39287607125347,1.17915506417155,4.98871684968478,4589.21947854497,58.7946746124854,767.861109514399,7.0911977972182,1.0000354,1,37.5,
4339,114.792785109087,96.8552633755405,83.5970951377014,487.342834991387,11.6458109735537,88.6545503340119,97.6067984709291,77.7055489856981,43.7467269570655,7.46296933855162,7.39209853722355,1.07630652380052,4.95347352778704,4544.74264049074,58.4867194146869,772.881711619351,7.0923156355028,1.0000354,1,37.5,
4340,114.760363849379,97.1385428278041,84.1137185944662,485.546534176115,11.6316211067575,88.8151931017737,97.6343180633159,77.4825360636572,43.8238817710383,7.46378569120864,7.39128454352239,0.993332154523269,4.92067136462225,4451.94135456416,57.4573520787522,765.921637439345,7.09283142584309,1.0000354,1,37.5,
4341,114.664064013272,97.1489918907377,84.2030690175603,483.400232408017,11.6125822100803,89.4066147165734,97.7048020438843,77.2094243715562,43.8912266423806,7.46320248066075,7.39056907330881,0.903533483197057,4.88516428896981,4409.37531331712,57.1092887844599,767.741956661683,7.09280530161747,1.0000354,1,37.5,
4342,114.440458701752,97.0604184067061,84.2143016668899,486.136149775421,11.6563707932012,88.7114760379482,97.6272780570201,76.9674536810493,43.9675683762567,7.4634619463267,7.38976613795535,0.809946671059162,4.84344461924393,4361.66915199132,56.6690067475266,769.247443792575,7.09264518497946,1.0000354,1,37.5,
4343,114.072226074107,96.8545483230016,84.1284386808799,489.924496066937,11.7129102197679,87.7108554072194,97.5136258412684,76.840065514076,44.026307533752,7.46427772022217,7.38913844019005,0.718155945497777,4.79327144060871,4313.7713665101,56.1396107310694,768.047186592832,7.09292130303379,1.0000354,1,37.5,
4344,113.700968082722,96.6561482871365,84.0578032208343,493.781856975694,11.7692978617034,86.7233531818838,97.398787150968,76.84491774079,44.0530719397644,7.46520870448441,7.38882694976718,0.625082346324944,4.73782121878873,4270.73265567573,55.5759935885621,765.759060558795,7.09348485136819,1.0000354,1,37.5,
4345,113.781816118522,96.8191320711673,84.2814960361659,514.068332011174,12.011558826836,82.6779916429288,96.8698129532639,76.8796293451998,44.0259074302372,7.46828770071344,7.38904788551297,0.510544757052442,4.63918590213114,4252.07264219333,55.3081834344044,774.080277332071,7.09438520022704,1.0000354,1,37.5,
4346,112.900819860429,96.1594382139036,83.7853735186456,516.612159052206,12.0463674721512,81.7134583684306,96.7547852434688,77.2263154213185,43.9932545659546,7.47149711481324,7.38932329706043,0.430171540493461,4.56050377925605,4215.52270885274,54.5866093164537,768.816210473359,7.09769888251668,1.0000354,1,37.5,
4347,111.524284973378,94.9877305881974,82.7650599556728,532.602231447423,12.2261475532021,78.9618940780018,96.3441374558615,77.4843529696751,43.9386090766735,7.47397527880719,7.38981672362761,0.302892028439142,4.41164684074835,4177.85974368783,53.9187537040273,771.534326246929,7.10018067619052,1.0000354,1,37.5,
4348,110.046716587815,93.4834469328998,81.2410302314407,549.671827002843,12.4189668056704,75.952862571583,95.8749163687869,78.48645357486,43.8459093908775,7.47976616808591,7.39068806708087,0.211579361698404,4.24471077631576,4238.72849982957,54.0058609704755,770.4420749291,7.10399408105025,1.0000354,1,37.5,
4349,110.000951450955,93.6761509888805,81.6099941256079,566.206635168436,12.6070301061056,73.4178998561635,95.4222873289635,79.8504726086534,43.6256982357183,7.48288383165138,7.39283041836917,0.142583390301678,4.13859676992974,4250.30596189202,53.2283131588055,772.255108937362,7.10791045744995,1.0000354,1,37.5,
4350,109.75854504097,93.698561314733,81.8281385605578,565.818633523513,12.6088963416245,73.2555319613497,95.4118096334071,80.9911852741765,43.5529083768191,7.48454387476349,7.39351317329557,0.0611171436726217,4.03170514860549,4241.09184186713,52.3648570830259,773.577445141956,7.11152044203999,1.0000354,1,37.5,
4351,108.864901726687,93.0806131983561,81.4139651556768,567.673890021832,12.6344866143989,73.0112752559251,95.3775349710378,82.0046942867342,43.6413959508899,7.48558965029685,7.39259123323918,-0.0248518864151204,3.92594445090228,4220.44793082976,51.4659309145488,762.525320280142,7.11360925174233,1.0000354,1,37.5,
4352,108.11986334065,92.5524856455561,81.0461630013562,585.132168399888,12.8319527778528,70.870561198812,94.9405862871602,83.0004598980771,43.7372326641242,7.48691905352211,7.39160039560212,-0.139597860804224,3.76749136621541,4212.99343959868,50.7586758527863,768.114172944409,7.114388149567,1.0000354,1,37.5,
4353,106.052579298388,90.6862715227406,79.3285657755229,598.843425208533,12.9885417122448,69.0114358180712,94.5598117047866,84.2527428313568,43.8779682999995,7.49053467602106,7.39016942186068,-0.2691201392322,3.52631617289022,4221.32118577539,50.1030713531182,772.345335613888,7.11649426780236,1.0000354,1,37.5,
4354,104.253618050361,89.3867010953895,78.3981103025847,616.27049565439,13.1874489677584,66.7005276436486,94.0228056791074,86.1375264260231,43.8530096781199,7.49333231690608,7.39038440208846,-0.358245743421504,3.28630331698643,4175.49659028232,48.4747677757886,765.238312791836,7.119625051786,1.0000354,1,37.5,
4355,103.420641692837,88.9739362382206,78.2959365543738,617.665386098931,13.2063855086473,66.5070134890399,93.9990570264454,88.1058718685055,43.9162762428252,7.49506923022304,7.38972926463422,-0.454635109061731,3.07192335494025,4150.19490786027,47.1046346837617,765.504393975528,7.12215746750798,1.0000354,1,37.5,
4356,102.770094533136,88.6229944334609,78.1664421858753,614.285915565323,13.1708683906821,67.1790950243857,94.1632869938041,89.9402335708582,43.9908640968949,7.49409923197587,7.38896587066242,-0.518726975335743,2.95037722583809,4148.74038806,46.1277475423885,760.964857197324,7.12292107734215,1.0000354,1,37.5,
4357,103.09383940883,89.2012190523134,78.9327605279317,621.878091700541,13.257865374087,66.4463290458497,93.9831236882409,91.390473318205,44.1923587686956,7.49467175306765,7.38695653847623,-0.612722663533404,2.79058825348394,4139.80529985126,45.2979960552038,767.678906294027,7.12271248182356,1.0000354,1,37.5,
4358,101.648051924418,88.1552950046011,78.1823877160411,623.648620399835,13.2787152323108,66.6008675279565,94.0175664889314,92.6439768878932,44.4824576678376,7.49408272269604,7.38409123055433,-0.698630743590566,2.65329075911441,4075.79852317855,43.9942094466713,759.352867098797,7.12265541567514,1.0000354,1,37.5,
4359,100.389802168375,87.274291752689,77.5802188367468,628.423708944885,13.3332407658221,66.1977460199281,93.9270028856954,93.8298697575527,44.741786919316,7.4951361576441,7.38154413045331,-0.795267023700636,2.45781470380422,4012.55623393547,42.7641671495817,764.46448022653,7.12223196110134,1.0000354,1,37.5,
4360,96.2673355647563,83.2715713399655,73.6660064781636,638.983165318616,13.4537282231239,65.16504415096,93.6402973211251,92.7613518096993,45.0600933033973,7.49459163089358,7.37844380776597,-0.86207177069948,2.20801616070613,3930.6440260506,42.3737251491801,752.715990224932,7.12164491484786,1.0000354,1,37.5,
