4320,116.278382983682,94.4616146498403,78.3361771856967,492.139144197556,11.4416994530645,90.375518173197,97.699514766988,72.1187514629372,44.2243035024109,7.46239336895598,7.39848377728846,3.17643089469471,6.96466133127696,5130.18989864511,71.1353121702556,759.058359088956,7.09283189660402,1.0000354,1,0,
4321,116.379631796458,94.3860250858824,78.1298809954571,492.511441291508,11.4678115612692,90.1558535984965,97.676278410853,71.8411478737293,44.2331609549899,7.46146868828381,7.39833575901636,3.1407478629492,6.95970077941905,5151.86577209357,71.7119077934095,763.257226247148,7.09233262820099,1.0000354,1,37.5,
4322,115.508399511651,93.653286188606,77.4995067759206,490.228573951025,11.4579396375321,90.2965929949645,97.7027034033881,71.5294006272945,44.3067725247948,7.46187152127913,7.39755603544719,3.06188039673345,6.93120890929455,5097.20934174844,71.2603390640383,758.609397363272,7.09246643505383,1.0000354,1,37.5,
4323,115.026727992052,93.0499304979815,76.8062106110595,491.476072363645,11.4924755237774,89.6948617740851,97.6372692093699,71.7100369304599,44.2885499732983,7.4618413899779,7.39767926787419,2.96515192876849,6.87911719922158,5138.53328755423,71.6571000031317,756.412822182763,7.0920926895961,1.0000354,1,37.5,
4324,115.576357223299,93.724004272029,77.572265134134,500.650865250287,11.6263524082554,87.4668178284063,97.3679294831616,71.9944076559659,44.2338502700926,7.46247403022777,7.39816272340992,2.87118029368936,6.81320686334869,5129.69792093353,71.2513386518356,763.882712149167,7.0922178069631,1.0000354,1,37.5,
4325,115.168553534864,93.4970664818851,77.4790108340311,495.028372254719,11.5718519181908,88.0461672036123,97.4543684418991,72.1674272362601,44.2067403446384,7.46327291528158,7.39837787776719,2.76785131297891,6.7329934714561,5099.46666833503,70.6616109736115,758.002662260444,7.09360063047609,1.0000354,1,37.5,
4326,114.771828128334,93.2960395809408,77.4226306546068,494.46256050409,11.5803686436279,87.8714493597301,97.4396662492239,72.3177115801589,44.1731253901432,7.46342553916772,7.39865814640045,2.653238804462,6.65145244750653,5063.94075189708,70.0235203969925,756.86724886836,7.09388885820016,1.0000354,1,37.5,
4327,114.077002271193,92.8101220617286,77.0911236460376,490.721538103608,11.5476695369677,88.3881117463177,97.5108458106536,72.4792157645876,44.1678428185039,7.46334858464223,7.39866104745024,2.53306841479143,6.56160951374069,5025.879735012,69.342358109062,752.991793140968,7.09416932882926,1.0000354,1,37.5,
4328,112.737186129289,91.7043431791777,76.1583288247476,499.311646472763,11.6710120073819,86.3372745803004,97.2626464085008,72.4714869938924,44.172197037556,7.46508326497343,7.39856990933955,2.35250584952863,6.36999727559603,4970.04101942343,68.5792609697974,751.167809019844,7.09455638669016,1.0000354,1,37.5,
4329,111.941753555111,90.9716082741594,75.4719356751952,509.563712161111,11.8096497010817,84.1822674817831,96.9853129814433,72.8504835236649,44.0918621689918,7.46716740797421,7.39931165740965,2.23723706236381,6.20203270599004,4981.13944251113,68.3748302218618,750.792408808248,7.09594445898537,1.0000354,1,37.5,
4330,111.327898997071,90.4195273291119,74.9655134875769,502.694184669958,11.7410344773823,84.7040582486748,97.0751417826302,73.2539548285916,43.9558452408772,7.46846696461979,7.40060410349409,2.10550836360505,6.04961597391466,4993.97207485716,68.1734124327165,750.648656398212,7.09813624129516,1.0000354,1,37.5,
4331,111.19983826854,90.6481247499509,75.4577278014281,509.260630538101,11.8330579602638,83.2115218298426,96.8814003333886,73.7318294855357,43.8103383090852,7.47034280769941,7.40199441154234,1.98229840172273,5.88483137914176,4940.80676766109,67.0105001074244,749.540359620084,7.09930431428475,1.0000354,1,37.5,
4332,109.591052508157,89.3565988439423,74.400698309523,503.142219442681,11.7733571662922,83.7621361869306,96.9717604474554,73.8720914087139,43.723283080122,7.47083490853518,7.40280682683348,1.82437956694605,5.65920990432727,4873.78872719767,65.9760490634053,743.973526174889,7.10066700641695,1.0000354,1,37.5,
4333,108.519365721097,88.5818687692929,73.845457978829,505.207148372149,11.8111595577402,83.1118416686601,96.8928471207687,74.2103034847899,43.654851564798,7.47200207109109,7.40343371671732,1.6916302923908,5.45166112962374,4824.24842084218,65.0077980321285,744.57895701429,7.10143423936795,1.0000354,1,37.5,
4334,107.673202980562,87.9417792680676,73.3576834805719,499.303699825552,11.7527782139386,83.6843400928987,96.9869174781766,74.7040544501609,43.6016322462563,7.47265903114789,7.40390823573252,1.56521431157222,5.25755102791318,4806.1510683678,64.335879809231,747.324918923106,7.10200900914037,1.0000354,1,37.5,
4335,106.440895053442,86.9660769838795,72.5716462368116,500.274702168062,11.7773863954365,83.3430495785556,96.948557570904,75.133952767635,43.5754362702193,7.47320484636897,7.40411181355111,1.44324490970035,5.04800012282418,4770.94564236316,63.4991966563792,738.14823998446,7.10240133522634,1.0000354,1,37.5,
4336,105.051228591579,85.9203910569838,71.7802067922828,487.628557563466,11.6322674306787,85.1266099632438,97.1979790343055,75.3219289080207,43.5668363421761,7.47241947182214,7.40413803600892,1.30463004991528,4.82420693511244,4698.40271207154,62.377620703381,730.91506912263,7.1020800973696,1.0000354,1,37.5,
4337,104.088989035204,85.1972244423565,71.2337462650346,493.289242164982,11.7165579961794,84.1564358391827,97.0760864776641,75.8112702527632,43.6026355012116,7.47313561067507,7.40372026428094,1.18372777496396,4.64579253650872,4669.83053368205,61.5981043202721,735.064193040032,7.102118164292,1.0000354,1,37.5,
4338,103.630834748481,84.9455691873754,71.1347207291667,488.325498143276,11.6665366603365,84.7833626572011,97.1664800715988,76.3940717144062,43.5539298046663,7.47284758483974,7.40414293884007,1.07876762296185,4.4895130218878,4654.29336981406,60.9247977672116,733.806796283379,7.10224142515278,1.0000354,1,37.5,
4339,102.675492291166,84.1570211612182,70.4694555434308,494.289699958806,11.7536609515438,83.8947307394553,97.0498667744289,77.0256650589389,43.5772520122407,7.47280816969501,7.40384660179741,0.986120354005993,4.35350619481688,4650.88292532142,60.3809512292121,728.96015086545,7.10195143175409,1.0000354,1,37.5,
4340,101.405385870916,83.1165329408685,69.5986851230077,484.367435360497,11.6406433135307,85.1180998972968,97.2273798238612,77.489412900481,43.5683829705123,7.47346862200394,7.40387043784248,0.878334582254808,4.20970406363557,4620.86903317838,59.6322627855359,726.393762221292,7.10304410616029,1.0000354,1,37.5,
4341,100.334170314386,82.3384653879589,69.0372921814695,487.642493248521,11.6947549361583,84.2066311920115,97.1233119217462,77.8503790783972,43.5593863884184,7.47549086050241,7.40389563138237,0.775898719230485,4.05445441142705,4567.98234593752,58.6764303528625,727.86831137942,7.10384587428944,1.0000354,1,37.5,
4342,99.4979023734992,81.9779053682463,69.0283423643637,496.467940556503,11.8160896961466,82.6880721942902,96.9237700395486,78.3002219639484,43.5262818593278,7.47660554030747,7.40416179298127,0.681806263890157,3.90466318890063,4472.9273308506,57.1253467571275,723.777354834425,7.10452415269885,1.0000354,1,37.5,
4343,98.817955226459,81.5376824506948,68.7653069207822,491.627472075545,11.7683909282736,83.1352349218618,96.9992952546001,78.8140559279572,43.5028063125437,7.47739691369607,7.40433298664685,0.582733587584395,3.76635209553458,4440.67605879961,56.3437067984265,726.429017133784,7.10582636431813,1.0000354,1,37.5,
4344,97.8773596559027,80.8489750049306,68.2627776542121,504.895980919076,11.9367770469731,81.1480526349691,96.7220404157436,79.3913073112821,43.5661015239285,7.47842096094181,7.40364044782384,0.492021701929684,3.62450830631383,4407.99635687874,55.5224054895029,730.954689832339,7.10587811319341,1.0000354,1,37.5,
4345,95.9267354168328,78.9754780810583,66.4462878763555,502.917739998401,11.9237867608042,81.2666437033794,96.7531730477106,79.8850042721849,43.6174175017212,7.47940834211271,7.4030706035067,0.397635895100784,3.47457912299381,4415.31813810633,55.2709257304715,718.325808337062,7.10750305762133,1.0000354,1,37.5,
4346,93.9433834611834,77.4060641640636,65.1828281618446,513.027808179852,12.0437062621185,79.6270902766218,96.5174395673111,80.3092141252912,43.6912898469036,7.48097043456797,7.40228049150892,0.311657493194278,3.29407743511942,4330.373032291,53.921247760377,712.289837891117,7.10810120748546,1.0000354,1,37.5,
4347,92.1069574742249,75.780717507555,63.7134966626251,518.6241153383,12.1120911756919,78.8452588734679,96.3997505239789,80.9268967625219,43.7956530294883,7.48134085739591,7.40119317879837,0.22533894793566,3.11774738186516,4307.98204390457,53.2330067782809,716.644296465668,7.10849772957255,1.0000354,1,37.5,
4348,90.1428380903254,74.0092982040253,62.0845078532819,524.34294475018,12.1812829161281,78.1187205737851,96.2869056015938,81.370818715913,43.9553865716222,7.48163904594,7.39956566138537,0.131680608092406,2.93066917463192,4280.48692193013,52.6046928060837,708.475599890321,7.10890443231451,1.0000354,1,37.5,
4349,88.0983030387722,72.1768812152322,60.4088737804417,540.684077641026,12.3663580428187,76.0120343546786,95.9338615946755,82.2417699806218,44.1686606742041,7.4827551296148,7.39742240061233,0.0578146355421696,2.75908213536405,4269.42234697651,51.9130649544932,701.423981710889,7.10872751527486,1.0000354,1,37.5,
4350,85.816825860494,70.1157247708749,58.5105630959391,545.493877137379,12.4249182033959,75.4708460264849,95.8455542320328,82.5475632753876,44.4034037214163,7.4834391198799,7.39508466045989,-0.0280537619787031,2.58351221588073,4225.99704749591,51.1946916397462,700.518641218267,7.10890681764003,1.0000354,1,37.5,
4351,83.453489652025,67.9874841668389,56.556088808223,554.746050032393,12.5320579368782,74.4184170540863,95.6566529297617,82.8929474883947,44.6615602112995,7.48402112260558,7.39253673820364,-0.103483390141428,2.40799932070925,4180.13746616826,50.4281436819881,689.579718443361,7.10844543197375,1.0000354,1,37.5,
4352,81.038519127898,65.8006121369601,54.5378113175713,568.287239497378,12.6867580442626,72.9002467287532,95.3643167689836,83.2716010933601,44.9553051371091,7.48451191856234,7.38966437504746,-0.180527043909797,2.23681639151505,4137.30040003405,49.6844103597276,686.818535602734,7.10808256033609,1.0000354,1,37.5,
4353,78.5986141376292,63.5654769982767,52.4540278083205,572.745723310607,12.7405759323558,72.4589066718999,95.2884390084964,83.7020188334147,45.2597477885983,7.48557603622924,7.38671227383559,-0.257937069513742,2.07011193000222,4102.80025671309,49.0167419363989,682.390953075879,7.10809047504529,1.0000354,0.999999223859578,37.5,
4354,76.1423007048843,61.3583440441409,50.4310717296785,588.2016906607,12.914900065079,70.7073370868251,94.9266467342842,84.1443230115037,45.5948338881551,7.48658196796791,7.38349149751497,-0.330914430865763,1.90392806914904,4056.11559167653,48.2042691236818,678.885995940797,7.10758780155943,1.0000354,0.999710884415633,37.5,
4355,72.5040409869804,57.8824620229839,47.0752080061169,584.697030983804,12.8663761062958,71.3304160354771,95.0577543595536,83.4049604948805,45.9473599642639,7.48575329267434,7.38013256807235,-0.403429101942169,1.71806675140364,3976.31678732299,47.6748237002889,659.07742526999,7.10686121252905,1.0000354,0.998086203291872,37.5,
4356,57.1351777432868,42.1228849384562,31.026842430538,563.537174299277,12.4182612495041,71.7990570468965,95.1910978966349,66.1418913491047,46.8288627588357,7.48829846147846,7.37187437450886,-0.298241879650061,1.46204961994933,3237.56471131549,48.9487773221852,568.541896741941,7.10187739645352,1.0000354,0.970758216448329,37.5,
4357,50.8796589724941,35.6529515353159,24.3984286469668,556.281631895023,11.221081148161,64.5845801150731,93.3435061302119,60.033273445258,47.6190095333387,7.48345776056248,7.36460410654818,-0.149679806013104,1.36132133710882,2980.52555577919,49.6478933219761,516.230769997514,7.08991714374085,1.0000354,0.828497202594282,37.5,
4358,49.9899264387946,34.9030711152522,23.7519171804599,573.568939289993,11.1543732969671,60.8824537723098,92.0395772823905,60.5480544449858,48.956410229209,7.47530607678668,7.35254075592611,-0.208822685242015,1.32830347208142,2978.47349783014,49.1918943578344,510.673783153477,7.07783746017517,1.0000354,0.793874493135654,37.5,
4359,49.5602471488687,34.5522697215751,23.4594168405321,608.352997707102,11.3608896675647,57.2364583864895,90.5687266876013,61.2661999924588,50.4202202327553,7.47086942497515,7.33957669679592,-0.279114745220028,1.26886036716234,2998.04352662632,48.9347066897464,509.413835628125,7.06813803905909,1.0000354,0.767950019274374,37.5,
4360,48.9063430849921,33.9934066780933,22.9708015077768,632.967257922273,11.4613647626277,56.3553696649548,90.103380404752,62.2034407357273,51.9573242430199,7.46611016689253,7.32612443671111,-0.366667602367161,1.1967114008093,3024.63097647645,48.6248178670158,503.801492239079,7.06094673074525,1.0000354,0.742812222139665,37.5,
