4320,114.726988747297,92.3380850260827,75.7897648843155,493.995882700088,11.4780015766619,90.6398215873444,97.7221859309393,71.9308303501176,43.9882304073585,7.45941049971844,7.3965252001728,3.50665971561185,7.32024175211904,5251.00853467894,73.00080520578,770.261557235299,7.0981676358772,1.0000354,1,0,
4321,113.506757327211,91.1034077489108,74.5444102345146,489.146206450851,11.4578407281619,91.3197283041816,97.8124680391742,70.966109598133,44.0177644789889,7.45847203984132,7.39610390342688,3.4289924552949,7.31242989942814,5183.92577934838,73.0479070742912,766.941084691061,7.09754764683395,1.0000354,1,75,
4322,112.536495739636,90.1935674764619,73.6792291949856,489.965905993265,11.5083755124425,90.3550599862972,97.7146830037659,71.2019487977627,44.0503065312151,7.45857846647867,7.39565883112213,3.30934278515911,7.26903677973104,5187.12594914925,72.8508985601282,764.025532533953,7.09730130499516,1.0000354,1,75,
4323,112.962662077393,90.6070200446949,74.0832846292221,494.999082713675,11.6104761752227,88.4407221074478,97.4982660414986,71.4397464459121,44.0051252889256,7.45904067849028,7.39598488910882,3.11272186578809,7.16470220564806,5207.41120324104,72.89235281908,770.473407057609,7.09773528183142,1.0000354,1,75,
4324,111.919773528021,89.8912755106318,73.6093421934308,493.23774564258,11.6242909613104,87.9686912730956,97.460087801477,71.6772709339807,43.9806930790134,7.46013068581699,7.39610973130718,2.88545131195301,7.01456015148465,5148.26827241062,71.8256736804684,762.835338446357,7.09888299928224,1.0000354,1,75,
4325,111.231946603421,89.3708818590692,73.2127035697659,501.27276474285,11.7589915447476,85.9252659847359,97.2114085256313,71.987797696681,43.9118790306803,7.46070110808176,7.39667507051909,2.64519807953533,6.8263912885718,5131.27180156838,71.2797441475969,759.585701733023,7.09930104595412,1.0000354,1,75,
4326,110.279737068639,88.6834435948935,72.7209658099512,504.804450797581,11.8348637831561,84.4380828914908,97.0386154259919,72.3558572126388,43.8318674886425,7.46316156161564,7.39735390671729,2.40578073571136,6.59643226103847,5095.04161141872,70.4164363148301,761.225893164583,7.10095152762079,1.0000354,1,75,
4327,109.200779166653,87.9099201496724,72.1731982675566,509.917271283855,11.926191895648,82.8864312682313,96.8434773829647,72.8359663062416,43.6988863914706,7.46485017104812,7.39856075126188,2.160987476243,6.34667325912713,5056.31232525124,69.4205429223219,759.3663811292,7.10308594589413,1.0000354,1,75,
4328,108.035374618372,87.0962334403505,71.6194769174653,513.059068000365,11.9916452076675,81.5516311482602,96.6790714677421,73.4464700931094,43.5577973148124,7.46738337783211,7.3998523098406,1.91998161897431,6.07688036441027,5014.46512027441,68.2737388729163,758.135622501727,7.10532958243495,1.0000354,1,75,
4329,106.88123872181,86.312055902208,71.1087468616325,514.810698731553,12.040378565831,80.4686882251554,96.5473058667618,74.1986702209645,43.3883766917548,7.46975789587251,7.4014309490493,1.67682097405138,5.79792658852713,4976.31635866205,67.0674601558562,756.987165964187,7.10789455198737,1.0000354,1,75,
4330,105.743039202942,85.5712873397334,70.6617316147529,516.046883026219,12.0837921818463,79.5515190112967,96.4362412937423,75.0841700077775,43.2200442320937,7.47183265283432,7.40300371691348,1.43250151602394,5.51268513279255,4938.40635973551,65.7716048432575,755.792893739954,7.11042245152368,1.0000354,1,75,
4331,101.988128158947,82.5798586161609,68.2346159106236,514.345328552239,12.0954781570178,79.0069805573572,96.3895177895467,75.2322659240908,43.135293308247,7.47454839720618,7.40373811163072,1.06421382726702,4.9659864565068,4760.86404197369,63.2822098802313,740.958953594884,7.11307392567555,1.0000354,1,75,
4332,97.3872628002082,78.5979325501409,64.7101667131346,515.514523591541,12.1393220773123,77.7622424691193,96.2459628272318,75.5363590029853,43.0042574383448,7.47965394238833,7.40493588636546,0.832300035731831,4.40467490639126,4627.66772995524,61.2641089805818,730.187850838828,7.11584581059982,1.0000354,1,75,
4333,95.3354210328945,76.9620143393897,63.3816702615819,516.924864610247,12.186189250823,77.0608621456976,96.1523713787561,77.5081689368466,42.7518462547984,7.48022523686582,7.4073670864665,0.668683147600659,4.09013283043316,4643.35605732683,59.9079570710827,731.630456262673,7.11807550525204,1.0000354,1,75,
4334,92.6736894193774,74.6584647037261,61.3428638269403,521.651112602703,12.2684813022017,76.1516691503447,96.0240774975151,79.5717831724114,42.8296401320781,7.48138127755569,7.40645487626264,0.432943286730821,3.77957931707972,4674.05260544956,58.7400761815542,717.870754135845,7.11947497133078,1.0000354,1,75,
4335,83.5229636568891,66.1066311736757,53.2336897730398,541.269712435796,12.517533257373,73.1655562910992,95.5186324770155,79.8425665368895,43.0812004080788,7.48490360670073,7.40379533846174,0.21140776885486,3.13342596089049,4534.04699794488,56.7873403199035,701.705957441451,7.12009890569907,1.0000354,1,75,
4336,75.311607066491,58.4522519177743,45.990989416549,556.003998005509,12.6915917006012,70.9024233098103,95.098366442261,80.9861618436608,43.3398399959067,7.48728938497871,7.4010925632357,0.0445221717032256,2.57813849336792,4451.91227619992,54.971271324033,666.350732036834,7.12038202782147,1.0000354,0.997287496807817,75,
4337,68.2199542946992,52.0310005007318,40.0652520443211,565.512084098635,12.7333835387475,69.2088079693667,94.7433734085019,82.7745795985434,43.7694368372962,7.48734798969993,7.39672112409414,-0.132392803317545,2.07428148163398,4369.28716407519,52.7853742690839,638.071645345128,7.1186971532714,1.0000354,0.985426594398796,75,
4338,48.0348089168883,32.0969872175634,20.3168581354537,486.026118268208,10.6012111757962,70.9108990694466,95.0834992460542,60.9767654494544,44.9731850867568,7.48195445684374,7.38486805119129,-0.0252849566820901,1.56292749141085,3168.75140230514,51.9665380567262,456.785666384892,7.10740693947488,1.0000354,0.828285887799673,75,
4339,45.7931079259337,29.8917249449931,18.1385288286457,435.541960411826,7.79346434481248,58.012518863286,90.4822663721123,61.2077281039583,46.9449218575244,7.43685772697734,7.36616689186758,-0.0310950126783194,1.48412121789399,3173.48155932903,51.8477267108988,428.988223019445,7.07260749173061,0.998262642375208,0.529122425902354,75,
4340,45.8322440950424,30.4895368246945,19.14927492922,600.011168310507,8.92770377003317,46.9378317193765,84.4361932698804,67.9168066947936,50.1590231513054,7.43988424842843,7.33709098328451,-0.366623017987469,1.2314988445801,3397.614323387,50.0261200243894,442.741302898952,7.04673126087418,0.987248555921616,0.428977305264957,75,
4341,44.6508446193896,30.137727058232,19.4106401652025,650.547750200713,9.61572068068729,47.9458063385357,84.8665525896618,70.1661450910169,53.7688116045256,7.42861660256692,7.3058987140914,-0.579450254362672,0.96570241546453,3320.34454676178,47.3211766508586,442.210501842627,7.03097357165297,0.992934945839136,0.433226508698493,75,
4342,43.240463160955,29.261126040387,18.9285725164889,786.058896067563,11.6279573446096,49.8158932940415,86.2956724892715,72.7945418049146,58.6771577221561,7.43303405083771,7.26588228954779,-0.773098836696989,0.704037663176189,3318.02930010918,45.5807429766,431.727056240029,7.01850380773099,0.999761396094437,0.46958340022767,75,
4343,48.8373905695741,36.289995045347,27.0158331361357,1443.19837318495,23.5794465502279,51.3189151532874,90.4225376818682,98.5673713835587,62.3417974185972,7.56727466419081,7.23596127634416,-1.13327285035875,0.310869343218521,4032.56693469579,40.9117832614581,528.719977573695,7.05215179479198,1.0000354,0.827177144362186,75,
4344,52.976524223036,42.5077658831153,34.7699879796957,1847.42515243401,31.359902602216,54.3237245288911,93.780953310427,130.236599590896,57.5893036975258,7.69483958640155,7.26497227781464,-1.53426685133101,-0.299624772358852,4445.52487709435,34.1342210335557,529.971389616069,7.16478020868649,1.0000354,0.953621329127434,75,
4344.037741467,53.0030291736839,42.6222689204868,34.9495330811673,1840.23845157733,31.2527101104836,55.3279265078484,94.1126185121114,NaN,57.3738235310948,7.69798113427561,7.26636235347991,-1.55526128641924,-0.328183818624074,4440.88751753824,33.8472962574533,528.677808569617,7.16889830011731,1.0000354,0.954118408888114,75,
