4320,108.561266692168,86.4020390972369,70.023479570549,489.450620111914,11.4228178366947,90.570073888435,97.7253952429067,69.2897873980932,44.0658487703366,7.4612119139114,7.3961092240422,3.24368517181746,6.73394748258025,5006.32072249752,72.2519278885144,737.445127498787,7.10377906301919,1.0000354,1,0,
4321,108.542330879396,86.2727365804384,69.8126016638178,493.261945382828,11.5572059709006,88.7153016010139,97.5277476712808,69.3054418165268,44.1204907965313,7.46028826940113,7.39531555070696,3.02603204444773,6.68200852905652,5032.392001601,72.6117873243391,747.811012768011,7.10350580033416,1.0000354,1,150,
4322,106.91126913143,85.0863896121433,68.9549569239751,502.409350835703,11.7514543120242,85.5127136984401,97.1576236130001,69.4284185038745,44.0767239719085,7.46253986189125,7.39549858588425,2.58829525870737,6.42249578015804,4940.64840871725,71.1617593369426,739.252875461335,7.10492636315163,1.0000354,1,150,
4323,103.697174075897,82.5807392193357,66.9729395427467,507.120789931425,11.8832144534592,83.2675915878714,96.8981312410357,69.8397323614111,43.9768253661158,7.46542492262174,7.39624006612125,2.06345264278934,5.94206693749479,4808.59261462241,68.8518190439018,736.019500177805,7.10698130402273,1.0000354,1,150,
4324,99.5936275250728,79.2529777913417,64.2185845098884,516.470101377029,12.0574739207735,80.1215372910816,96.495920047066,70.6624041250005,43.7817866567457,7.47026844597272,7.39792692272583,1.52628811591421,5.24773662085218,4686.49385850745,66.3223098129683,727.812776685867,7.11073965274025,1.0000354,1,150,
4325,96.3176617328674,76.7058501595891,62.2101633445573,516.635400369197,12.1302850342522,78.3932130441505,96.3001704461398,71.6622297981076,43.4991426982738,7.47523602753592,7.40049394310481,1.08019186862981,4.68317884137827,4582.50398136773,63.9458748950168,714.952616988112,7.11524527462283,1.0000354,1,150,
4326,92.5918728574859,73.7757946707991,59.8682586197697,522.479037176766,12.2676390032101,76.1433241873753,95.998674312022,72.576895492637,43.2745948263206,7.47956919653575,7.40249373353443,0.661655349095513,4.15476152346078,4452.6885402884,61.3513227600116,716.057604973166,7.1193006031129,1.0000354,1,150,
4327,86.065720645121,68.0148724820916,54.6729412311569,540.70039637144,12.5482378070095,72.437250374791,95.3998280237271,73.8544898670668,43.183107251144,7.48492589980341,7.40316493802692,0.232934314507329,3.54578825496085,4346.79678832954,58.8562292712804,699.641978546402,7.12405776116183,1.0000354,1,150,
4328,74.8722929665043,57.6448607145584,44.9115412239898,574.660018325462,13.004417065041,66.8425958235428,94.2794117050924,75.9626705129518,43.3586512108764,7.49184320194057,7.40116832834908,-0.168701501292477,2.72820127138054,4266.93077030468,56.171416058591,668.326903183774,7.12863528942897,1.0000354,0.998375361656646,150,
4329,48.8056105450505,32.8960205660479,21.1367584076547,540.034970852865,12.0766726988617,65.6742699438466,94.1319060059117,59.05627198836,44.5236505319064,7.49826101911892,7.3894488873143,-0.439953743149365,1.53969379993211,3063.51377114165,51.8744862822608,479.901367480422,7.12751430338859,1.0000354,0.923103670403497,150,
4330,42.8530594410362,28.3155587198834,17.5704494912053,418.419338136863,7.06459571497129,54.1682890009012,88.9468185743842,60.7383866852053,46.0162133689948,7.43669756744424,7.37489511217703,-0.662228942556367,0.937052526874801,2879.04082415516,47.4006798876079,417.471831003355,7.09118075132962,0.990859283840081,0.44247986640425,150,
4330.17082196487,39.610944133891,26.7228407905182,17.1968513628078,408.053731382959,6.80737639388217,53.8530031178417,88.7291999733309,NaN,46.7784587671503,7.43331315743361,7.36768277015528,-0.922231044197093,0.31055769226525,2850.47860988246,42.0226882636524,387.886103477961,7.08368539617792,0.968869713163002,0.419209575048629,150,
