4320,114.466082307587,92.2536707825513,75.8358013944815,503.281343373004,11.580595667537,91.7057288435782,97.8216080825961,72.3832322861127,43.0171844535009,7.45324371711709,7.38755783307686,3.36156229926658,7.01138043596664,5242.38008787973,72.4253383319209,755.293170636945,7.09377348332813,1.0000354,1,0,
4321,113.938292650519,91.5590029650567,75.0177888497148,499.410075399867,11.5529642660032,92.6593718455375,97.9362046901895,72.1334658244187,43.0385794102748,7.45297069920424,7.38727717291999,3.33251763075737,7.00984351712501,5263.53989591577,72.9694578758747,752.380804750527,7.09363055134523,1.0000354,1,37.5,
4322,114.134932233599,91.8096724871568,75.3083935441347,501.515887667639,11.5987172781234,91.3975077396042,97.7977828655723,72.2555241501279,43.0173921987699,7.45273879876804,7.38742916204585,3.27858636060453,6.9844046755338,5259.71724790806,72.7932889529631,757.499949890162,7.09352519136557,1.0000354,1,37.5,
4323,113.977742713285,91.7560973394794,75.3314029327536,500.865700223853,11.6084712781029,91.0791131125567,97.7682808320808,72.2440941615637,43.0229320985233,7.45295885814436,7.38731377978625,3.18533218440283,6.94557875376313,5234.47806564423,72.455446031866,757.655134086394,7.09393348962042,1.0000354,1,37.5,
4324,113.618434577427,91.5072459850539,75.1641935472132,501.250574872286,11.6300050022762,90.6023315657677,97.7185508284822,72.4160833948073,43.0115054785143,7.45301426021689,7.38737167992427,3.08085402678616,6.89075743574395,5220.85874240238,72.0952928914786,756.37492023802,7.09412946534646,1.0000354,1,37.5,
4325,113.323449865354,91.3584884620306,75.1235169900091,502.996853627582,11.6674650811499,89.742793507265,97.6234605146553,72.6181499294133,43.0030403305201,7.45343424815844,7.38740135919688,2.9690678970719,6.81770264876503,5200.80351432404,71.6185074857918,755.702858193438,7.09436305613707,1.0000354,1,37.5,
4326,112.66818562505,90.7963444676706,74.6302010035207,503.189058340602,11.6848746991743,89.2927519522604,97.5764299634415,72.5770718268758,43.0062554754039,7.45381703914218,7.38731452811184,2.7942807028218,6.67163026851676,5175.82527704233,71.3148815012634,758.665472321946,7.0948559921944,1.0000354,1,37.5,
4327,111.235926326201,89.652352883991,73.699276861488,512.509991900937,11.8115079156151,86.7909734536425,97.2698415166036,72.6956500430231,42.9618150471985,7.45530246838843,7.38771007820227,2.63058427680267,6.46320878102468,5115.95358303397,70.3749616380928,756.490971366955,7.09563047078937,1.0000354,1,37.5,
4328,110.835470728392,89.3863964507546,73.5327328542397,516.773757790407,11.8747016060648,85.364080953592,97.0939695220119,73.23449472968,42.8211357447242,7.45725412243392,7.38908103230086,2.51341843262412,6.28509491799469,5121.75811760357,69.936416391057,759.862237047491,7.09706211618402,1.0000354,1,37.5,
4329,109.332852808304,88.3873135935479,72.9058280869893,506.112931408741,11.7632126930332,86.7189711684783,97.2923073710294,73.4534065328074,42.7669758995074,7.45833692602048,7.38957763759456,2.35563968997746,6.07202733636864,5016.47103114032,68.2946001816778,744.925592549227,7.09889232582767,1.0000354,1,37.5,
4330,108.216301571024,87.3463428615215,71.9207212066719,507.795374693278,11.7968159167816,86.0733132963357,97.2163738502724,73.8056684632777,42.7091110690303,7.45900611171695,7.39011206199469,2.21471314879098,5.84271242015609,5022.340225797,68.0481639197657,744.178789532504,7.09948541690408,1.0000354,1,37.5,
4331,107.446510054413,87.0015173461887,71.8900009966316,503.286360393518,11.7558472810362,86.516778230203,97.2865626425424,74.28710580095,42.6631758082712,7.4597156286525,7.39052554640516,2.07892215984738,5.65153696451318,4952.166300098,66.6625283984972,740.376876673195,7.09998313369818,1.0000354,1,37.5,
4332,106.271816703901,86.0505772198106,71.1044436880914,503.922144846968,11.7765459951902,86.187928424158,97.2515823870062,74.7749815744458,42.6483877770017,7.46014869789251,7.39062139035318,1.94895734492105,5.45724761020971,4930.1361066196,65.9329631758073,740.596369180317,7.10049611515135,1.0000354,1,37.5,
4333,106.112214269331,86.0742475774211,71.2635765442703,499.846830586591,11.7397626964416,86.8696439591107,97.3442718784386,75.3783094522028,42.6214808802875,7.45961192235678,7.39083980693306,1.82376353480232,5.28159080106521,4924.87106681821,65.3353876282017,741.635958849048,7.10065781282319,1.0000354,1,37.5,
4334,105.381215708895,85.58395577545,70.9511984333388,497.314850915701,11.7211268926474,87.2748363882973,97.3996926397092,75.5726419391363,42.6323857935684,7.45916499410696,7.39067152370809,1.6875216025369,5.10351186486808,4878.2551528793,64.5505440554544,739.089595700981,7.10045953692696,1.0000354,1,37.5,
4335,104.099291707311,84.5733901416439,70.1412020278898,493.937675909228,11.6915775930322,87.7979798957923,97.4725370194872,75.8793929562106,42.6804136483075,7.45930287757323,7.39012340965591,1.56399513376067,4.91709797247901,4830.91910459558,63.6657584673018,733.913955633981,7.0996454688192,1.0000354,1,37.5,
4336,103.274369958842,83.9646137135056,69.6921851843437,496.670030645706,11.7379225459511,87.2134320087561,97.4036223007833,76.4066468569483,42.7024861568118,7.45929173243373,7.38983863536242,1.44641381062255,4.74111511356923,4810.63884855061,62.9609994213892,739.214089910072,7.09972668675838,1.0000354,1,37.5,
4337,102.348618611521,83.3513912406261,69.3099623143124,492.729917216949,11.7012106790491,87.6281764901154,97.4669397054171,77.0748120882235,42.6830264387693,7.4601685305419,7.3899759271414,1.32645027048825,4.59776665531004,4774.16601525258,61.9419741145505,733.47445507858,7.10007592278964,1.0000354,1,37.5,
4338,102.583124916931,83.7796676529726,69.881460110047,494.65051588292,11.7371547211099,87.3377583125056,97.4316755216743,77.7323465645392,42.6868238577687,7.45952617700254,7.38987667443094,1.20908555599881,4.43355830601353,4765.78347840443,61.3101712354395,738.696679419564,7.10021970799079,1.0000354,1,37.5,
4339,102.683163749376,84.1118221591312,70.3851783750372,497.13168206531,11.7793513190414,86.5451647125583,97.344550716752,78.7921695192309,42.6849934430142,7.4610921057118,7.38983486840282,1.09824754178938,4.31118278144762,4771.12899708956,60.5533395793228,740.991773218861,7.10080893918799,1.0000354,1,37.5,
4340,105.608234219943,87.4864445046055,74.0920781932693,491.131498241645,11.7160037475126,88.0550877176787,97.5334603993165,80.6378835565542,42.6488533679346,7.45987959125195,7.39014392039837,0.991135699156974,4.26116339509486,4764.69415865957,59.0875398573417,748.336889996431,7.10246275093593,1.0000354,1,37.5,
4341,107.792986594812,90.0683712325247,76.9675685734425,491.376354578472,11.728950175096,88.3313063999597,97.5715908999512,81.9299682728756,42.7433547061433,7.45988164291824,7.38912637799629,0.899558527941772,4.24756105943134,4734.93942999672,57.7925212203982,763.015483948201,7.10229636821805,1.0000354,1,37.5,
4342,110.710859079434,93.4418839318998,80.6778588228526,484.91500644079,11.6559479882042,90.2963274346612,97.8037432333162,81.6494411133319,42.9143620220157,7.45929221358562,7.3873386711416,0.792193294837724,4.25929960461739,4597.42446479362,56.3068699810481,766.691357847053,7.10374001506728,1.0000354,1,37.5,
4343,111.245685795968,94.1962666778533,81.5945221122899,485.11742115091,11.6667538947929,90.8749210187484,97.8673900417932,81.2319782396297,43.0672865473394,7.45833593778696,7.38574169633603,0.726004337284682,4.26676039309687,4515.76609375916,55.5909900462834,765.355031312289,7.10375396734857,1.0000354,1,37.5,
4344,111.805809017046,95.0224371483883,82.6173362019892,488.889309725031,11.722420745739,89.7830224975021,97.7493234588665,80.6021908093396,43.2030152980141,7.45894663287937,7.38432446554823,0.667852068387903,4.2611527881493,4410.83574449324,54.7235217827621,773.285013286595,7.10408776289138,1.0000354,1,37.5,
4345,112.055085325034,95.3073082273127,82.9285164594315,488.244969444222,11.7218019042677,90.0005141473355,97.7773064911878,79.934577754865,43.3080484512935,7.45892567966275,7.38322057237009,0.604373258018935,4.26262085612337,4365.02443281097,54.607462194861,767.105652340951,7.10452008596968,1.0000354,1,37.5,
4346,111.88122327851,95.2300609794457,82.9226801497022,489.76689761313,11.7481346619185,89.5723178919308,97.7322503778927,79.2641314534093,43.4331075776497,7.45920093775596,7.38191998210548,0.534232415852913,4.25070262696685,4303.44325506965,54.2924419426607,769.540268368533,7.10419803882548,1.0000354,1,37.5,
4347,110.691283671881,94.1662039776527,81.9520146384404,492.473782833563,11.7885393800151,89.000198821714,97.6693719671441,78.8081703308509,43.6050310924974,7.45944606399804,7.38015673710399,0.461311095346335,4.22625981685805,4246.28978566181,53.8813395595294,762.013592686104,7.10424346048067,1.0000354,1,37.5,
4348,109.164705498491,92.3985814221056,80.0062288439076,515.994397081524,12.0629275420325,83.9339491175096,97.0335595758403,78.7469939240838,43.7481250796358,7.46191841398276,7.37868719614804,0.361316030653562,4.14351145688651,4304.88427951646,54.6672839812348,767.917993797766,7.1043154202774,1.0000354,1,37.5,
4349,108.599231790085,92.0474809176463,79.8135780988871,533.106767829983,12.2541962219295,80.8381649597857,96.5922791875013,79.3453872809898,43.7015570390528,7.4639902649017,7.37910426597093,0.297365792286249,4.06787593875843,4282.13590735604,53.9683030620482,772.655288834146,7.10583497906674,1.0000354,1,37.5,
4350,107.640639398604,91.1746843907078,79.0041959066107,552.276026192095,12.4689750634229,77.7192108612977,96.1082462495203,80.0325455422943,43.722005281788,7.46751043923146,7.37885746743329,0.200583082209398,3.95928886219336,4296.83202781378,53.6885588069052,768.993525322753,7.10874272178461,1.0000354,1,37.5,
4351,106.871415033468,90.454232924957,78.3197939751878,565.571318250758,12.6201741002677,75.7348503889967,95.7707497352293,81.1265237237699,43.66924460181,7.46958458871438,7.37933997744458,0.13620356118311,3.86239191533195,4342.66475692074,53.529530880766,767.924654838247,7.11209663814862,1.0000354,1,37.5,
4352,106.3013417188,90.1548358100878,78.2204618775612,576.00821628695,12.7398306112503,74.0569896342249,95.486440464144,82.2398753284423,43.6957638141475,7.47335887963011,7.37903680781589,0.0515818363706981,3.75975541760598,4329.68021267965,52.6469695556828,771.756517964658,7.11459088478587,1.0000354,1,37.5,
4353,105.93736568963,89.8838150733925,78.0181472266082,589.492113803565,12.8932532810799,72.3870541062294,95.149438514777,83.4278433219736,43.6638823865585,7.47377566816346,7.3793162746929,-0.0348759633752236,3.64969805613436,4366.937137562,52.3438814150889,773.060353803817,7.11733880801866,1.0000354,1,37.5,
4354,105.202491306848,89.4650751810312,77.8330719576018,596.746903862322,12.9770691561512,71.3010770105413,94.9546637880304,84.6485547848771,43.7972585907759,7.47720815039,7.37795631736326,-0.126138222606249,3.53341974857965,4343.57973197907,51.3130997099442,774.581561113914,7.11952163333479,1.0000354,1,37.5,
4355,104.466319279027,89.0046737806363,77.5765010209565,613.716979952131,13.1695148974396,69.2347070913084,94.4947916366752,85.9517850481277,43.8419770712519,7.47845215435325,7.37747992499827,-0.239914901136311,3.36959575784386,4333.16706829263,50.4139275975051,775.310724536688,7.12168785568362,1.0000354,1,37.5,
4356,103.496574736247,88.2793887231292,77.0319034090856,625.360115470485,13.3025079779669,67.7469653382908,94.1585498200083,87.4813434484523,43.9405777564283,7.48083279172243,7.37647341074179,-0.336535970156573,3.2040126230631,4340.5485172073,49.6168479598731,774.722393538364,7.12419061462291,1.0000354,1,37.5,
4357,100.47224764403,85.9589929791351,75.2318047485603,636.038671961046,13.4250075756539,66.1777154784983,93.8101688419706,89.5120671184204,44.0610232338458,7.48542633408025,7.37525673355012,-0.468024655453464,2.85571867747731,4235.85635575979,47.3216236885239,766.424446884318,7.12733435614562,1.0000354,1,37.5,
4358,99.7661825469157,85.7918595595013,75.4630121340211,634.028521358625,13.4036625215152,66.396373525525,93.8952904179268,91.8062740609003,44.0799925272491,7.48718689806015,7.37504454346382,-0.57804066593737,2.60509294908609,4183.09724259498,45.5643939957752,772.007933340961,7.12982611969056,1.0000354,1,37.5,
4359,98.771657499733,85.2388261841066,75.236298689948,630.788607995491,13.3677318945636,67.2162260316535,94.0934795248977,93.8066582194065,44.2659673219447,7.48579554072851,7.37319248280059,-0.665624316962449,2.38814245247745,4139.20708766197,44.1248752085452,767.091223971099,7.12983072643623,1.0000354,1,37.5,
4360,98.4389239488711,85.1053181565188,75.2500443099976,627.811121616573,13.3343165095579,68.2433681535399,94.3052796011867,95.4634474878337,44.4516598578435,7.48196331881945,7.37135194869483,-0.726073423379851,2.25613560458094,4150.30053980222,43.4752845096145,771.909291281859,7.12803892831789,1.0000354,1,37.5,
