4320,131.026716433412,110.327101607627,95.0273863016114,521.161967072554,11.827584018221,91.2978219355835,97.7717965408067,76.9888766027512,41.6196755029162,7.44740751973543,7.3757049601798,3.14087489468246,7.9021752600144,5196.19054777121,67.4927441087707,779.98802970782,7.09561149433985,1.0000354,1,0,
4321,132.088630267857,111.482604290855,96.2520633513311,514.641166554663,11.7711540392792,95.8178453878107,98.2685871369761,77.3187080323541,41.7087427853732,7.44678755237318,7.37471200255472,3.06645070851904,7.9567915256696,5194.85767063831,67.187590207334,773.432192283472,7.09585328543288,1.0000354,1,37.5,
4322,131.796568448465,111.367945784238,96.2685290324187,516.407869869818,11.8099980588794,93.4744252384942,98.0252400654011,76.5843344752695,41.7971345050507,7.44606112555045,7.373730799284,2.9685987936291,7.93489578993293,5101.21761916631,66.6091525651841,775.174386635714,7.09568434127764,1.0000354,1,37.5,
4323,130.333419461348,109.772306584203,94.5749622837043,521.095314805519,11.8807114104107,90.4128187725292,97.6829152898611,76.5659047216635,41.7248268099002,7.44645700430286,7.37442088672931,2.87393779224242,7.8533291420275,5133.0661092529,67.0411474652184,776.181419199841,7.09433894955457,1.0000354,1,37.5,
4324,129.734247251901,109.152241383257,93.9394544368677,519.692707234192,11.880775359277,90.0116140515114,97.6486055853836,76.9152208771378,41.7197191440535,7.44785936061495,7.37441386456569,2.75690519450468,7.73631984618438,5161.72438105434,67.1092707293856,770.347109493,7.09506262700739,1.0000354,1,37.5,
4325,130.115363731292,110.219511872251,95.5138822373084,518.673056761919,11.8841969836228,89.6025669328866,97.6113785722862,77.0356208731822,41.7178499317868,7.44900833867528,7.3743756899369,2.62363304459046,7.57497485300836,4997.45563602095,64.872010887637,774.404526438507,7.09682089723449,1.0000354,1,37.5,
4326,128.746814903314,108.552555301578,93.6263634220331,519.457984169029,11.9073418711422,89.1974752338039,97.5641572025848,77.1256403566781,41.6828133108199,7.44837981951234,7.37468277395507,2.51576258929881,7.4649777730768,5078.33725857021,65.844993118822,773.437186858787,7.096177775555,1.0000354,1,37.5,
4327,129.598413124304,109.779631106558,95.1309661369202,527.634761999458,12.0089781715875,86.5230792377871,97.2383587317839,77.7049327314327,41.5966407166727,7.45066902447698,7.37552515161783,2.38195942553654,7.29047624515414,5021.34858618549,64.6207185268469,779.64916112575,7.09752881302405,1.0000354,1,37.5,
4328,127.789399625182,108.249074234329,93.8062250323939,517.891267489877,11.9168303860738,88.6301947024768,97.5134742608608,78.0007350766738,41.5973233978809,7.4497941604781,7.37546261742043,2.26466348822679,7.16217553292804,4969.64433671025,63.7127884990461,766.535202946965,7.0984333553651,1.0000354,1,37.5,
4329,127.663917616505,108.387198385745,94.1391885195317,519.306290330326,11.9452583100703,88.0708931012956,97.450379906717,78.7585503720115,41.5724583451483,7.45009491246594,7.37566629365779,2.12992225191992,7.01355043839915,4950.23318757827,62.853279601975,769.033245127937,7.09813668915953,1.0000354,1,37.5,
4330,127.674127076468,108.408918524167,94.1694165507272,519.697123892709,11.9617630708058,87.7660848616973,97.419281182382,79.2081928398308,41.5906728882128,7.45044999123462,7.37542152398367,1.99857328964504,6.87465285788905,4975.52189025681,62.8157481173439,768.500454570969,7.09873822044594,1.0000354,1,37.5,
4331,128.072011550383,109.214083096188,95.2756142387406,520.860605518568,11.9860242504808,86.9964963773752,97.3337770030348,79.3087889377764,41.5972353364553,7.45187676388561,7.37530041903404,1.87353882096852,6.70802184761319,4876.52127848634,61.4877788931102,772.676924723781,7.0999102098963,1.0000354,1,37.5,
4332,126.302600968821,107.366512630957,93.3702734247103,512.335234633134,11.903819438265,88.9722886504004,97.5839697049372,79.4776618787949,41.611348849486,7.45087726890667,7.37509929652729,1.76922805838978,6.59629775175981,4907.15950695375,61.7426254239495,760.510613059419,7.09969076356741,1.0000354,1,37.5,
4333,126.375992376851,108.110020579081,94.6090849024692,516.286305711906,11.9595546659669,87.6962675877236,97.4351627454428,79.9461426067664,41.6224624671732,7.45181119774784,7.37493013047282,1.63430446453595,6.42234706743491,4761.40494223619,59.5576570298865,765.285698686972,7.10029722425106,1.0000354,1,37.5,
4334,125.425860451939,107.084668823021,93.5281358799085,519.350179334036,12.0037526353211,86.8496682880356,97.330218857376,79.9982722190875,41.6227800077323,7.45164915825587,7.37487352855986,1.546301792529,6.32595597421,4784.13005647125,59.8029172851281,769.298317453217,7.09963851550945,1.0000354,1,37.5,
4335,125.342991930746,106.99768232887,93.4381056666149,526.649053840111,12.0924997390737,85.1316819624561,97.105617122407,80.4951489978313,41.5474771364025,7.45189579079362,7.37560643057269,1.44410727918501,6.2127303291981,4814.92554405243,59.816344264201,769.281632946642,7.09986101645067,1.0000354,1,37.5,
4336,125.119491803388,107.043269534224,93.6825835091901,523.16553818264,12.0665184222761,85.2846264948337,97.1449120766199,81.0111845279376,41.5286320878105,7.45372616554601,7.37575103786069,1.33041224280291,6.08979611679903,4774.715253404,58.9389635669059,767.470724993395,7.10107896490991,1.0000354,1,37.5,
4337,124.634068561866,106.828735086643,93.6682712136525,522.361955199858,12.0688863638248,85.2590389777658,97.1477850108275,81.4892690649843,41.5012980045335,7.45380369906755,7.37598452269642,1.21572025582385,5.96614718097247,4730.91729648534,58.0557090616757,764.875309208257,7.10185541315316,1.0000354,1,37.5,
4338,124.188188519385,106.396308969325,93.2457893018902,521.690405860534,12.0725677754609,85.1626611422136,97.1436437474071,81.9860487595983,41.4942383771499,7.45429802996872,7.37600588278532,1.09857005927825,5.84705470863119,4756.16166308738,58.0118414662662,768.633756607604,7.10279628887194,1.0000354,1,37.5,
4339,124.437541633319,107.062566155492,94.220192976229,526.864029329343,12.138920054602,83.7584318722533,96.9659861866279,82.6237558303105,41.4438652236107,7.45629843356718,7.37648171930768,0.96626744926304,5.67414243201256,4680.84170809899,56.6524925072678,771.537034680661,7.10396417042748,1.0000354,1,37.5,
4340,123.354612807662,106.271302220882,93.6445074393499,520.459237415734,12.0807875072608,84.7514638210665,97.1107222441097,82.8912465861382,41.4384680879514,7.45613219539417,7.37648644956606,0.858047144387299,5.55195575882687,4617.16643031831,55.7014958813568,763.869523551614,7.10508180667968,1.0000354,1,37.5,
4341,123.198808860648,106.187214907309,93.6134280722319,526.523639099828,12.1568535844215,83.6029516784792,96.9512891784377,83.3519871686487,41.3800795794122,7.45565518347784,7.37704649582475,0.752509584992369,5.42139187896155,4623.33952468274,55.4676580814828,765.489202371544,7.10468209608086,1.0000354,1,37.5,
4342,122.56096951419,105.856824540058,93.5102826026554,521.285012224891,12.1109824213643,84.1342253825757,97.0445039477324,83.8048763977882,41.4107790970571,7.45733851219337,7.37667279156265,0.642256255704174,5.29023824972403,4564.44903367656,54.4651961779759,762.374889527724,7.105399810336,1.0000354,1,37.5,
4343,122.268155410244,105.632047939005,93.335794590698,523.697247977455,12.1477247540794,83.6257708252798,96.9767956762891,84.3007713629581,41.3846421163494,7.45710728773368,7.37689512158362,0.534680434976743,5.15831039740521,4572.75662368439,54.2433544765127,769.600655528992,7.10597208247036,1.0000354,1,37.5,
4344,121.818678407925,105.505344524827,93.4476629590585,528.097145727106,12.2061982621752,82.4955989860189,96.8322522981552,84.7742463963386,41.3739384675985,7.45903366663352,7.37695615695987,0.424461427441996,5.02168533095465,4509.22062133858,53.1909254640491,767.066429386661,7.1070670172922,1.0000354,1,37.5,
4345,121.028015416247,104.942165773257,93.0526247327855,522.854230300209,12.1598168931532,83.1755125798111,96.9387223255198,85.1280628898263,41.3569629671692,7.45917972752921,7.37708290987734,0.341292934714816,4.92818681535347,4464.8983676185,52.4491949663771,761.961937358327,7.10796549963429,1.0000354,1,37.5,
4346,121.272004081503,105.205880720136,93.3309199747779,531.296996996968,12.2625747741391,81.5978548926613,96.7149804103378,85.5986600638329,41.2860797583713,7.45969118581525,7.37777675258847,0.259383331240481,4.82779168035686,4484.07518060631,52.3848758527579,765.892264606856,7.10779617159411,1.0000354,1,37.5,
4347,120.675668173916,104.877066431737,93.1998390570821,534.585571054438,12.3093087667276,80.7917964644664,96.6107119660865,86.0694927949029,41.3105206592234,7.461453955288,7.37746922875276,0.167791727967749,4.72841479482565,4433.66337943899,51.5126002892114,770.710923623386,7.10923986802382,1.0000354,1,37.5,
4348,120.117161966945,104.5659009873,93.0714906979961,536.450911495542,12.3405446216676,80.3002271843778,96.5462765272275,86.7307392469413,41.2715980964969,7.46224992302338,7.37782822485966,0.0726236201240082,4.63040231923536,4397.77979383783,50.7061260174019,764.997334941927,7.11104780792152,1.0000354,1,37.5,
4349,119.632513062671,104.340492598505,93.0376948641212,547.353133899831,12.4717468360525,78.3083860678256,96.2527845738426,87.4473350316845,41.2590025260683,7.46538855807119,7.37791121457027,-0.0525166130768859,4.45263352455436,4360.19859942835,49.8608516525807,770.697198791764,7.11247373361862,1.0000354,1,37.5,
4350,118.738995388515,103.482870235938,92.2066038188168,542.924505423008,12.4334777996868,78.7049817764885,96.334171503182,88.0771834804344,41.250468534815,7.46631394254457,7.37795190110598,-0.122056668455444,4.35303032673464,4381.29486780721,49.7438121279216,769.679900526659,7.11456385598162,1.0000354,1,37.5,
4351,117.452435467229,102.522495587637,91.4873226331554,560.394787870388,12.6382033261137,76.1673089660118,95.9131143886986,89.0841488559312,41.2297756998968,7.46790193765302,7.37812189088919,-0.239030532523263,4.16102865950953,4336.63944311734,48.6802590450816,772.674053011967,7.11582585026605,1.0000354,1,37.5,
4352,115.340686631421,100.657152148591,89.8041049221516,577.60609746631,12.8413456343797,73.4686808681721,95.4516090769599,90.6221337175601,41.2205486207761,7.47279804515872,7.37817260945922,-0.344861319478006,3.92601406892215,4338.70090781328,47.8768346079293,761.690337996888,7.11901540587511,1.0000354,1,37.5,
4353,113.915894127141,99.4888585899732,88.825397540762,585.751051640665,12.9427226882133,72.2551340291218,95.2258866408959,92.5648762540967,41.1090494289747,7.47435674559705,7.379304345829,-0.42472125676569,3.72773990386336,4354.29800126646,47.0404993500302,768.669752088079,7.12191791517587,1.0000354,1,37.5,
4354,112.166260590175,98.1226662608229,87.7426182782586,591.87422697724,13.020396478895,71.4431906758477,95.0789444649158,94.6589214254544,41.1802704480491,7.4761436168237,7.37851053286822,-0.523445712919306,3.49838593759544,4334.45650296514,45.7902587277904,764.485231514981,7.12381709686597,1.0000354,1,37.5,
4355,110.685528991339,96.917771600459,86.7416030941566,596.406439727323,13.0790020623594,70.9478321933369,94.9891127815729,96.92567505888,41.2834946712162,7.47725151199349,7.37738394682815,-0.596722687118317,3.31287924090016,4351.07791778179,44.8908704029001,763.395719337468,7.12499522889224,1.0000354,1,37.5,
4356,109.275104706459,95.7237382419834,85.707510855197,602.476371309065,13.1540373985662,70.4421131679034,94.8797094970385,99.3299011633139,41.4061544710988,7.47708413700484,7.37605925993214,-0.691606528367383,3.05906688646442,4388.92252869011,44.1853105388078,751.389735154714,7.12587723829375,1.0000354,1,37.5,
4357,108.286378455213,95.0317642945306,85.2348755670696,609.643453112299,13.2405449189026,69.8799901439294,94.7514903077207,101.792989699744,41.5722351437902,7.47669864068409,7.37428744063946,-0.758258050104733,2.92742269270677,4399.2615373731,43.2177259981212,757.288003353157,7.12602085086804,1.0000354,1,37.5,
4358,105.12678555217,92.2950098898598,82.8106539655435,610.771993502349,13.2567266036524,70.0515952421438,94.801613624498,103.23825445562,41.9301358443715,7.47734958535993,7.37053410674825,-0.880938088204845,2.57827253154058,4319.38815376466,41.8390273696605,747.476344389492,7.12528553012718,1.0000354,1,37.5,
4359,98.5815472289223,85.8508393519494,76.4411857037521,613.93909304232,13.2963255555886,70.0083684549007,94.7832920889329,101.120125775703,42.3524215217117,7.47636214407375,7.36615433437395,-0.92082951373318,2.25754499438859,4197.44462716437,41.5094877994399,722.702170759172,7.12326953135233,1.0000354,1,37.5,
4360,91.8766596180135,79.1270513308962,69.7034278143313,626.326354486328,13.4429244989692,68.6360784635629,94.4721227950077,98.5382798093983,42.7753225028672,7.47701552001951,7.361814967073,-0.952125415108028,1.97240253063349,4096.34607251108,41.5711140932702,716.089768771339,7.12144226077714,1.0000354,1,37.5,
