4320,118.418680071089,95.7263238793656,78.9537127811354,495.21712400458,11.4929215451135,89.9727541157142,97.6495070794188,73.0223877085822,43.8910486277504,7.4612117257463,7.39981262011424,3.62725183220327,7.61562179168739,5402.94371255575,73.9902361741144,793.024067722971,7.07868583348303,1.0000354,1,0,
4321,118.732669217304,96.0309603677654,79.2514364354977,492.413636220925,11.4780105637245,90.4794248776678,97.7157266824962,73.1535514755172,43.8933163693785,7.46073726588105,7.39971865546057,3.59464159727551,7.61088643745799,5414.8793745148,74.0207312604232,797.736091477756,7.07885603380361,1.0000354,1,37.5,
4322,118.685451609313,96.074868723687,79.3626987647463,491.414336916426,11.4844863764202,90.4823693081069,97.7225420439777,73.185696252599,43.9130532768358,7.46059323214824,7.39945539745128,3.52455181447483,7.57889167041209,5395.51356646867,73.7236077914209,799.764189963402,7.07902330032222,1.0000354,1,37.5,
4323,118.473045829348,95.953674703237,79.3089221317639,491.980686494012,11.5098031241184,90.0911082339595,97.6823474907196,73.2033127791108,43.9311301139486,7.4605193749726,7.39921096595634,3.45376100113538,7.53960163189877,5375.04141998098,73.4262045790201,800.228317460144,7.07915812454575,1.0000354,1,37.5,
4324,118.052468198846,95.640016176105,79.0742907679923,492.185745819171,11.5293963674364,89.8071046610676,97.6546804531589,73.3012697122004,43.9407094788968,7.46050874963686,7.39905230203938,3.35507830351667,7.49355525732681,5356.67986475488,73.0775863199449,798.727933267246,7.07931275449206,1.0000354,1,37.5,
4325,118.056148077679,95.5369445701934,78.8923158907474,492.397894294112,11.5481020937141,89.5893499959917,97.6335779981401,73.487209861344,43.9329168407922,7.460325054944,7.39906661586018,3.24887170877849,7.42282645540899,5395.84674196995,73.4256580451328,798.749149217744,7.07943917332211,1.0000354,1,37.5,
4326,118.455777621066,96.1471057151836,79.6580873499658,501.159877204556,11.6737226601818,87.2920666873931,97.3599789625012,73.6830717903145,43.9097637696665,7.46187794699516,7.39923412866455,3.13684407936296,7.32605715918732,5359.64791489519,72.7392029766016,803.163244364694,7.08013060887436,1.0000354,1,37.5,
4327,118.311118886788,96.156689956119,79.7816772682334,499.157901511749,11.663306609037,87.3615381076201,97.3770273650828,73.8091279094247,43.8663702784213,7.46214348334146,7.39960226998843,3.05538434230604,7.25759073831794,5331.69693806989,72.2362814611862,800.569149919552,7.08122599717923,1.0000354,1,37.5,
4328,118.25486615295,96.2355432547554,79.9603915473939,496.610271044848,11.6453229522645,87.5484764817376,97.408543982718,73.9565074648839,43.8192939105769,7.46235670982118,7.40000747385551,2.95554395154037,7.18869534734097,5309.76347349773,71.7957574729839,801.265029003356,7.08165403993876,1.0000354,1,37.5,
4329,118.32312107073,96.4603354245791,80.3008851643806,497.962933664547,11.6755390430484,87.0466958509922,97.3522721451844,74.1182601198242,43.7982487497352,7.46282457221236,7.40015519034148,2.84948488014906,7.11253321667076,5283.54650575417,71.2853552850871,802.915746659598,7.08213832859778,1.0000354,1,37.5,
4330,118.434309020561,96.7413656800329,80.7074510370341,496.635656710762,11.6717785141067,86.9579880902851,97.3510904584216,74.2791225113193,43.7742057012063,7.46358262522761,7.40033286398356,2.73861356680039,7.03054880169202,5253.87902100101,70.7315709094487,804.030200168467,7.08286259481692,1.0000354,1,37.5,
4331,118.542222514051,97.0343973343152,81.1373091579887,498.275745878095,11.7045152183231,86.4175465285669,97.2893732479132,74.423509173028,43.7514070072023,7.46417445034532,7.40049847780631,2.62480914692927,6.94310652161591,5219.17024302319,70.1279783903912,804.753862353609,7.08369971117781,1.0000354,1,37.5,
4332,118.600944194777,97.2962850413747,81.5493630584254,500.061852501783,11.7384095351371,85.8977278377283,97.2283614541544,74.5555695810752,43.7227422186541,7.46461211888287,7.40072246104855,2.50930801633622,6.85108901769479,5179.04285377341,69.4655393671357,805.147964903164,7.08454249027873,1.0000354,1,37.5,
4333,118.571914760211,97.4669666223889,81.8676571292162,499.971520688214,11.7488499142599,85.5781656725415,97.1978715844155,74.6864405063014,43.7020471471566,7.46571320191813,7.40086739594803,2.39311739017379,6.75578103243048,5139.50002847583,68.8143656818429,805.059434779474,7.08529653178314,1.0000354,1,37.5,
4334,118.485481973633,97.5970589837584,82.1577898173291,497.873256467868,11.7343788922677,85.6795536963014,97.2202499715021,74.8205922228779,43.6700614760799,7.46621755120092,7.40112468148035,2.27689016464617,6.65774042844623,5095.90844239015,68.1083681777111,803.747580047614,7.08626253861755,1.0000354,1,37.5,
4335,118.34882354258,97.6844268689013,82.410742370965,500.27842020523,11.7748058575456,85.1430884370336,97.1544816638658,74.9558753312767,43.6520997091508,7.46647092035775,7.40124275406904,2.16104713107048,6.5575320213268,5050.37041067464,67.3779125165827,803.538356642822,7.08685809450869,1.0000354,1,37.5,
4336,118.13039154891,97.6825091075008,82.5688568681982,501.910234473764,11.8052794184534,84.5710082420338,97.0894582805367,75.1171292798598,43.6409873521131,7.46774218262857,7.40129294106018,2.04591777219032,6.45623869517317,5008.20553285272,66.6719506038885,802.770886372824,7.08739099631743,1.0000354,1,37.5,
4337,117.881555759758,97.6488522127558,82.6942452432323,501.983543976349,11.8167327794133,84.3024835760639,97.0629225399875,75.3073009229597,43.6069335590465,7.46855066101464,7.4015715387858,1.93133988002013,6.35373073808284,4968.04844719445,65.9703426667333,808.734783098102,7.08860557125571,1.0000354,1,37.5,
4338,117.65269452366,97.6434258727505,82.8539664351214,501.85634830349,11.8256344706722,84.0777020040072,97.0416971242935,75.5238098082779,43.5642166311569,7.46926361711279,7.4019368098283,1.81753347735616,6.25028067021264,4927.31045615455,65.241815377996,805.380678959361,7.08979473568426,1.0000354,1,37.5,
4339,117.455458108605,97.6675341506834,83.0416773122199,501.495132528542,11.8316067538719,83.8961727664482,97.0267271368002,75.7502530330987,43.5311480775626,7.470018118818,7.40220628407499,1.70430363103068,6.14627718753668,4887.41415547563,64.5201033630884,804.215645881701,7.09050151375697,1.0000354,1,37.5,
4340,117.253211287534,97.6862625024669,83.223735139591,500.944343408587,11.8351958168326,83.77301558339,97.0189825070746,75.9783293337504,43.5032052879393,7.47063559955234,7.40242493614179,1.59168803438831,6.04186898765843,4847.38673129467,63.799596198036,803.089127764042,7.09119520700365,1.0000354,1,37.5,
4341,117.011218731647,97.6714096545275,83.3767681627435,504.614590786787,11.8883285746083,83.0496917599472,96.9251326165096,76.2056680605165,43.4864243618315,7.47121426421537,7.40253238834165,1.47979222806463,5.93718217361165,4805.45238967603,63.0589890749324,802.026600642836,7.09180316246848,1.0000354,1,37.5,
4342,117.099433136884,97.9140210527176,83.7334990774644,516.065642487693,12.0248262690841,80.9400114092396,96.6300122161071,76.5256937640209,43.4248582055601,7.47326798119111,7.40308770732088,1.32408767135311,5.77178650262397,4787.10803892357,62.5555653724013,810.156165796467,7.09343864661914,1.0000354,1,37.5,
4343,116.778928974993,97.841149965418,83.8436611322541,513.349924484247,12.0049917703864,81.0009061356123,96.6583553909565,76.8048784784666,43.390210595342,7.47494271738969,7.40337427516046,1.23121641215163,5.66182954961087,4742.55823488753,61.7481379938278,803.091568881154,7.09556224018641,1.0000354,1,37.5,
4344,116.53093534238,97.8320809968555,84.0111886545117,513.849468812232,12.0194845726385,80.674415070511,96.6189133479798,77.0472072622873,43.3005101930369,7.47561312368906,7.40421300404681,1.12992696310251,5.55604562258762,4697.49927584679,60.969105081971,813.903262807273,7.09627078517651,1.0000354,1,37.5,
4345,115.625234165171,97.3687053234877,83.8747492231133,518.354639500664,12.0771668322163,79.6800585665694,96.4842215885194,77.4856368758846,43.2687907250702,7.47767748254555,7.40447150540365,0.922335148644022,5.28614979724698,4612.47724092584,59.5268675188673,803.738162095992,7.0979538548418,1.0000354,1,37.5,
4346,115.002093335408,96.8280282638405,83.3950236457256,517.57166661763,12.0780418523691,79.4772867345563,96.4734178657614,77.980868780355,43.2546390024963,7.47959671040397,7.40455401285367,0.828378186326784,5.15408725170666,4620.98937262926,59.2579878232056,806.587975077416,7.10002625564893,1.0000354,1,37.5,
4347,114.850696152799,97.0215269314256,83.843445333019,525.829396949066,12.1767538862616,77.9887309539306,96.2507058002639,78.4807848805258,43.1693827814241,7.4815737439868,7.40535219441436,0.73335151397217,5.01342444193094,4562.35701108502,58.1334274119514,804.20154456828,7.1015113854326,1.0000354,1,37.5,
4348,113.34501682562,95.8133633090554,82.855184622899,533.310274029831,12.267178756289,76.9153714470707,96.074523104241,79.1052969602641,43.1484694352299,7.48188103961576,7.4055047545382,0.596073776317074,4.8060625386216,4521.92407295815,57.163353741401,800.221405754985,7.10332595437392,1.0000354,1,37.5,
4349,111.629960877881,94.4124387697409,81.6864441680718,540.231869157057,12.3514840243479,75.6868060650113,95.8893498395529,80.0271703655982,43.1854334018269,7.48505881750367,7.40507650462087,0.485712161215763,4.60386022495165,4492.65357954147,56.1391032447745,807.198635473445,7.10488814588567,1.0000354,1,37.5,
4350,110.184483988082,92.9766784374167,80.2578656390992,549.165298950871,12.4576778339483,74.3360425592328,95.6652042385374,81.2585552092034,43.2062946256514,7.48746673406592,7.40481210915375,0.389473663814472,4.41182102987682,4559.20801854258,56.107421634617,799.218257791421,7.10717592461481,1.0000354,1,37.5,
4351,108.691862359952,91.8821408708285,79.4575641179977,559.777449766221,12.5822461365565,72.8947685808801,95.4016793248204,82.7752331787291,43.1824884824814,7.48895679972213,7.40499944237933,0.294966475825848,4.18354864417015,4536.86391322204,54.8094368206249,795.672101379587,7.10895932455268,1.0000354,1,37.5,
4352,107.893620166365,91.1995030723267,78.8603730462981,560.828170008685,12.6005064940495,72.8577145446929,95.3998748463956,84.3423129791257,43.2547623645809,7.48898226771209,7.40422404924255,0.209137372839654,4.04779471387154,4590.96290700769,54.4324994756064,797.76920134292,7.11032817619284,1.0000354,1,37.5,
4353,107.630184433617,91.2233440118825,79.0965489175568,569.762356707537,12.7052766997232,71.9824561813392,95.2157158650264,85.806489376428,43.3689894154031,7.48823496782322,7.40303292586498,0.139751413594109,3.93078800741264,4590.28773711316,53.495810986694,799.298530201053,7.11023879320235,1.0000354,1,37.5,
4354,106.702801104495,90.5662821522684,78.6392898832311,576.105441381148,12.7805508033432,71.4495995965296,95.1039934133762,87.193253040445,43.5856937172369,7.48801641830615,7.40082568880072,0.0553728092798722,3.82117794123531,4587.62124104242,52.6144062880006,794.665233304174,7.11010451506606,1.0000354,1,37.5,
4355,105.387696718882,89.5891682226273,77.9119949862654,591.087676663752,12.9520628188328,69.7646117775425,94.7475496548311,88.677410302176,43.8388626597939,7.48932334722364,7.39827154904092,-0.0754834365664445,3.61984568083182,4567.98281326874,51.5123614650331,799.814829393703,7.10984558338947,1.0000354,1,37.5,
4356,103.942416309495,88.4456596107042,76.9915350942066,605.941589405145,13.1226163818822,68.0756999790525,94.3625482769775,90.5014186424319,44.0126625102031,7.49047529593067,7.3965181681339,-0.177384525022158,3.41880314521031,4572.89282884138,50.5284104651301,800.026534474383,7.11068984635516,1.0000354,1,37.5,
4357,103.445967529925,88.1307780596784,76.8108554077567,615.619886591499,13.2347677497791,66.9857958050486,94.1075913474068,92.5122279586704,44.1615609881313,7.49178455887823,7.39502009217354,-0.256274493134899,3.25522854757181,4619.72725423039,49.9363960437126,807.467142004517,7.11158406650485,1.0000354,1,37.5,
4358,102.82845978857,87.7888466908434,76.6726109229585,617.287444761116,13.2554758264422,67.111021783364,94.1270597177443,94.391370071693,44.2969946134561,7.4906361431168,7.39366165455168,-0.323614775076251,3.14292977550375,4628.75053733147,49.0378573148774,802.167567990959,7.11258288148842,1.0000354,1,37.5,
4359,102.661815407247,87.9134451410712,77.0124758138978,623.278056535847,13.324434104063,66.7566250697405,94.0236288970313,96.056082219388,44.5162627879509,7.48963777772275,7.39149116779238,-0.405541967050715,3.03008601030523,4619.16763241821,48.0882368475973,806.016224067485,7.11209234837016,1.0000354,1,37.5,
4360,102.826618050661,88.1952155696668,77.3807006924101,632.597492634271,13.4307747971386,66.020542997703,93.8094315985732,97.4405029458391,44.7206074292631,7.4882074487574,7.38947763257453,-0.493921933297937,2.9165570677979,4648.57985361831,47.7068540604943,811.284566223479,7.11168697327239,1.0000354,1,37.5,
