4320,113.697775374456,91.246396888791,74.6518997472126,497.096400546307,11.5095862413183,91.480462809076,97.807896135678,72.0298311776198,43.3997309287155,7.45624314434213,7.39219383816992,3.46111220495012,7.10500933080448,5272.90843588549,73.2045091551432,763.042121725946,7.08616564253485,1.0000354,1,0,
4321,112.746895050616,90.1622159788304,73.4691923170759,492.116674596877,11.530195131461,91.7031729508547,97.857269472897,71.7112725431961,43.4766935393334,7.45501435073815,7.39115484354467,3.32868908370909,7.08756191234713,5280.75689315067,73.6391463415985,765.977416228543,7.0855960287525,1.0000354,1,150,
4322,111.909300327781,89.686989808827,73.2618037730784,495.860819624476,11.6571142626983,89.2078950721931,97.5910719292717,71.7509053580601,43.497959341411,7.45483843657205,7.39068159323589,2.9593350279247,6.94738333254528,5198.89946131411,72.4576147906418,769.024726776268,7.08599875291474,1.0000354,1,150,
4323,110.321865601303,88.2105645066309,71.8674289149165,501.953361311851,11.8075484437129,86.4641138499543,97.2833453637584,72.0345825704275,43.4792423121645,7.45649654451322,7.39061379065442,2.52120645413557,6.67542571478857,5193.38075265157,72.0956597141943,758.81947228123,7.08700380220696,1.0000354,1,150,
4324,108.223585825665,86.7672924424581,70.9082929853054,515.217005034157,12.0279909038026,82.6219985162937,96.7990099545451,72.5534654727244,43.356221156526,7.45949988778756,7.39159371282752,2.04446403707051,6.28957341606461,5075.83716942293,69.9599548602007,762.88475861414,7.08925859182489,1.0000354,1,150,
4325,106.02198011121,85.0553178480579,69.5582196535546,526.939948494831,12.2239539809806,79.3244462173664,96.3495753224006,73.4671654825081,43.1370308483468,7.46306489587071,7.39354599250381,1.56225683789628,5.82324140357045,5022.47062533639,68.3634735646934,767.691942340137,7.09287354925374,1.0000354,1,150,
4326,99.6038126803882,79.8937755247914,65.3254871923938,548.676556083589,12.5378656144263,74.317261312644,95.5860902183762,74.4850969395738,42.8981112526872,7.47273129745279,7.39570742452602,0.875431545008197,4.82382484905535,4786.87020678713,64.2661472357415,756.374040497048,7.09938542777134,1.0000354,1,150,
4327,92.5917947417377,74.5085353873193,61.1426480384014,542.554210686967,12.5460692259753,73.1706309387295,95.4943149343542,76.2233936037913,42.4522138194035,7.48042596563614,7.39999034769998,0.385131815707624,3.84846966433918,4494.27676260331,58.961908544305,730.17527841058,7.10705976766363,1.0000354,1,150,
4328,83.6087539442798,66.7856867217088,54.3512457311129,541.671905030212,12.6133462569434,72.1795812204662,95.3872520271135,78.8020984622932,42.3558181295069,7.48380780183259,7.4007265364853,-0.0300490512869351,2.97580258707897,4322.52769673825,54.8529516483191,704.075201025341,7.1113627423754,1.0000354,1,150,
4329,73.7404805449485,57.7921119783631,46.0041873856696,573.252727013219,13.0252992805541,67.2535243845369,94.3935515536006,83.4704371528116,42.6650707051601,7.48803052306727,7.39733652613976,-0.380548904514838,2.19742817148939,4340.54010554582,52.0009269581214,680.424924175992,7.11328222279519,1.0000354,0.99595367657554,150,
4330,45.4659210518049,30.3130308952336,19.113068605594,526.016045304542,11.4887685655609,63.9871200855063,93.6740599157074,60.6114990190647,43.9268878897821,7.49325208213639,7.38447629538805,-0.566802562299377,1.2022551588613,2994.64482979697,49.4072061945711,455.462801690157,7.10908725358073,1.0000354,0.863309207666858,150,
4331,42.3835623347393,28.3222715326189,17.9291435484429,484.938914554289,8.03813532099677,52.2276223435402,88.2269506562526,65.6472998719625,45.8963353558342,7.44390585172349,7.36512754423236,-0.860625246665192,0.732876307794388,3009.79474501591,45.8479594878413,433.970756806331,7.07491348608297,0.995325204002199,0.47518649345091,150,
4332,40.9472013613006,28.238466823377,18.8450543388248,635.412306167633,9.43952799013062,44.0425043769038,82.6495563301022,74.3167347158545,51.374404017868,7.43616766974003,7.31494528382604,-1.29362647680044,0.249180016459975,3079.5251093258,41.4378419759718,437.94152701773,7.04761323872319,0.982292115349585,0.398750649644765,150,
4333,46.8349354510148,35.7074790357133,27.482837337447,1234.00083350758,19.0887811396294,45.3905658118865,85.6201256782361,100.97644901784,60.3949777612471,7.49222294351358,7.24140377298585,-1.50824339991997,-0.188865300671155,3663.62334417862,36.281958613254,543.815267919623,7.03662877249319,1.0000354,0.599403106432509,150,
4334,69.3985779690339,60.9751097930048,54.7490680976789,532.086109555796,12.9226399665013,69.3613087680319,97.0805628796599,84.2174108733721,60.7036594712848,7.7048232967314,7.23233491479245,-1.6563496941426,-0.223505320605945,2313.06398590234,27.4653894238119,537.881090085869,7.16008285246302,1.0000354,0.998630692993581,150,
4334.41108850033,36.8910032197424,24.8451328117096,15.9416633796853,860.863925181992,16.3069071809593,86.697562824509,97.8668351870969,NaN,64.1687347828493,7.49441365714656,7.20522236154045,-1.18630945167869,-0.0664599831901729,2765.43347665594,39.276520643467,375.374762067452,7.14967525616106,1.0000354,0.866004406113387,150,
