4320,135.055005721893,114.092188941949,98.5979330611205,514.537893461497,11.7522148803209,90.9904512730471,97.7506316457834,77.5200006096439,42.1580424308521,7.45192680510719,7.38390960330335,3.29334557773221,8.28505594733513,5298.56452753431,68.3509350601726,799.192337182138,7.08221927579966,1.0000354,1,0,
4321,136.089636975037,115.233993858337,99.818953293819,509.260003202908,11.7293458249401,93.0917997511083,97.9970678705866,78.2421494378629,42.2109344389492,7.4504861806012,7.38323727078403,3.15933963160171,8.29547161796275,5320.58249128993,68.001486788337,801.836987451911,7.08247301805406,1.0000354,1,75,
4322,135.04022955101,114.528582812118,99.3678004398927,509.94492579454,11.7750841093032,91.1044329977846,97.7891490845676,77.4346270144431,42.2725527442711,7.45111597044634,7.38248097243056,2.97426588951137,8.19718037246115,5178.81695026512,66.8798591784934,799.922452663749,7.0825416953922,1.0000354,1,75,
4323,133.39487495044,112.622517734125,97.2690363133702,518.480368311276,11.9088637649824,88.0519591083667,97.4290999232893,77.1030199336734,42.2345883458397,7.45085667434568,7.38275089037318,2.80022255324232,8.06240024966289,5222.18187083059,67.7299264714001,791.098267212135,7.08188363640195,1.0000354,1,75,
4324,132.611598089604,112.014055441393,96.7897847883679,525.303081094639,12.0147328692395,85.5601664222246,97.1262642891662,77.7510013869724,42.1296595811905,7.45306611532724,7.38371399473999,2.58272621930541,7.85798763329815,5221.75178240208,67.1599296376009,793.421680753447,7.08297659534048,1.0000354,1,75,
4325,132.060067569105,111.964829040585,97.1118266499403,528.110525152252,12.0750932039418,84.0376194306828,96.9475731077945,78.585243984484,42.0538765019246,7.4560323165416,7.38438221809487,2.33161332341664,7.61705888784158,5149.07233798301,65.5221270166146,795.535681286259,7.08551280468508,1.0000354,1,75,
4326,131.342220580413,111.492910411487,96.8216811561933,524.032684206948,12.0620331852056,84.0790348304153,96.978410357142,79.4498638171366,41.9814539627736,7.45716930513797,7.38501918854279,2.079976332192,7.3626231368774,5142.01568408546,64.7202579971745,789.227296382692,7.08710554890813,1.0000354,1,75,
4327,130.947647454831,111.710084914612,97.4910169501022,530.634537847319,12.162526984756,82.2541898576243,96.741318161408,80.2946015971927,41.9027887779507,7.45925593605238,7.38572480352467,1.82657416730619,7.0802111686148,5036.527551042,62.7256060912828,795.110845617491,7.08941732067967,1.0000354,1,75,
4328,130.344023406598,111.47349127129,97.5257066495402,528.95056110682,12.1743437125562,82.0029944619426,96.7241656921824,81.1492429315606,41.7946937879418,7.45971154613207,7.38673889726771,1.57884301113771,6.79815939939336,4993.02155976322,61.5288742000245,791.884165729341,7.09064634451037,1.0000354,1,75,
4329,129.382625393835,110.897628646006,97.2348049628285,528.105613347243,12.1949730758197,81.6482995537078,96.6935341398708,82.0153810839812,41.7497499956783,7.46049972284377,7.38709982448204,1.33350395482483,6.51437110815377,4943.21508342099,60.2718053380657,793.459391651133,7.09243259719596,1.0000354,1,75,
4330,128.080116359862,109.922836709289,96.5022387066909,522.354922352672,12.1619804696445,81.9717929172599,96.7723154096248,82.9424668302308,41.753833788974,7.46214155678631,7.38695183682893,1.09211704263983,6.22868542521702,4910.46423139564,59.2032576200866,784.482708130645,7.09380477805996,1.0000354,1,75,
4331,126.901054350029,109.562481578893,96.7470147480536,525.489021237702,12.2257985134903,80.7921308376596,96.6296951687838,84.0855023960579,41.7012096203581,7.46477137484404,7.38739461161553,0.830166675578806,5.88510077662207,4753.67285599354,56.5337985804364,787.285373662327,7.09575096513613,1.0000354,1,75,
4332,126.474159496161,109.371980238007,96.7312390471971,526.84754868779,12.2705611831894,80.0520615783308,96.5394740355776,84.7775242672965,41.6164847256457,7.46576257032366,7.38817261475003,0.654577306878957,5.65430419374492,4727.45067007344,55.7630186883988,785.930049718809,7.09676041201676,1.0000354,1,75,
4333,125.405773948458,108.74003481126,96.4218797968099,528.710039421907,12.3210962894321,79.4870153402511,96.4656390722801,85.9788236694003,41.5512815781942,7.46552655908282,7.38874910501102,0.403154321990286,5.37234846574429,4672.08677494878,54.3399708853143,789.398738134993,7.09776670901388,1.0000354,1,75,
4334,124.164611537167,108.016628900715,96.081163473773,531.498454799215,12.3824260600162,78.4855012433065,96.3416459002539,87.1407053245372,41.5287840171869,7.46804971420837,7.38888043105915,0.186144103940266,5.08397494806297,4588.11364177597,52.6517845441864,781.885364342782,7.09938359940919,1.0000354,1,75,
4335,122.877372297401,107.173362362645,95.5660506717384,542.7838508955,12.5402690707444,76.4031680402067,96.0251374726707,88.4219592257886,41.4939609679276,7.47046616406964,7.38914173701196,-0.0207400323375797,4.80313914489054,4527.57357671393,51.2041761611798,782.732024792555,7.10143330531036,1.0000354,1,75,
4336,121.425608048054,106.015516607993,94.6254490218599,552.299376602368,12.6797744463568,74.6755604241286,95.7494484776719,89.877880909488,41.4663880835854,7.47256887616812,7.38932913827883,-0.185456686387254,4.57858184568257,4515.98885804244,50.2458314809435,780.406629439765,7.10423247766473,1.0000354,1,75,
4337,117.371185554506,102.239805355743,91.0557417305694,580.942512762252,13.0401348574843,70.5771984800423,94.9792576433776,92.0608407755471,41.574114810878,7.47675335183215,7.3881047539333,-0.417278291052396,4.18866968739616,4542.012261836,49.3370712625778,782.6267524337,7.10710170236116,1.0000354,1,75,
4338,110.65825815403,95.9094488368884,85.0081549937838,619.397239249982,13.5204347374349,64.9717802572344,93.7160547850092,96.1616290659134,41.5872821820071,7.48429706927264,7.38787530075467,-0.634709119483513,3.54836248310107,4624.38085537864,48.089668408268,774.816251148992,7.11261279134057,1.0000354,1,75,
4339,104.941865091968,90.9800937460725,80.6605236208454,642.163979550205,13.8192858761184,61.5660492848613,92.7995627606777,101.875770288282,41.6065209937519,7.48877940116163,7.38759220260276,-0.807703860377411,2.94635168847689,4637.73840619538,45.5234683681095,776.779633628248,7.11837959236078,1.0000354,1,75,
4340,93.6064451354284,80.0301621233705,69.9955181579363,640.110455340711,13.8195472933446,61.8496204270193,92.93094928575,100.338551770914,42.1161084837747,7.48993017748091,7.38223434351358,-0.977646121594761,2.24451524376408,4441.64181271627,44.2665529283015,735.770682850995,7.12077232266085,1.0000354,1,75,
4341,61.7268047088965,47.4906278095496,36.9682361882931,622.936524485198,13.5353477205426,61.7929104737773,93.0406443764275,75.7285370435442,43.3483454666249,7.49639856859595,7.36965323765967,-0.914260625126746,1.33518687853079,3515.18158668335,46.4181895480446,613.340613583117,7.11708404467023,1.0000354,0.986505562709503,75,
4342,50.4452335616348,37.1037052066467,27.2425755529599,614.801959625037,12.2983748368206,56.3614554916138,91.1060908720117,74.2491311969499,43.7709762611704,7.49279369306707,7.36537604651663,-0.942393803915603,0.742804751290452,3229.92011784952,43.5011166565974,543.468553106677,7.10362817666726,1.0000354,0.836206610146379,75,
4343,49.0904637467765,36.2429009391605,26.7468762552704,688.075225473664,12.9411569421664,53.1522264139357,89.7674317687403,76.473050043023,45.9269407926155,7.49319725940472,7.34417907659767,-1.09799305492492,0.515773498448351,3203.49450282916,41.8905026153254,537.031712809221,7.09383330062255,1.0000354,0.796485548240642,75,
4344,48.6701278799436,36.303929877704,27.1636965717007,739.727465807742,13.6386945001526,52.0738957648287,89.1861208804576,80.0654221305746,48.8842926351557,7.48830850419406,7.31601403808372,-1.21174041996128,0.357739613629823,3228.3158278644,40.3209742977374,539.435287521085,7.09051464747865,1.0000354,0.795892974953719,75,
4345,51.9602297007562,40.2658447192746,31.622168863397,1001.69401046607,17.8283629380626,52.4492019580901,89.963791670927,93.4090568562955,53.1610888442244,7.51283217396822,7.27726145306346,-1.33262254815756,0.184597308444783,3561.7316505559,38.1304743932424,559.232104288319,7.08947675624145,1.0000354,0.878260485849014,75,
4346,68.7548027605841,58.4311415671125,50.8006093806334,1493.53643495172,26.1486227876326,63.6366721926702,95.205916957339,131.111275958142,55.1079995944287,7.6137795313827,7.25739949910209,-1.50514218636713,0.1267203026888,4413.3524224664,33.6611202218442,560.661943172303,7.13319165669526,1.0000354,0.991037970928814,75,
4347,84.0371532210434,74.1361986118485,66.8181017267915,1717.56455011703,30.0631500292252,78.0265445497794,97.788029924917,151.815802845016,54.1040471568581,7.66608570612294,7.25913849961878,-1.53644563032966,0.395746807756599,4901.04705045088,32.2828517098065,552.863007672417,7.19655484272403,1.0000354,1,75,
4348,91.6708852974846,81.7368061765579,74.3942259567426,1799.41992544682,31.5753852739537,82.9314553286806,98.3379498345946,160.398491723352,51.1880533177873,7.68798755462767,7.27538696868736,-1.49669653864144,0.627531813996426,5195.44457966214,32.3908568206678,567.681233629166,7.24456857611162,1.0000354,1,75,
4349,96.558265495098,86.550781717991,79.153945882738,1819.26419257529,31.9864759756589,81.6900284560459,98.2527255522627,162.63839429726,48.9707524568036,7.68965062284707,7.28556788002279,-1.45693703951534,0.808974346549606,5306.92309829966,32.6301985532396,582.420848605678,7.27713842034436,1.0000354,1,75,
4350,98.570335562144,88.4045763607856,80.8907543423903,1807.76494389788,31.8201085846048,81.0894448060736,98.2176544307957,162.295111162891,46.7120692687658,7.69125264408685,7.29622508819622,-1.46119019180311,0.902859732449481,5379.47728055837,33.1462681901683,583.00353017558,7.29571161178532,1.0000354,1,75,
4351,98.5657550016278,88.3603223565624,80.8171764884706,1807.16584147339,31.8419306727619,72.5977753012336,97.414832351087,160.618488564346,44.6158273681827,7.69648507110087,7.30594301367034,-1.46344145973185,0.919029564353636,5344.68085305344,33.2756266157509,595.91880605297,7.30913268311757,1.0000354,1,75,
4352,98.3447700165231,88.144340790175,80.6048931011352,1785.87029740624,31.4918999285381,71.1941438817402,97.2703527955021,159.710378212772,42.4250514360185,7.6983245063908,7.3174549008508,-1.47569457269905,0.921546322868222,5311.8573896834,33.2593125701998,609.977340339949,7.31931712143578,1.0000354,1,75,
4353,99.1273806626284,89.1183216841447,81.7203215696133,1810.1996858314,31.9593349230562,67.1347872465306,96.7865189875927,161.327154893974,40.8582408459642,7.70459529222445,7.32326605656584,-1.48964086660604,0.906421195337025,5264.96568372331,32.6353346228879,616.494921942426,7.32821225084589,1.0000354,1,75,
4354,100.324975291808,90.3458187426608,82.9699204237257,1793.04968663444,31.6846203732892,73.8439700974347,97.6652750326043,163.289389007013,39.8773228842768,7.71005425900415,7.32298244011015,-1.48927652110422,0.931719870875618,5313.08325693485,32.5378353685104,624.166469351723,7.33826579272506,1.0000354,1,75,
4355,102.556083344755,92.6801248952769,85.380503432619,1773.65144441811,31.3610404302956,76.6429743551117,97.9294798384045,163.267160365623,38.7031924542803,7.705119242749,7.3248228540536,-1.49686345058662,0.998097174535883,5257.42293176211,32.2013497386037,622.864399294226,7.34473055954114,1.0000354,1,75,
4356,103.840909317888,93.8531066326793,86.4708176914377,1748.09101261859,30.9206086402439,77.3184891675848,97.9546711887574,161.561767198064,38.26372696277,7.69536337875905,7.31853785352175,-1.49687773790426,1.03858176155213,5261.42483789485,32.5660267843239,623.766898769163,7.34637543857045,1.0000354,1,75,
4357,103.524912587555,93.5911062590925,86.2487276684895,1739.12078846212,30.7737435882996,75.6493998048847,97.8048904651913,160.597157403467,37.1868804228487,7.69587433923358,7.31981030232075,-1.50916829555455,1.07121709950636,5201.73668626181,32.3899673590954,623.281436977482,7.34461926621018,1.0000354,1,75,
4358,104.501610009039,94.7238098723909,87.4967402061727,1772.72133212609,31.3875399079417,69.7988595933844,97.1978688727612,161.483314784384,36.6242659209882,7.70246763557674,7.31538367052454,-1.53897475694484,1.07141717364838,5148.29747645812,31.8812967354071,632.500153100843,7.34564056125419,1.0000354,1,75,
4359,106.183744648469,96.4880186006554,89.3216123914017,1793.2279503173,31.7804526101554,68.5739301790705,97.0918172230905,163.475964717272,35.4228012726335,7.70813934856049,7.31885272849827,-1.53452940554384,1.08527261901093,5168.07808303307,31.6136876266255,644.746080433861,7.349900215076,1.0000354,1,75,
4360,109.976322739968,100.26829473646,93.0927957773447,1741.54295345367,30.8749851221769,77.8880908714018,98.0688181613381,163.22393418351,34.8921952054185,7.70100718836446,7.31428190252949,-1.48502606198195,1.24711839991991,5166.6576264666,31.6537991337582,649.241072348166,7.35534491836615,1.0000354,1,75,
