4320,117.61806008011,95.4241144480783,79.0198937635334,501.779844792109,11.5776801815236,90.5052311708273,97.6985890278195,73.4306570946397,43.5736275549075,7.45706292979816,7.39281188602337,3.3913941817693,7.22056320745102,5313.81895968694,72.3651288158613,781.818063086746,7.06466713679459,1.0000354,1,0,
4321,118.656277281441,96.7035269882257,80.4775811193278,494.67386886943,11.5714169468482,91.2817794550539,97.8172170910191,74.1312613391238,43.5917829345961,7.45641305871662,7.39233841325624,3.18468633034013,7.18047483848579,5306.21873689647,71.5786921879345,791.307908723606,7.06537122858426,1.0000354,1,150,
4322,117.906331490102,96.2666251707191,80.2720596303057,494.834012858986,11.6521697786742,89.903564325085,97.6830383998578,74.3937302230269,43.6244158460467,7.4560559907771,7.39172978624102,2.81193916410141,7.03303533439449,5249.07187662613,70.5579873584749,792.089223628039,7.06621579005403,1.0000354,1,150,
4323,117.417944457531,96.0778985986565,80.3048212247058,501.730983948818,11.8119819640155,87.197075707782,97.3793768931684,74.8405559196711,43.6092598458359,7.45632114038045,7.39160387138784,2.41167216026412,6.78522412200565,5207.47477469154,69.5809205410086,794.596647868334,7.06699543344086,1.0000354,1,150,
4324,116.486036663492,95.6799879532168,80.3016041238826,506.871366916463,11.9426545688325,84.8430359633329,97.1122506698188,75.7119509276303,43.5434702652942,7.45847723108199,7.39198805659863,1.96463578847094,6.43734662610945,5136.2821149715,67.8397802730118,789.404381602737,7.06898210977196,1.0000354,1,150,
4325,115.368180611224,95.3054931448671,80.4765502349513,511.906486914461,12.0643675421093,82.6633254649725,96.8546592858625,76.9049423313117,43.4597016290269,7.46085712413509,7.39255675613022,1.50047649942759,6.01532429785812,5030.8130679868,65.4159916837817,792.352322350291,7.07169224489048,1.0000354,1,150,
4326,114.153271689475,94.8929237365508,80.6570143800419,522.334132988806,12.2467638525069,79.7597390167691,96.4733016066104,78.3482342825962,43.3554332188912,7.46414862550779,7.39333497869699,1.0276431792749,5.53567290618851,4920.26125819453,62.7998997456346,792.109831719859,7.07510889390812,1.0000354,1,150,
4327,112.788444735205,94.4104388017913,80.8266952857895,525.522637409599,12.3521604572132,78.0393466542514,96.2617807067798,79.931084129713,43.2029094513463,7.46752578230716,7.39460264647476,0.577197673620768,5.05821284018156,4789.70661827903,59.9229532594134,790.024778072015,7.07955541415341,1.0000354,1,150,
4328,110.47684186079,92.8123481216082,79.7559831839522,542.108892382028,12.6130136406332,74.4403399824764,95.7206372519526,81.6474789800239,43.1872116700491,7.4735405477869,7.39450111835421,0.160223759862147,4.57944438438764,4702.60819647042,57.5964898759578,790.096171026,7.08422243771402,1.0000354,1,150,
4329,99.5395818769574,83.0317876231592,70.8303744790475,611.051447579103,13.4974831261277,64.0122204792262,93.4703518379335,85.0375043051876,43.2905303915652,7.48432023829392,7.3932104535643,-0.402205132084313,3.56758406322112,4577.14188370968,53.8249790031815,791.003628813744,7.09221066795827,1.0000354,1,150,
4330,86.4395038787115,71.1411385947215,59.8336512109027,696.416274065784,14.6212095297679,56.0693381126004,91.0749261417195,91.9415089222776,43.3536835288405,7.49821647048423,7.39234536764206,-0.792326390650802,2.44383585068526,4586.18400378895,49.8815394433636,782.697389675199,7.10326072831719,1.0000354,0.999985843934898,150,
4331,47.1118200553059,32.8795275271008,22.3600069627753,664.916604924781,13.0516387190293,53.163841018003,90.2875820765306,69.215171550133,43.8415376328794,7.51576237756943,7.38728022490797,-0.982065930991546,0.875786695682929,3211.9663215824,46.4055242463128,501.560010957894,7.10869420201771,1.0000354,0.837214355881389,150,
4332,42.3997237001911,29.6722804807321,20.2650398402624,577.328344983657,9.74908748296694,49.7215489793537,87.77460384958,72.9023334219393,45.9336196982104,7.47751716753916,7.36657896579158,-1.25455165354714,0.277609557615954,3025.3624980061,41.4988431233896,456.537279181061,7.08412821512641,0.999485242212793,0.539636586101632,150,
4333,41.1505951678648,29.2802885780301,20.5065837072826,651.985090646869,10.1423901532601,46.859004526087,85.0945416925136,78.7974068744268,52.4032456655754,7.44145847556631,7.30764469759504,-1.37084959014638,-0.0312195468734018,3049.7812040754,38.7040808200147,447.748692407332,7.0506418224816,0.9958210187835,0.452538002132392,150,
4334,59.2447452403914,49.0157467475245,41.4551826441011,1758.76108387543,30.9267860207575,50.7472032478461,92.1035893605498,136.098890229712,60.2612320300672,7.64685671516781,7.24254066122058,-1.60334287995741,-0.243551662803978,4539.23346488799,33.352464940945,577.603615459744,7.08271793966788,1.0000354,0.939021088787249,150,
4335,46.2279763003393,33.8519785347645,24.7045019254267,919.016049013178,17.8714294276374,80.3715167046664,97.0936908422838,83.0935623327383,63.0191226861014,7.48942443799166,7.21564418788107,-1.10689857193929,0.185866179624355,3353.06847220259,40.352927207232,444.713631993488,7.145406599477,1.0000354,0.956621307895581,150,
4336,43.2489219323115,31.0519909738216,22.0368680914595,1551.74926053801,27.907507188511,57.3905098944478,94.0223329409053,82.0271889060644,84.4027623068184,7.61940746582372,7.07904196311361,-1.16281278695171,0.0943195983817917,3262.14465735096,39.7690656092908,412.436399431368,7.13338896691239,1.0000354,0.932740851674587,150,
4337,44.9311849871098,32.8963581135106,24.0010512938937,254.57766694046,32.6289407726943,63.8676938162618,93.7997977343787,82.8555252403473,86.8043855702785,7.46651953833768,7.05324646394442,-1.1855936443903,0.054239240798184,3251.29325890471,39.2405123191647,415.783022417485,7.15350549467055,1.0000354,0.939540487846895,150,
4338,48.0848066114964,36.3809537245317,27.7302798515578,0,19.6630923707581,40.9273269230563,55.5770881198025,89.4465370763578,125.413844011821,6.90886858030121,6.87543666148516,-1.23314692102954,0.0411702510049596,3413.40018312398,38.1613452537582,558.54157519864,6.93346628897652,0.991301653600626,0.803411168507088,150,
4339,50.6634113616241,46.421455456835,43.2860967445996,0,0,15.008573500685,12.8428242869691,202,109.470403902499,7.01245819912521,6.91239011479988,0.0839262442934174,4.21665352983559,2793.90954160589,13.8312353544846,728.220125105871,6.68613515148528,0.30944454844889,0,150,
4340,0.000154665463813287,0.000154665463813287,0.000154665463813287,0,0,1.19958230129346,1.68341328852782,0,2.64690998071341,8.53826767658671,8.51647488202427,-0.000491869418934421,4.33260270931045,0,0,0.00262934471862084,6.66044255284457,0,0,150,
4341,3.18562297233768E-13,3.18562297233768E-13,3.18562297233768E-13,0,0,0.201462440370373,3.30625070730764,0,0.016472862413623,10.7428277304346,10.7226516514206,-0.000345694374134897,4.31987764791736,0,0,5.44356705240896E-12,6.65952801243013,0,0,150,
4342,1.59281148616884E-13,1.59281148616884E-13,1.59281148616884E-13,0,0,0.038233000201684,6.9335933379537,0,0.00011085951906718,12.9151154048215,12.8949494010568,-0.00021798650418825,4.3126998319486,0,0,2.73550348628779E-12,6.6580058033739,0,0,150,
4343,1.59281148616884E-13,1.59281148616884E-13,1.59281148616884E-13,0,0,0.00555694114101836,8.07741349800031,0,7.46503053869317E-07,15.0871242360174,15.066958300058,-0.000106621518278338,4.310059261021,0,0,2.74895413937041E-12,6.65633346178049,0,0,150,
4344,1.59281148616884E-13,1.59281148616884E-13,1.59281148616884E-13,0,0,0.000539637183754088,3.9386259480001,0,5.0272636454886E-09,17.2590516703749,17.238885734872,-2.04145203044348E-05,4.30908784926382,0,0,2.76212298947073E-12,6.65466351731164,0,0,150,
4345,1.59281148616884E-13,1.59281148616884E-13,1.59281148616884E-13,0,0,5.52325655489821E-05,2.11428913890781,0,3.38521332067832E-11,19.4310705017843,19.4109045662845,-5.2847292155711E-06,4.30873048684942,0,0,2.77500858405328E-12,6.65297931796171,0,0,150,
4346,1.59281148616884E-13,1.59281148616884E-13,1.59281148616884E-13,0,0,7.50264157370548E-06,2.13548514578734,0,2.27965385918167E-13,21.6030323563429,21.5828664208432,-1.91649369751801E-06,4.3085990205641,0,0,2.78761861265352E-12,6.65134284200794,0,0,150,
4347,1.59281148616884E-13,1.59281148616884E-13,1.59281148616884E-13,0,0,1.20510361620454E-06,3.13992772664472,0,1.53521206789076E-15,23.7749610138092,23.7547950783095,-7.2377707871496E-07,4.30855065682053,0,0,2.79996234089407E-12,6.64974989013449,0,0,150,
4348,1.59281148616884E-13,1.59281148616884E-13,1.59281148616884E-13,0,0,1.80566420622729E-07,3.94258938851676,0,1.03394059464471E-17,25.9468341815876,25.9266682460879,-3.64070964486984E-07,4.30853286479357,0,0,2.81205280465678E-12,6.64820948452571,0,0,150,
4349,7.9640574308442E-14,7.9640574308442E-14,7.9640574308442E-14,0,0,3.44353730815615E-08,8.29944015405854,0,6.9639145714728E-20,28.1186460763236,28.0984801408238,1.05148086726459E-06,4.30852631947263,0,0,1.41194646080405E-12,6.64672287027719,0,0,150,
4350,7.9640574308442E-14,7.9640574308442E-14,7.9640574308442E-14,0,0,4.76137197126499E-09,8.68769199229425,0,4.69405526634434E-22,30.2897841393025,30.2696182038027,-8.65177631759195E-08,4.30852391158363,0,0,1.41775229807365E-12,6.64550524838789,0,0,150,
4351,7.9640574308442E-14,7.9640574308442E-14,7.9640574308442E-14,0,0,6.1646380544715E-10,7.9189745861664,0,3.16393212184852E-24,32.4609538116483,32.4407878761486,-3.21968451899579E-08,4.30852302577076,0,0,1.42344304519131E-12,6.64431084438708,0,0,150,
4352,7.9640574308442E-14,7.9640574308442E-14,7.9640574308442E-14,0,0,7.48039902557924E-11,6.27791801703622,0,2.13245460024527E-26,34.6321761299796,34.6120101944798,-8.38582181472702E-09,4.30852269989842,0,0,1.4290228140814E-12,6.6431309697683,0,0,150,
4353,7.9640574308442E-14,7.9640574308442E-14,7.9640574308442E-14,0,0,1.21652039080034E-11,9.28057622949019,0,1.43750997864892E-28,36.8032415720483,36.7830756365485,0.0555102717107583,4.30852258001669,0,0,0,6.64203354619128,0,0,150,
4354,7.9640574308442E-14,7.9640574308442E-14,7.9640574308442E-14,0,0,1.15144603645921E-12,4.30338402475486,0,9.69351850850152E-31,38.9740280109684,38.9538620754686,0.00316635669403542,4.30852253591466,0,0,1.43985220700738E-12,6.64105491210859,0,0,150,
4355,7.9640574308442E-14,7.9640574308442E-14,7.9640574308442E-14,0,0,2.22804431243728E-13,9.29790289995602,0,6.53255297242647E-33,41.1453526089306,41.1251866734308,0.0165490568459838,4.30852251969043,0,0,0,6.63992647933389,0,0,150,
4356,7.9640574308442E-14,7.9640574308442E-14,7.9640574308442E-14,0,0,1.56644853454849E-14,2.22602934168072,0,4.40277777227188E-35,43.3165925491109,43.2964266136111,0.000277007555582465,4.30852251372187,0,0,1.45028833818414E-12,6.63884538089328,0,0,150,
4357,7.9640574308442E-14,7.9640574308442E-14,7.9640574308442E-14,0,0,3.37856675776927E-15,6.24714413221893,0,2.96689307543936E-37,45.4879698801827,45.4678039446829,1.63749759680698E-05,4.30852251152616,0,0,1.45536647103662E-12,6.63775220161637,0,0,150,
4358,7.9640574308442E-14,7.9640574308442E-14,7.9640574308442E-14,0,0,3.24356815453275E-16,2.94246613551078,0,1.9991082120935E-39,47.6594286542535,47.6392627187537,-1.35589317551421E-11,4.30852251071841,0,0,1.46035562000382E-12,6.63665535555541,0,0,150,
4359,7.9640574308442E-14,7.9640574308442E-14,7.9640574308442E-14,0,0,6.03205432748108E-17,5.9360583186256,0,1.34712445098799E-41,49.8308134134453,49.8106474779455,2.31888277024694E-07,4.30852251042125,0,0,1.46525491241789E-12,6.63560607847074,0,0,150,
4360,7.9640574308442E-14,7.9640574308442E-14,7.9640574308442E-14,0,0,1.02615457368216E-17,9.66637062955706,0,9.07874184744147E-44,52.0021051073309,51.9819391718312,0.140006815818213,4.30852251031193,0,0,0,6.63460204906072,0,0,150,
