4320,115.877475425058,93.1934328765228,76.4269666449966,490.743335594205,11.4374101217024,89.2526511609051,97.5730973022695,71.8733592504898,44.6018178883034,7.46441484966816,7.40365376661253,3.72747742003077,7.70305718384149,5315.97853312577,73.9631288778192,786.494219844768,7.09536985698766,1.0000354,1,0,
4321,115.648614841736,92.8388509101122,75.9794601780421,484.068987761954,11.3714363731012,90.4120969207825,97.719597418225,71.5147567094236,44.6078938909049,7.46405272969731,7.40352863440636,3.70064119235717,7.70103546899867,5318.77082454741,74.3730534686493,785.994228291004,7.09542378784336,1.0000354,1,37.5,
4322,115.461615555308,92.6970934844418,75.8711423885843,484.461423238886,11.3964706738577,90.1466647875328,97.6931193279417,71.5766134681324,44.6158734470962,7.46361496223457,7.40338845733282,3.64371793022922,7.67955000782915,5312.81269839156,74.2255387754122,787.633996487349,7.09532717592917,1.0000354,1,37.5,
4323,115.39605163658,92.7070105548608,75.9368497553289,483.477171816035,11.4021014343921,90.1451000197444,97.6985496539409,71.6360776070651,44.6139320523993,7.46335833163998,7.40334761988057,3.54588051633006,7.64640236235285,5299.59597344688,73.9794269936997,789.763551080689,7.09540390612786,1.0000354,1,37.5,
4324,114.990343582907,92.4130288651,75.7254484215038,483.900843907844,11.4252424672733,89.896134011628,97.6738167546894,71.7141267967934,44.6296291060462,7.46305203800814,7.40313754775393,3.43335138838981,7.59488536986081,5279.24507380677,73.6151342784366,788.396988809652,7.09555401516516,1.0000354,1,37.5,
4325,114.325735439423,91.8309214294611,75.2043197699239,491.842326687662,11.5452513348464,87.8704231554147,97.4340428140222,71.6702307811759,44.6247280634293,7.46380346800159,7.4031300836161,3.26150003808544,7.45304189760801,5256.73436103381,73.3461341443663,784.579307418764,7.09543594566478,1.0000354,1,37.5,
4326,113.630013469805,91.2557939714393,74.7183273856911,494.691357359277,11.5976946103887,86.8368579280311,97.3168926564481,72.0108602651124,44.6039039427403,7.46546049807765,7.40327868817464,3.16846578280963,7.35485733937042,5253.40296924077,72.9529261266987,777.513624767895,7.0962344007496,1.0000354,1,37.5,
4327,113.719793965374,91.3853931329839,74.8773577351306,493.639816402982,11.5998005339671,86.6270469996145,97.2994395223084,72.3694546861699,44.5041559333884,7.46599727923257,7.40419758285418,3.09062685339761,7.28679248337223,5270.16761525879,72.8230941923338,778.281822051315,7.09681660697194,1.0000354,1,37.5,
4328,113.781902551158,91.5650067721508,75.1438229354936,492.008787819827,11.5938848320732,86.6428814903056,97.3088359262741,72.6049584572597,44.4444821845025,7.46610088721828,7.40472812271898,2.99939314952957,7.20938084777853,5259.50025736249,72.4399595994342,779.005623110942,7.09753649585997,1.0000354,1,37.5,
4329,113.545043434951,91.4764780626669,75.1649297440224,491.58695032199,11.6028639622838,86.4889928622283,97.2963047563213,72.7830394881509,44.4199111310164,7.46631473061031,7.40491665970762,2.89525240242745,7.1276994845109,5237.19942414054,71.956316484875,778.073477690048,7.09803476171436,1.0000354,1,37.5,
4330,112.096927827936,90.3739157212236,74.3177763380016,492.537249485516,11.628941092676,85.9310648443455,97.234990289266,72.5663980878506,44.4112998105305,7.46736194269485,7.40494882701225,2.65774426639486,6.89863936443513,5139.84985841684,70.8296125183781,775.641202650508,7.09869216129476,1.0000354,1,37.5,
4331,110.66949246869,89.1815776745715,73.2992058702228,502.042181015995,11.7609304562451,83.7787044148025,96.9642474608514,72.8649362121438,44.3300326524994,7.47055950971422,7.4056904679514,2.49651739356417,6.6557922924664,5105.14032420884,70.0630589910268,778.785535186786,7.10014027001325,1.0000354,1,37.5,
4332,108.948868875278,87.7329302645441,72.051584334871,500.618848724878,11.7572276832603,83.429245965398,96.9312663777616,73.022909871771,44.1542110066881,7.47202447418343,7.40736032820986,2.30979232418136,6.29986068334361,5051.45172372884,69.1762589658402,769.355559056474,7.10228711527766,1.0000354,1,37.5,
4333,108.199326128196,87.1594597017679,71.6082540822338,498.324832918218,11.7426740988277,83.4709386853835,96.9490566835759,73.9599434925636,44.0381753854223,7.4726909890675,7.40844487800066,2.23006797079218,6.15573246066567,5073.81199349349,68.6021615741722,770.910091488406,7.10340602550558,1.0000354,1,37.5,
4334,108.052167421884,87.2188795827763,71.8203624843052,486.453885437151,11.606446256464,84.8640759569296,97.1554855252706,74.402220829227,43.9949092975348,7.4733654588946,7.4088127248228,2.07941593078168,5.96161620356719,5054.03837222158,67.9285956238046,767.621506435638,7.10483463967023,1.0000354,1,37.5,
4335,106.892561985798,86.3377296457058,71.1450274812902,481.776343215722,11.5588265577636,85.6170049056647,97.2563135625018,74.7429389706126,43.9938804247149,7.47234043062338,7.40876197192836,1.93270149990998,5.73851778197669,5009.32179328135,67.0206692735339,761.37162120845,7.10454856422225,1.0000354,1,37.5,
4336,105.767471622988,85.6710277807518,70.8171345060556,486.037792863156,11.6270853532959,84.8349220155292,97.1608728163408,75.2538197479574,44.0028495273079,7.47289861105331,7.40860993287219,1.8072297718445,5.53557804235225,4931.08608513668,65.5260570380619,758.153082236225,7.10404220444605,1.0000354,1,37.5,
4337,105.042630821584,85.1915915878847,70.5190843281937,482.820541407622,11.5982659509439,85.0375769923881,97.1996567124207,75.6953989380447,43.9766024044856,7.47371078977182,7.40880315054951,1.67618645395322,5.33111662478075,4899.45250047092,64.7258957506919,754.15833946501,7.10425536931202,1.0000354,1,37.5,
4338,104.115269153366,84.5083288689546,70.0162425717805,486.08462557721,11.6529282677628,84.5129881296352,97.1342439133099,76.0891226803465,43.9957977819436,7.47367587248571,7.40854558035295,1.54911125924953,5.14200091516849,4864.37697908473,63.9299916693767,760.568716733496,7.10384452448898,1.0000354,1,37.5,
4339,103.3305653787,83.9537758973796,69.6318010633604,481.61202338019,11.6076054386033,85.0509830049356,97.2125718634091,76.6153482974549,43.9653461440505,7.47360321193789,7.4087763933799,1.43431009800286,4.96057119827606,4840.52450268122,63.1795666305418,754.790520115388,7.1043713579079,1.0000354,1,37.5,
4340,102.682502039177,83.4988359922487,69.3196045662582,488.042665574655,11.7023819881608,83.9346524417993,97.0716647400101,77.0590924997303,43.9792771133397,7.47443148788763,7.4085680654737,1.31079792287718,4.79031928046066,4820.03639377919,62.5498722788107,753.118743860593,7.10406383394405,1.0000354,1,37.5,
4341,101.93547480756,82.9144613894509,68.8554514717182,479.270426129703,11.6015866785859,85.2344166626952,97.2480077848541,77.6164254793822,43.9543584068233,7.47352327654213,7.40874334534724,1.20896338959839,4.64791625727267,4813.73426091466,62.0195304174806,756.783688109273,7.10477802077564,1.0000354,1,37.5,
4342,100.817855265978,82.2321447604968,68.4948804738367,484.188032033478,11.6771697460976,84.3535858036972,97.1413947844679,77.9757270948233,44.0224736002399,7.4744663188947,7.40800120456135,1.0994905511817,4.50604980304516,4725.34392199893,60.6001905727999,751.267565371337,7.10493066929908,1.0000354,1,37.5,
4343,100.114245309128,81.7484235944886,68.1736858054072,490.223893934189,11.7649434308829,83.1056771465296,96.9877116229993,78.5112287040928,44.0162759195557,7.476517530466,7.4079937735581,1.01160830212153,4.36294113742204,4701.50562398795,59.8832256428928,754.300277106818,7.10602392198824,1.0000354,1,37.5,
4344,99.3885801672006,81.22934782673,67.8073065315995,491.071818188181,11.7861425984651,82.9201198538425,96.9684739787443,79.1494159464641,44.0403521352059,7.47672369630983,7.40768995402342,0.90945115038106,4.23122014672104,4686.40719925817,59.2096245211463,748.392982956502,7.10665496031461,1.0000354,1,37.5,
4345,97.9238909967157,80.0295771907155,66.8033452471501,495.806321752996,11.8532148956762,82.2099413118033,96.8760615222975,79.7126077015505,44.1415484000974,7.47737596538089,7.40663029833252,0.811585757545477,4.07651637056212,4650.8987777616,58.3458365228107,746.908978563734,7.10718710766277,1.0000354,1,37.5,
4346,96.5435507744659,78.9228531576857,65.8988592670221,505.916501312893,11.9779510942922,80.6334533921434,96.656308517848,80.5165030737555,44.2409772516406,7.47889796761417,7.4055943994305,0.716191341443452,3.9221601388747,4625.97013726293,57.4536891278725,744.741159741409,7.10805705335349,1.0000354,1,37.5,
4347,95.4684823394956,78.0458105564121,65.1681835863068,512.369309983898,12.0548463917007,79.7970045283009,96.5276828467668,80.9883666972839,44.3529959970126,7.47857749757514,7.40444238415934,0.611279923503211,3.74008146598689,4600.78795432904,56.8080101124368,745.386438799793,7.10856608395915,1.0000354,1,37.5,
4348,94.2919817781343,77.155879057149,64.4900640025078,525.487796230998,12.2036521535011,77.9865172684376,96.244849326,81.9395795461169,44.5392376984491,7.47977008586452,7.40257427922389,0.524966351169851,3.57989244166871,4578.26165511152,55.8736288430038,748.087770721189,7.10841287022613,1.0000354,1,37.5,
4349,95.2634668588683,78.292177322323,65.7481807083548,533.329427396274,12.2944206523018,77.2688331624287,96.1187893348816,85.1403058654119,44.6203008746709,7.47903598259408,7.40174224915561,0.437113293222215,3.47805538549025,4711.34459638467,55.3362423178543,758.465548218199,7.10898095169036,1.0000354,1,37.5,
4350,98.2298571846742,82.1571273185286,70.277283504421,534.51457881107,12.310397488777,77.7306756447606,96.1889700432127,87.3366705752813,44.9775091468442,7.47764425850094,7.3982441863718,0.291887236856919,3.388068065494,4577.00196779511,52.4064168881946,770.608965028222,7.11007064006334,1.0000354,1,37.5,
4351,100.671562865779,84.908435370464,73.2574280913178,538.644916668259,12.3572532563273,77.8023479508672,96.1942366829598,89.2655259314183,45.3749038403156,7.47666169073244,7.39439476176318,0.182518714357267,3.33331685462036,4587.97431617646,51.3969336796531,781.326593018671,7.10894365370594,1.0000354,1,37.5,
4352,102.360587145809,87.027931959532,75.695099865327,536.509509203344,12.333678518006,79.0288435531008,96.3789066666046,90.9715605500352,45.8560902696536,7.47408461671443,7.38978970428742,0.0898117292256986,3.30586935762896,4547.97255745849,49.9933444030243,782.945992402027,7.10853328008416,1.0000354,1,37.5,
4353,105.496322561074,90.713622627389,79.7872791981433,554.819213495265,12.5342595125557,77.2456388514339,96.0634572510113,92.899906471271,46.186772913135,7.47279594223471,7.3866504954219,0.0209709381661241,3.29264850786885,4477.7914209917,48.2001714649351,798.62236515949,7.10771433397519,1.0000354,1,37.5,
4354,107.31813390013,92.647534674251,81.8040482899058,541.13475284599,12.3807594644526,80.2893702804886,96.5400749544452,92.597349720625,46.8226333699532,7.46898321215412,7.38069761698223,-0.0567207627082817,3.3207401783392,4429.36257147926,47.8346581715683,789.435309061204,7.10631742406534,1.0000354,1,37.5,
4355,107.623229375457,92.9986368243581,82.1891553735459,554.972028147546,12.5301197072008,78.9081223056868,96.3102659290705,91.3561268944827,47.3874249639504,7.46855895063871,7.37547679436598,-0.105037750563828,3.32275448051988,4356.28491268058,47.6846497412498,803.403357775867,7.1041145020982,1.0000354,1,37.5,
4356,106.446658547234,91.9169634260839,81.1776235539293,558.503034773745,12.5658452084335,78.8595604261722,96.3014447641764,90.0404482116412,47.9184422677391,7.46863072024844,7.37062285260976,-0.149018530532412,3.31725252113655,4265.68686288876,47.3752291066145,798.735378338297,7.10334644181517,1.0000354,1,37.5,
4357,104.354040315888,89.791845305326,79.0284837757805,588.365827673309,12.8945071434384,75.2749689961889,95.6546453280438,89.2880363101902,48.343225988954,7.46859885429248,7.36677435304173,-0.225668792951171,3.2715875360569,4239.50289416462,47.4811975866108,788.201953923852,7.10147171601642,1.0000354,1,37.5,
4358,103.203823463118,88.6691109999247,77.9260626575645,621.766493563466,13.2672347475188,70.4115117182571,94.7034201085713,89.9396792090906,48.3591668771269,7.47585484849001,7.36661462772797,-0.313905769885418,3.13108922016409,4262.38427142124,47.3915885502783,799.257880548663,7.10490469507503,1.0000354,1,37.5,
4359,102.67854383714,88.3437975966166,77.7485503753599,627.805589759447,13.333232674554,69.4785393605827,94.5160841045249,91.0357428636378,48.3625513563159,7.47860565636844,7.36656653438333,-0.359466768583923,3.05371474830485,4254.9726360479,46.7395827419282,796.244265507484,7.10872022198019,1.0000354,1,37.5,
4360,103.141217666687,88.9423939655762,78.4476112299725,625.868802333474,13.3088614545698,69.8359499868092,94.5955596701012,91.9335661661817,48.3472030312335,7.47821690122048,7.36668521355551,-0.424969902127623,2.9987626265134,4256.19282792527,46.2963964677674,796.655006475885,7.11058237424386,1.0000354,1,37.5,
