4320,116.129752073549,94.494840709156,78.5038192659091,493.535671472402,11.488482944673,89.4493425651813,97.6029085296192,72.6242214143162,44.5831956904272,7.46384293965661,7.39982458176262,3.03545819490662,6.88466150495105,5123.08346521248,70.5423530255235,770.968218844704,7.08361980147293,1.0000354,1,0,
4321,115.967925426673,94.2687355742948,78.2302039442758,489.01701058424,11.5155532691952,89.1765187548616,97.5989828364786,72.3929923725,44.5825062858185,7.463122669982,7.39954893979289,2.88810454211965,6.84299126769274,5121.94451950206,70.7519381592484,778.129126260951,7.08403618201772,1.0000354,1,150,
4322,115.294055227179,93.7757882296269,77.8709821879579,485.581158211592,11.5523471139704,89.0169123481782,97.6049862233041,72.7072378214077,44.575087930134,7.46195668927074,7.39934666958043,2.6156450305697,6.75155566529015,5101.28702096209,70.1620247697002,781.048262700321,7.08445702971467,1.0000354,1,150,
4323,113.889781538263,92.6342731267283,76.9236799529851,491.313649657778,11.7041528863973,86.4252048581022,97.3240896324733,72.8454639904192,44.6074530236637,7.46417527931351,7.39876382730429,2.08575944246749,6.45723803397011,5048.57523891905,69.3052794554656,773.631701321959,7.0855221723339,1.0000354,1,150,
4324,109.268786979276,89.0106124369124,74.0371790795133,524.959656455476,12.1603212280127,79.1766950971791,96.3485072239503,73.6460207597958,44.4179729072069,7.47143818415115,7.40034594525169,1.45750464919997,5.68810106024668,4864.56954310432,66.053392877405,765.904587609515,7.08935323846334,1.0000354,1,150,
4325,103.662820039887,84.6618620465418,70.6176757036348,515.724194922292,12.1315285065935,78.6018058352257,96.3530223089551,75.1927793020555,44.045346439136,7.47773091505244,7.40373305473714,0.916101437220097,4.75434947588523,4658.50383348482,61.9541381064161,753.005222458438,7.09541805835485,1.0000354,1,150,
4326,102.233636758911,84.591025595734,71.5508347359944,513.911284084771,12.1838022625882,77.6151081285111,96.266104607533,78.4830903660819,43.7433588243802,7.48126725315321,7.40644416082007,0.495308878202883,4.07446374955349,4514.75076036323,57.5251399926317,752.849930189769,7.09964159347014,1.0000354,1,150,
4327,105.21511318516,88.8506794000925,76.7552283415642,508.088866585472,12.1897390230297,77.8303096178165,96.3574082001103,83.2806693417145,43.6585176738998,7.48231152556775,7.40701461517485,0.106978920068183,3.72655642600503,4443.6517095537,53.3575407676019,768.179119780029,7.10498432395553,1.0000354,1,150,
4328,104.561412742759,88.9062628300316,77.3350650684504,529.863751832429,12.5058891502494,74.6714297319108,95.8629558901833,87.0166629777221,44.026613685838,7.48337024814953,7.40310996488572,-0.211598895213063,3.43517860648222,4441.75374176475,51.0448641647166,762.212063192245,7.10820381426806,1.0000354,1,150,
4329,98.8374357241931,83.4581803406929,72.0909046224537,571.697223133992,13.0595598943325,69.404971190517,94.8348794541305,89.884877209968,44.7285330067124,7.4833726936685,7.3960013466348,-0.629242699951498,3.01872169328117,4507.30305998351,50.1452880605778,751.878694124129,7.10926690725497,1.0000354,1,150,
4330,79.3599342847067,65.1010417358752,54.561860286739,690.41567299248,14.575742772661,56.2564697656204,91.2505756940408,86.577443038803,45.8171147298,7.50379608683362,7.38534749510338,-0.995841420571036,1.84109361578846,4025.18062254342,46.4922557338565,732.835792070094,7.11676614656117,1.0000354,0.9999956943195,150,
4331,50.6115565922346,37.5478983268071,27.8921509132303,791.631745381283,14.7242970381269,49.1332547760381,89.2073852624012,70.978558833587,46.0791795499279,7.55469982876173,7.38252845583436,-1.14134239425993,0.648449519413621,3023.33874610914,42.5950990805198,558.859461976035,7.12934452804159,1.0000354,0.835723092497707,150,
4332,49.0688987863593,36.8128025913325,27.7539488819649,838.488796760871,15.1113869442212,47.0456669649909,88.1000438177698,74.4470351095521,48.797827141352,7.55063118392311,7.35611515459494,-1.34173756504518,0.309761245881318,2975.05082232458,39.9619785790886,552.189971667608,7.14213891864444,1.0000354,0.786233721054793,150,
4333,69.0645047247603,59.0289142166369,51.6113038410675,1822.57173470369,31.9339898267307,45.8303919292078,91.034937424765,129.527872750671,52.6111020672087,7.70448437899276,7.31925320930572,-1.70108378714718,-0.0081374077610743,4238.3906890848,32.7218427901099,631.457263410738,7.18572400380907,1.0000354,0.94322967951327,150,
4334,55.9260970175318,44.1567136339583,35.4576041765345,840.091091610678,16.8376125884557,76.6965605814131,96.462842524425,81.1614614999755,61.3225379134512,7.4805842828113,7.24474836908175,-1.24282465581449,0.29758963455916,3114.57211267899,38.3750126613964,488.61716850453,7.20800495392873,1.0000354,0.974821319380188,150,
4335,53.8013845243003,42.0580780402353,33.3782428128829,1244.89472467032,25.5258750136442,58.1698331142295,93.9243445184382,79.8729098297973,79.3029415237926,7.59988855550821,7.12220127969777,-1.27549423876723,0.245708836426615,3058.33266721038,38.2899868519558,454.686496132537,7.17902439281089,1.0000354,0.982599296195928,150,
4336,54.6700695206137,43.1398866593726,34.6175775880205,0,15.4373891860542,60.8965163720863,82.6047380948642,79.9530335145873,102.592289656241,7.03834411415935,6.99546307695134,-1.29406401170753,0.195072376917683,3005.84071453978,37.5950802916236,548.399501562528,7.02999626643249,1.0000354,1,150,
4337,82.3972269239538,73.5377064518071,66.9893652332639,0,8.54242380779974,24.6440122319613,23.4746125778047,151.70695321607,141.655070304197,6.83398219926484,6.83569037300182,-1.83189575047333,0.064548839015119,4382.38495629592,28.8871726930952,1125.22048110179,6.74521517334959,0.780342908838231,0.300478030474955,150,
4337.90010602445,3.62172433999631,3.62172433999631,3.62172433999631,0,0,6.72182618186378,11.3903216406768,0,17.6868368608442,7.74254955293089,7.72313229575252,2.10243233189825,5.68936248318491,0,0,5.93043470087755,6.60160150185621,0.00278065813690886,0,150,
