4320,122.769004517845,100.690783915849,84.3720991230685,500.543885770756,11.5509914460865,90.3712740913819,97.6892383287453,74.4189821778321,44.0457176215103,7.46014129511348,7.39672688078248,3.46143583781381,7.72746922841371,5357.25866613032,71.9877981309739,793.229810962695,7.05549201677433,1.0000354,1,0,
4321,125.826109108267,104.143049827569,88.1164407940097,493.336043934111,11.4795910132058,93.161736229698,98.0131584611484,75.3815153383736,44.0580292842184,7.45968743104673,7.396538019452,3.37632094624868,7.76497408671617,5329.42361966112,70.6993431445141,805.189776311564,7.0574829812006,1.0000354,1,37.5,
4322,125.175147547182,103.366162096711,87.2464771985372,492.925876435748,11.4930553566129,92.8702291224064,97.9851251978722,74.451564173962,44.148463000556,7.45918819570354,7.39558259818644,3.30229547408069,7.75541676208541,5294.24592320602,71.1099354586506,802.444162501678,7.05717342835308,1.0000354,1,37.5,
4323,123.870617986075,101.956132654074,85.7584695825956,496.187802421955,11.5524005040699,90.9638874918238,97.7763217643895,73.9972008434048,44.1607123900723,7.45934992964255,7.39539853711042,3.21884715718439,7.70149958039299,5287.39053042359,71.45392623179,795.398845124411,7.05651767649787,1.0000354,1,37.5,
4324,123.00707811827,101.339155019723,85.3237335990569,500.803462087384,11.6271689356044,89.0399619959089,97.5583312868731,74.1288244742363,44.0973494949298,7.46062699888826,7.39596016848048,3.10912777203597,7.60259503279681,5237.20073866196,70.6499904161055,791.727508434973,7.05653314948497,1.0000354,1,37.5,
4325,123.094388772583,101.441853716471,85.4378060663007,505.725427883479,11.703550759829,87.559730633198,97.3817188978997,74.4406709627527,43.9983728464529,7.46140393995609,7.39687523907398,2.98719893635834,7.48346457179498,5255.49770840707,70.599816477161,799.036493697814,7.05740636991228,1.0000354,1,37.5,
4326,122.750695865627,101.403379343677,85.6249280013664,503.026867430821,11.6852883535115,87.4651729048083,97.3858033359683,74.7455756293636,43.9489444261361,7.46302328818052,7.39730440464492,2.86002303996766,7.34476416436199,5202.6379203656,69.6046271175114,793.462826157089,7.05897937321468,1.0000354,1,37.5,
4327,122.201815112339,101.135228687505,85.5642735039321,503.190070406326,11.7014737593156,87.1660405414215,97.3552929155854,75.0749347086789,43.9007050588351,7.46336332504008,7.39772277767831,2.73428643565663,7.2089771677552,5156.84353091736,68.6892842588275,799.224776152895,7.05963629090746,1.0000354,1,37.5,
4328,121.847476912549,100.777764095286,85.204498099918,502.155677484495,11.7024419854933,87.0839728599263,97.3538421059052,75.4458698858131,43.8715893612113,7.46387184912294,7.39795268041066,2.60659425311124,7.08264406060569,5183.09188675166,68.6994781105479,793.15730863031,7.06064620617494,1.0000354,1,37.5,
4329,122.165864473815,101.425244203755,86.0952205258845,506.790934893573,11.7718947624178,85.8306158758229,97.2026547876814,75.762297599396,43.8185952488269,7.46536258284681,7.39842068515581,2.47914944322457,6.93325366701204,5123.53489928656,67.6264456283782,795.604116451543,7.06174024552921,1.0000354,1,37.5,
4330,121.323418897313,100.876142608859,85.7629383956534,498.454082987126,11.6828157742368,86.9962347816702,97.3649662885332,76.0730991435763,43.7742087928911,7.46564101314946,7.39880387984508,2.35873494848458,6.79891963428739,5071.79155674932,66.6699741938617,788.327738168244,7.06270595311715,1.0000354,1,37.5,
4331,120.751644852701,100.56248042876,85.640054550195,499.346153134879,11.7063899083429,86.812837455973,97.3447726108808,76.4114101030288,43.7738102984647,7.46531650834836,7.39875063674826,2.23606218761297,6.67170115592128,5030.03933184757,65.8283798854823,787.529599474101,7.06251853260877,1.0000354,1,37.5,
4332,120.678144003481,100.497875234311,85.5820244049243,504.592982932378,11.7825195922761,85.7775363516293,97.2132161546678,76.5707657680343,43.7568989431731,7.46533541134109,7.39886131495947,2.13123772729032,6.55983362726527,5038.30852269362,65.799374894027,798.192846993814,7.06246208423191,1.0000354,1,37.5,
4333,119.973995126744,100.051386631545,85.3259803524848,501.354820200007,11.7552736705891,85.9747416648451,97.2529325276874,76.8782373190888,43.7549535338822,7.46651142725718,7.39882381338566,2.01856897347103,6.44129220963323,4993.95287071151,64.9592530326071,791.013915670029,7.0636654864918,1.0000354,1,37.5,
4334,119.711459887154,99.7736411445043,85.0369925086329,503.005594737864,11.7869854413237,85.56229603714,97.2040368101244,77.273703517516,43.7281289447017,7.46664296878729,7.39903278096486,1.90295490605886,6.32511689122401,5023.47438893981,65.0088472568306,788.862189233154,7.06393223372691,1.0000354,1,37.5,
4335,120.766259000163,101.218720271906,86.7705394727603,510.431701528363,11.8857358714175,83.6463210335881,96.9664591192665,77.7187090696124,43.6313318031713,7.47010885022019,7.39993874438844,1.76912549469394,6.15425621051983,4953.50359110674,63.7363081606245,794.232134405686,7.06599602496843,1.0000354,1,37.5,
4336,119.748754392765,100.494683920158,86.2634144404044,500.449230598566,11.7788281573413,85.1788248087924,97.1787538104772,77.8320863061018,43.5824983716979,7.4690315667191,7.40036792147519,1.66075325982286,6.03193756210466,4886.25413236588,62.7794315206839,795.46953858173,7.06698534839627,1.0000354,1,37.5,
4337,118.576697362415,99.5229233440897,85.4396990696754,494.217588405972,11.7134329673748,86.1117050520963,97.3067330754165,77.9296821292203,43.5973859451365,7.46873872635012,7.40016129320349,1.57410408816309,5.94613401467326,4841.48662675675,62.1263489658377,788.354077090504,7.06712416923864,1.0000354,1,37.5,
4338,118.792514969727,99.7430849007222,85.6630713714579,510.462628272657,11.9182316394297,83.3615817095456,96.9386180039824,78.5785621606909,43.5434139361028,7.46943958178697,7.40064036716146,1.44560694335103,5.81363554955798,4880.68620353889,62.1121851728214,793.503253105101,7.06656363001264,1.0000354,1,37.5,
4339,118.749015846085,100.013837344787,86.1660967133929,506.728374652889,11.8860764432929,83.4957285264465,96.9778127126153,79.0011691715,43.5060476888712,7.47144742028905,7.40095473195956,1.32742858936301,5.67618194720428,4825.98730990892,61.0875428872756,790.423009291384,7.06831291380174,1.0000354,1,37.5,
4340,118.039367235334,99.5356817789353,85.8590447024664,503.279200958212,11.8563612678262,83.8548190180856,97.0353022748274,79.1740410772898,43.4788238014915,7.47158389263571,7.40116734172385,1.23385084063846,5.57879897149192,4776.78694290356,60.3327413620388,794.919546683137,7.06915047554871,1.0000354,1,37.5,
4341,117.451325511648,98.9195995451318,85.2222368742288,498.058339823812,11.8046638361641,84.5590978439138,97.1374170834812,79.5427016415671,43.4527701874565,7.47142593677828,7.40136709435262,1.13340289119008,5.48262264825053,4806.30170082649,60.4241696803875,788.413152408053,7.06988595786135,1.0000354,1,37.5,
4342,117.802751744541,99.6362983814811,86.208919808785,511.885092124771,11.9747974661838,82.1038306612717,96.8052445441573,80.1068122190576,43.4043068035097,7.47320799668147,7.40179132206616,1.00638999491401,5.32763834956963,4744.98036551929,59.2331692408857,793.865590050321,7.07037399944465,1.0000354,1,37.5,
4343,117.233674149627,99.3229829329785,86.0846459467602,508.880333894922,11.9514991637493,82.225953746472,96.8387571874141,80.3718793405925,43.3598903794702,7.47450377388249,7.40217524059544,0.907342050670457,5.2214764208026,4693.65637956843,58.3992363756742,786.982326408144,7.0719808157381,1.0000354,1,37.5,
4344,116.503996169543,98.8345589530128,85.7745401407945,504.404359104304,11.9107536700839,82.8037672679732,96.9272259875649,80.7255128852508,43.3268016431819,7.47429009253631,7.40244518919874,0.805380092440391,5.1181341311204,4650.80736803558,57.6126084778995,791.936808401401,7.07271449312501,1.0000354,1,37.5,
4345,116.676253093479,99.2122774108839,86.3041214715744,512.810053084355,12.0136702820712,81.3439596910092,96.7231259797799,81.475069300777,43.267985996683,7.47508948000219,7.40297357914559,0.664377954812278,4.94062776190049,4639.40918773752,56.9426847691344,794.297881661023,7.07317487767309,1.0000354,1,37.5,
4346,116.093129685431,98.8974369385842,86.1875770822192,513.095034663523,12.0261873100539,80.9518192971194,96.6848358434165,81.6800701871373,43.298527545442,7.47711900431427,7.40260627970983,0.58860323641441,4.84394594972679,4579.63220217306,56.0679268722549,787.483362022106,7.07482677132182,1.0000354,1,37.5,
4347,115.131104026212,98.0117392181792,85.3582956644156,506.54523919116,11.9643305247878,81.9211992088642,96.8320954983202,82.1895666992185,43.2849116769785,7.47656388066291,7.40268178249493,0.486083998006065,4.72667478606221,4587.74382431242,55.8190535436421,786.645000084073,7.07610397132374,1.0000354,1,37.5,
4348,114.937080098106,98.2039434441287,85.8359728737978,521.44173152297,12.1353829874471,79.3452886627004,96.4605022387043,82.7522812591597,43.2662861124729,7.4790915613899,7.40280874940154,0.390389656716389,4.59313959461896,4514.94177987547,54.5597258610405,787.979299702939,7.07658723360741,1.0000354,1,37.5,
4349,114.291659551686,97.7160482700746,85.4645094967097,518.719694391873,12.1151651324005,79.5490265062239,96.5062789444505,83.137139121707,43.2836458343357,7.47994334314615,7.40257523616657,0.334840165931069,4.53394597605824,4493.23828666628,54.0461018280711,791.05863946426,7.07839369111254,1.0000354,1,37.5,
4350,113.082839804193,96.6744101588249,84.5464404209445,527.888125956213,12.2237488344295,78.2875419231922,96.3056424922582,83.9372231112698,43.3046746111608,7.47986158378537,7.40230670255401,0.211949384753981,4.39366490080628,4490.72476739969,53.5009927770263,793.610806228312,7.07854335520442,1.0000354,1,37.5,
4351,111.813436226379,95.3923338179105,83.2549972551293,544.370060783397,12.4127655837821,75.9128116740709,95.9195755882112,85.0101947663478,43.399056208604,7.48236455222515,7.40130621944801,0.110299181099206,4.23702697547308,4551.64248453166,53.542313331265,791.902216568224,7.07955994598856,1.0000354,1,37.5,
4352,109.624132734372,93.71436145948,81.954965299777,569.745292352699,12.7014840182602,72.2496147322434,95.2653384663391,86.7661872822619,43.4069576664968,7.48770746720951,7.40117561166239,-0.000592432033516666,3.98692052291132,4501.00268200797,51.8750774119602,791.296434093072,7.08331259037796,1.0000354,1,37.5,
4353,108.533810546762,92.8963182616052,81.3381717899673,577.254888141076,12.7924025819079,71.0970688771716,95.0528771130795,88.7973624158971,43.3298746902338,7.49015302517169,7.40189980625163,-0.0946410148404935,3.78523883317891,4527.53687428707,50.9872900625314,786.030185842486,7.08685991139652,1.0000354,1,37.5,
4354,107.744787445865,92.4137736464083,81.0821547511574,584.490074465496,12.8794510682467,70.3087852088073,94.8839771937834,90.8379093512825,43.3345437347273,7.49013802641022,7.40180932915131,-0.193182442012826,3.5872795068538,4540.80473413468,49.9879925304619,789.29399128432,7.08888860329409,1.0000354,1,37.5,
4355,107.123400354756,91.8357658963907,80.5362099923813,583.028855521247,12.8680518046768,70.6475085429293,94.9638106064272,92.8042774056894,43.4418615911284,7.4901250466072,7.40069543945558,-0.259826917452686,3.4786858682099,4625.97312176202,49.8465507310596,782.399699613082,7.0897352637267,1.0000354,1,37.5,
4356,106.768874823448,91.9210539314491,80.9465776199715,595.027621312721,13.0065915792314,69.349906970572,94.6791923133464,94.5746266608858,43.5938112881823,7.49066762078534,7.39914313779888,-0.364517611970951,3.31924603757033,4578.59444804439,48.412503540318,785.298532054435,7.0893565141019,1.0000354,1,37.5,
4357,105.383838998161,90.8505315171368,80.1085216398581,601.420232790784,13.0815177969898,68.9523590380114,94.5737479438842,96.3250549381281,43.7973865148269,7.48943601487792,7.39708708777076,-0.469398361119812,3.12213012415302,4564.55610020579,47.3870074939248,788.394590824521,7.08953380051401,1.0000354,1,37.5,
4358,104.435236141333,90.1319181388326,79.5599004848104,618.304104982615,13.2749076553458,67.0992694890805,94.1306892845471,98.289426443083,44.0296927590348,7.49039827713916,7.39476064136105,-0.544186469860743,2.96304404500496,4583.93464215619,46.6371084667041,796.847870008956,7.08921910971266,1.0000354,1,37.5,
4359,102.684906739763,88.8503957951658,78.6248877056811,620.959279421469,13.3065663553397,66.9957602273344,94.1192969983749,100.336026531158,44.2889940491393,7.4913899655216,7.39218435658758,-0.653610015172997,2.73731669090063,4526.0102299849,45.1085256857309,782.655269675513,7.09005911710051,1.0000354,1,37.5,
4360,101.632944448696,88.1156403754414,78.1245895386883,627.619742929046,13.3833634646998,66.4808654116804,93.9885188099809,102.574491895433,44.5075700968889,7.49150014815523,7.39002297129763,-0.731235200469015,2.55933631972705,4520.89353243237,44.0742473971119,787.892193924681,7.09012084733592,1.0000354,1,37.5,
