4320,114.009177689386,91.263660486479,74.4517564669394,499.814912823946,11.5415310355056,92.2432783061111,97.8815369165886,71.9343525564047,43.2144567784443,7.45297316985953,7.38882668610494,3.71701882090406,7.42284697445747,5334.90852707318,74.1635718885495,767.417644955522,7.0928667102534,1.0000354,1,0,
4321,114.144364620668,91.2096215031078,74.2578548509979,501.076761836096,11.5783780056441,91.5876787652703,97.8091306398574,71.7970485206288,43.2139066030946,7.4520958419126,7.38876491416441,3.68786764982938,7.41925897729392,5369.02335590045,74.7805580665035,771.200234202833,7.092500845754,1.0000354,1,37.5,
4322,114.253506112662,91.3758790461686,74.4663286057165,501.384730552972,11.6014900643322,90.7920489589821,97.7259459367621,71.8185519979408,43.218800016212,7.45272515072379,7.38865130999822,3.62298392674669,7.39491099207076,5357.25652577579,74.5943266292725,773.410942986562,7.09298733665758,1.0000354,1,37.5,
4323,113.994447491292,91.2164604433682,74.3805569731637,500.356339674812,11.6065019399224,90.6384630328836,97.714750843904,71.8387544289531,43.2059236804652,7.4527866648876,7.38871854906978,3.52284858591819,7.35442340586943,5335.42423460896,74.2694424064044,772.05083142194,7.09350909858128,1.0000354,1,37.5,
4324,113.473469437945,90.8364034240001,74.1046589789107,500.339593121231,11.6230919200254,90.2045461314064,97.6704898835214,71.8996210694354,43.1973956117795,7.45302850028843,7.38874402793139,3.40966869663364,7.29444125523274,5306.90802158072,73.8099581422786,769.329102303846,7.09377971450527,1.0000354,1,37.5,
4325,112.811901818666,90.3367856104874,73.7247431957468,501.713120538754,11.6561067157701,89.4406294288401,97.5859967278983,72.0072763524712,43.1866059339002,7.45345180057289,7.3887937769265,3.28785217645778,7.22037101730843,5276.83059318218,73.2819078915361,765.701400447234,7.09393767055414,1.0000354,1,37.5,
4326,112.53438814399,90.1428836550943,73.5926412067803,506.867622629509,11.7343726081434,87.7427481156855,97.384806923886,72.1241983735123,43.1476588878552,7.4547274758449,7.38912832906478,3.13883012460403,7.08297509484609,5265.73617003517,73.0092852161115,764.411801548408,7.09415890998498,1.0000354,1,37.5,
4327,111.619991216867,89.428790601542,73.0265988423887,506.246254627022,11.7413952853405,87.4214556339998,97.3543348795632,72.3623009265532,43.1030362232021,7.45554259262474,7.38952106903488,3.03013351609662,6.9797503991095,5235.85956034764,72.3561784700845,763.295992008639,7.09554339578583,1.0000354,1,37.5,
4328,111.5350239908,89.4599926340008,73.1436651094101,508.581337857754,11.7834148130032,86.4306948034982,97.2367376608953,72.5684691698788,43.0054758586775,7.45676711030557,7.39044921085434,2.87945926174028,6.81934371395014,5223.28968513549,71.9773993427924,762.782374791615,7.09609951582558,1.0000354,1,37.5,
4329,110.489305363179,88.4745274373168,72.2027350573315,507.985394987842,11.789864924333,86.1549931543399,97.2116222858725,72.8738476693963,42.9630424960144,7.45765778665201,7.39082209680037,2.74093439690738,6.66470649553756,5230.95315802376,71.7809382284137,759.830375330126,7.0975147686995,1.0000354,1,37.5,
4330,109.740879975115,88.1974510835591,72.2740471202349,512.008118928131,11.850299008171,84.9690685074103,97.0647501591911,73.182509227972,42.890714084483,7.45924539141228,7.39149782159411,2.5852673697372,6.45798347652259,5140.63709100702,70.2440671307586,765.279415746568,7.09848950378663,1.0000354,1,37.5,
4331,108.691180029043,87.4940802374938,71.8266586524359,505.634716053558,11.7880675875779,85.5063897789456,97.1545942527754,73.4737810866743,42.798455073995,7.46053934320897,7.39237585646876,2.42439502670758,6.20663778074422,5078.12814599785,69.1148334942416,754.639619581187,7.09982485009056,1.0000354,1,37.5,
4332,107.217182812523,86.3272437222069,70.8868539597991,501.728240085021,11.753755974385,85.9237547838768,97.2195512255768,73.8980670356742,42.7578755254074,7.46083253911465,7.39272902303379,2.27659001407768,5.95466158402693,5033.44206250392,68.1133115440494,752.262951274582,7.10043600436695,1.0000354,1,37.5,
4333,106.734037831483,86.0498671359987,70.761567056728,502.844287756644,11.7799125058689,85.5950637379014,97.1821715845003,74.5274893166876,42.7254522130095,7.4610010358156,7.3929977174995,2.15229501602195,5.74013660201115,5026.31179831214,67.442387290869,750.434397262614,7.1004953961468,1.0000354,1,37.5,
4334,106.224113415066,85.764827709285,70.6427469702296,494.85784718588,11.6941690292899,87.1796005694227,97.3872511908617,74.9770976319516,42.7155959955472,7.4592925814105,7.39303546590204,2.01393164841619,5.54305640134394,5001.65709213456,66.7091318563269,750.620015996213,7.09999756565049,1.0000354,1,37.5,
4335,106.151344052726,86.0720673746429,71.2308628734507,500.0959414385,11.7708277371349,85.9572641493434,97.2416580753814,75.4909181932693,42.7705500638508,7.46082501965468,7.39241518899328,1.88963259879104,5.37171610916887,4942.39661425382,65.4700821309454,754.046661906393,7.10021436241069,1.0000354,1,37.5,
4336,107.312720805307,87.599715201356,73.0292327984354,488.003796450839,11.6313844919501,88.0243331667259,97.5131145652343,76.1864497628906,42.7310946477908,7.46073539621417,7.39275526788349,1.78869181876949,5.29976257184804,4896.94699600012,64.2758260982172,766.163986145391,7.10132014323518,1.0000354,1,37.5,
4337,108.695639279058,89.2261626084649,74.8356798519398,488.688649321455,11.6510636596631,88.1717435358337,97.5327680690663,77.0630616400488,42.7960707132149,7.46016990116632,7.39203653421812,1.69244153784584,5.24628828275044,4892.10037134196,63.4817805992746,771.365869336116,7.10131750914313,1.0000354,1,37.5,
4338,109.516449806075,90.4656943291797,76.3847011506049,485.350155335588,11.6184214302798,89.2008711128642,97.6561917664624,76.6268918324386,42.9417705152503,7.45913403516072,7.39050314176261,1.53536540901479,5.18023473138487,4759.79484534245,62.1165067708968,772.086822965566,7.1021882675162,1.0000354,1,37.5,
4339,110.470764180394,91.4970266415043,77.472959764934,489.801760841863,11.6851585018742,88.2541055943274,97.5453165897548,76.91801327236,42.9624616763305,7.45909982600802,7.39023713653001,1.45642574307288,5.13017844712584,4758.56240029941,61.8653836449175,774.213057775705,7.10208486557757,1.0000354,1,37.5,
4340,110.697240421113,92.155828975395,78.451307472038,488.933152073049,11.6835935659349,88.2148055156505,97.5480391694734,76.7867836899545,42.9996307927655,7.45972021369565,7.38980578312523,1.35133176799555,5.0550605229863,4642.20259478963,60.4557499573581,779.061705165622,7.10282585611832,1.0000354,1,37.5,
4341,110.231988960231,91.6642113360359,77.9402017877179,491.040237206074,11.7193689467426,87.7838687738108,97.4980110148135,76.5853154777086,43.0640171159596,7.45960097797653,7.38910081052877,1.24349876892055,4.97802063876125,4636.6066479473,60.5417189839331,776.785754923626,7.10263576196358,1.0000354,1,37.5,
4342,110.828827899756,92.5852146475623,79.1008048524624,497.188892222464,11.8041787785612,85.954793153055,97.2865984513707,76.834677501858,43.0702054088703,7.46273376998663,7.38898433030084,1.16267772312186,4.92335993248025,4570.49198282463,59.4847552098349,781.665414015243,7.10404439977311,1.0000354,1,37.5,
4343,111.32425829283,93.1533510564402,79.7226804904128,493.814087338789,11.7715138636005,86.4866413516056,97.3580756789632,76.9693377799392,43.029917322944,7.46240005529874,7.38933744519056,1.08782103719225,4.88511241126279,4560.25557588887,59.2476914498988,782.154055786112,7.10579910632499,1.0000354,1,37.5,
4344,111.893525836337,94.09597177931,80.9412579110726,496.05454238549,11.8071508924266,85.943495978263,97.2935457033735,76.8879686386703,43.0435984834599,7.46277346798197,7.38914723357896,0.994269417130595,4.83661067728332,4461.83524254099,58.0303436485503,789.293562164348,7.10665785650134,1.0000354,1,37.5,
4345,110.544723345273,92.8224621028742,79.7233994454491,501.057484697411,11.8749593875788,85.0129696168325,97.1781295046274,76.6210863556156,43.1913459118214,7.46351507413799,7.38760759393919,0.853574671722919,4.74028327576926,4427.53763134355,57.7848454248529,778.635959595297,7.10682151924299,1.0000354,1,37.5,
4346,109.865561602656,92.1116952478448,78.9892722899405,503.683646717633,11.9132821048786,84.3101805410645,97.0953158386256,76.9442148747782,43.2152542127313,7.46491515116865,7.38731666014141,0.775077043335078,4.66866567938351,4454.1387402603,57.8878964131237,770.563999278616,7.10770013097384,1.0000354,1,37.5,
4347,109.725353326361,92.2469143238729,79.3280681046427,515.495225567446,12.0502059578326,81.9956260542529,96.782160475917,77.2557618922055,43.2163244036871,7.4671645104068,7.38725718886822,0.678150269044532,4.57508948379489,4402.79378562149,56.9898435765178,781.084425118597,7.10827738505954,1.0000354,1,37.5,
4348,108.781908261351,91.3593020481785,78.4817235427899,527.189207513026,12.1830418089079,80.2680255856986,96.5184291162745,77.7532478663532,43.252128798795,7.46704903414201,7.38685019080295,0.587483884346912,4.47497634224821,4416.99066773937,56.8077963165159,781.512034937624,7.10987564501367,1.0000354,1,37.5,
4349,107.68100709299,90.4510130845622,77.7158001218109,535.209822823765,12.2762252594926,78.8660085803168,96.3171662031767,78.6473165505127,43.3501199941376,7.46990767059147,7.38582170348085,0.522056126225813,4.39176521512775,4418.38806603779,56.1797688697999,779.589752738095,7.11156452578476,1.0000354,1,37.5,
4350,107.775026202837,90.5512167092136,77.8205749095785,553.518276016243,12.4817708278343,76.2496589719232,95.8750623185844,79.5101058931758,43.3237483847307,7.47135637356517,7.38604238431747,0.437106185971738,4.29635028239409,4465.25604237823,56.1596037663116,777.105107677152,7.11287885474997,1.0000354,1,37.5,
4351,106.911821363771,89.9550574003806,77.4217970796139,559.426811338128,12.5514206241436,75.4136573982855,95.7391476507304,80.3996939692877,43.4386824417893,7.47308504288622,7.38484980352239,0.34719211129578,4.19475298136908,4445.20907441576,55.2888805287469,776.255485828365,7.11535575025363,1.0000354,1,37.5,
4352,106.46349098545,89.5509170342256,77.0503188963637,573.223372987718,12.707767981683,73.7794310641984,95.4203491435552,81.4215492094368,43.4704417530001,7.47286388917106,7.38449228138481,0.256137841221745,4.08668721322669,4489.97467814247,55.1447954716893,781.808309065008,7.11651883365193,1.0000354,1,37.5,
4353,105.705187870287,89.1038294556538,76.8332601926639,586.242882822644,12.8557060993298,72.0289498882562,95.0906619481459,82.544942662096,43.6373345489407,7.47592216071175,7.38279009649612,0.161990733078384,3.9701098430807,4468.1620722814,54.1300524075976,788.965319430962,7.11770776711618,1.0000354,1,37.5,
4354,105.283154890368,88.7611256191249,76.54919094038,600.203918450747,13.014412905059,70.3958574543961,94.73298397583,83.8223342066468,43.6719239510088,7.47624456488184,7.38240991822278,0.071207525721098,3.84625035924871,4515.6259427782,53.8713934122361,792.418359873665,7.11955697257207,1.0000354,1,37.5,
4355,104.670322256776,88.5059035806904,76.5582897766274,609.643437401754,13.122534295837,69.0825396023325,94.4681766109612,85.159907693999,43.8378561374517,7.47976673492734,7.38072882895087,-0.0206047892400707,3.71465081263534,4488.38491779757,52.7053755615314,784.347557751467,7.12160992765261,1.0000354,1,37.5,
4356,104.035527652753,88.0007045068647,76.1488787033819,615.5043820208,13.1901505618956,68.4482114748428,94.3273611251632,86.5515481205218,43.9561071605866,7.48074565477717,7.37952649219346,-0.110285258718195,3.58700138257408,4525.1589250091,52.2828190052462,786.687184882956,7.12365227757565,1.0000354,1,37.5,
4357,104.051309681543,88.4050454226197,76.8404153181978,631.981306028424,13.3771919032715,66.4141430217588,93.8250708863102,87.9228787370923,44.0287778043945,7.48241563140501,7.37877832810021,-0.199647332377292,3.44796999004175,4485.46406683207,51.0158917822123,800.754680977959,7.12458091281493,1.0000354,1,37.5,
4358,103.331079115015,88.0416849585629,76.7408284081418,635.040365825692,13.4123198162265,66.2322630391027,93.7799883165394,89.2051247947402,44.1787821439152,7.48261787164405,7.37727167129924,-0.290603826867765,3.31979710620538,4447.07960507591,49.852288366936,791.814020632225,7.12666908740654,1.0000354,1,37.5,
4359,102.827042485377,87.6643678521633,76.457173558049,636.375699273519,13.4274871030105,66.2542228413429,93.7933049862583,90.4570621087633,44.3496724114563,7.48307386117631,7.37556687091679,-0.376208053518368,3.19542821512528,4472.11657698667,49.4391092605849,788.283041711784,7.12696363904402,1.0000354,1,37.5,
4360,100.955520317653,86.5030105899754,75.8207207912569,652.762461941627,13.6135780159913,64.2665075745946,93.2642920036002,91.7606125810746,44.5886886402392,7.4853261593532,7.37320537463509,-0.519760564862203,2.90289837567299,4324.08673065011,47.1235599787391,798.663011303566,7.12805054513862,1.0000354,1,37.5,
