4320,113.792486105764,92.0973477119702,76.0618106382964,503.531646591198,11.5958993022433,90.2747483030204,97.6710949474623,72.2745005229782,43.057845008867,7.45603908494669,7.38822715179625,3.22098064338228,7.0790083830363,5112.6062378486,70.7387280555907,743.023756635428,7.09687290603201,1.0000354,1,0,
4321,114.197838516126,92.4952970636276,76.4542881639549,496.654484488666,11.5933846776758,91.2592463051108,97.8081103218058,72.4316832982569,43.08432002671,7.45403249371008,7.38770542466675,3.04547144745206,7.05834144899124,5125.47352246539,70.7628663185953,748.128762040746,7.09662872526865,1.0000354,1,150,
4322,113.498624234686,92.0047505806697,76.117974401614,495.045677899399,11.6524075529375,90.2887718493735,97.7229159585372,72.5384255690347,43.1607219422781,7.45381053534849,7.38668892835232,2.75115727768297,6.96160028594947,5083.67336332451,70.0824883287049,752.459940476317,7.0965997601483,1.0000354,1,150,
4323,112.178851502319,91.1414980353458,75.5921498206261,507.989497553813,11.8840071017132,86.1111119130299,97.2365399917681,73.0440311782784,43.15802461229,7.45518480140112,7.38647499707907,2.18225217050409,6.65133543750372,5010.37992770607,68.5939678695614,748.505399376264,7.0972171719609,1.0000354,1,150,
4324,109.899875897087,89.7378796774979,74.8355346456278,534.815202336043,12.2447228899146,79.803686046171,96.3868902983825,74.386377850282,43.0395937558258,7.46204061327688,7.38742900139312,1.60157178718899,6.00768921903905,4890.14528940635,65.7397957896106,754.102078876913,7.10137965575597,1.0000354,1,150,
4325,110.242243738571,90.7333036878346,76.313652345986,533.679875530783,12.3033561687434,78.4776855124943,96.2417522078208,75.9551589730845,42.7083428963229,7.46573154143199,7.39054341719347,1.22232185570285,5.61178496278968,4831.5421532015,63.6104540958647,760.361330606717,7.10660901690394,1.0000354,1,150,
4326,109.330651427452,91.0870982515153,77.6027328606057,527.98631849869,12.3112586925897,78.0259042626308,96.239887482432,77.7776472666793,42.5290494410329,7.46906909970448,7.39213196204909,0.712384058303503,5.0462034791101,4626.56907310327,59.4845593264086,749.39115010774,7.11169417111879,1.0000354,1,150,
4327,109.79026702743,92.4103149110258,79.5642633467271,531.626090844104,12.4231453351572,76.2916256452262,96.0191234193358,79.2185093085809,42.3899218518372,7.4728684511185,7.39331976813738,0.34446193847172,4.68879892910956,4489.21146214697,56.6687192340377,760.513760420917,7.11651594048203,1.0000354,1,150,
4328,108.574927607699,91.9471611957032,79.6570729781407,532.281377095493,12.5016090147828,75.3192467907091,95.9160631790283,80.2978197297352,42.5068007582392,7.47546145812179,7.3918937690853,0.0186317811041401,4.40699472322595,4353.43926449845,54.2161577879844,758.840141446814,7.12095254514393,1.0000354,1,150,
4329,99.8482798830832,83.4791775747609,71.3802758686096,594.320974866255,13.2961910923111,66.9749178687914,94.1939802332207,82.4377465076808,42.9185444137002,7.47750846931467,7.38748904207309,-0.551021234801062,3.67754827226245,4399.93029505095,53.3727628598024,756.266524999154,7.12322287792314,1.0000354,1,150,
4330,85.4020470266501,70.3970244883093,59.3063556556227,796.605491354254,15.8858655507607,52.8996519048282,90.0036954397245,88.9976140772718,43.2786120425534,7.5115660950332,7.38366403044141,-0.96440614075408,2.42679153417525,4354.21468001016,48.9250720387811,761.253933466113,7.13679869870173,1.0000354,0.999863328442875,150,
4331,49.7280232976031,36.5148863842134,26.7486547525776,884.620060488764,16.0780094328806,46.9817930635843,88.5087969076656,69.5374195385423,42.9752614047122,7.57281652623431,7.38652149645803,-1.18972528352569,0.755075345135502,2995.84491258812,43.0824861271652,555.134076121194,7.16234478117512,1.0000354,0.856033417808918,150,
4332,47.7735119571463,35.7205277570682,26.8118003048365,774.735679858606,13.8076371188462,47.301867283264,88.3566644198158,74.2884509585475,43.9966536330419,7.55358854311546,7.37542420288101,-1.35211082481477,0.281186302734005,2919.51500465375,39.2997157294722,545.445795468979,7.17524053923717,1.0000354,0.733100277729149,150,
4333,50.4986031396949,39.0948818058149,30.6660442981644,884.857274759397,16.0842449005347,50.5007105409049,89.5030818434106,84.1558151258796,49.4106665177176,7.52475764134802,7.32225979803036,-1.40279191920823,0.0706984726160904,3129.14399540509,37.182742401396,563.976609050116,7.1653685904528,1.0000354,0.817949946387663,150,
4334,83.0018343480677,73.9163436375222,67.2009809384233,1830.78342824063,33.0118624550288,64.67102024934,96.5337040625822,149.299694011238,54.1784566500777,7.72096093345949,7.27572769967987,-1.69772998717718,0.138820588454736,4422.84915885908,29.6239666675148,564.133344264629,7.21986161431547,1.0000354,0.996769176110064,150,
4335,53.4899381223314,41.6156995620467,32.8390884522711,1259.28040858584,23.2558075306728,65.5823914159011,95.1790677474219,79.4115093843907,71.4667866544876,7.55445681148602,7.14607522765044,-1.2466260408613,0.316628450361613,3074.56757275267,38.7169013230847,451.405761712358,7.18909937729573,1.0000354,0.981096893142646,150,
4336,53.4785849695086,41.9239590513172,33.3835833726541,0,25.3232222713065,78.1557959671074,92.9756289529805,79.0700221664897,86.1957567412462,7.13281919221461,7.0518419666824,-1.28180429968318,0.238211152021293,2978.94559698188,37.6747788271693,443.983453522672,7.13342291041057,1.0000354,0.991544015068367,150,
4337,0.0636133040309113,0.0636133040309113,0.0636133040309113,0,0,3.88951689926991,14.1808159848195,0,4.10458317514483,8.37234705467707,8.36386243142723,0.0008436948398165,0.227136603557937,0,0,1.04095174244206,6.98617280416795,0.000462456683897806,0,150,
4338,4.64304548218217E-10,4.64304548218217E-10,4.64304548218217E-10,0,0,0.553192953721884,19.9434363446889,0,0.0245338784769612,10.5948502778459,10.5873162055927,-1.91431179752399E-06,0.227015559390984,0,0,7.63500278486328E-09,6.98669317653993,0,0,150,
4339,2.38921722925326E-13,2.38921722925326E-13,2.38921722925326E-13,0,0,0.0924053173400538,28.781179264903,0,0.000165177023547995,12.7666747352283,12.7591463465371,-7.39847071162814E-07,0.226971029730483,0,0,3.94799652841431E-12,6.9864470512103,0,0,150,
4340,2.38921722925326E-13,2.38921722925326E-13,2.38921722925326E-13,0,0,0.00656270033095728,8.39803882754322,0,1.11280158335905E-06,14.9382638631588,14.9307355127329,-1.50343748117621E-07,0.226954648183863,0,0,3.96717165343132E-12,6.98564476724268,0,0,150,
4341,2.38921722925326E-13,2.38921722925326E-13,2.38921722925326E-13,0,0,0.00172814003272225,29.7705365088361,0,7.4957309140774E-09,17.1099989330081,17.10247058284,0.000395725379943368,0.226948621749645,0,0,3.9862331407441E-12,6.98462678389851,0,0,150,
4342,2.38921722925326E-13,2.38921722925326E-13,2.38921722925326E-13,0,0,0.000131651551624168,10.1602526399276,0,5.04950662408826E-11,19.2816566062815,19.2741282561151,-2.20143472340339E-08,0.226946404748393,0,0,4.00505865802557E-12,6.9835942604156,0,0,150,
4343,0.00145004453257662,0.00145004453257662,0.00145004453257662,0,0,3.14299522473496E-05,29.4577091955362,0,3.40130602445394E-13,21.4533906726126,21.4458623224463,0.0406692129847683,0.226945589159211,0,0,0.0244189384068849,6.98256025206684,0,0,150,
4344,0.000964510545768558,0.000964510545768558,0.000964510545768558,0,0,5.2843909477258E-06,40.7868169188523,0,2.29064993790984E-15,23.6252922307952,23.6177638806288,0.0275167781521359,0.226945289120719,0,0,0.0163152147614847,6.98153347780724,0,0,150,
4345,0.000747479487893467,0.000747479487893467,0.000747479487893467,0,0,9.13533545662442E-07,54.7802000194767,0,1.54271787634033E-17,25.7971642462782,25.7896358961119,0.0217094036755743,0.226945178742726,0,0,0.0126992101718433,6.98053536334814,0,0,150,
4346,0.000514878611888536,0.000514878611888536,0.000514878611888536,0,0,9.59081955691786E-08,40.3574834925242,0,1.03902636743193E-19,27.9690117230345,27.9614833728682,0.0141671999895694,0.226945138136932,0,0,0.00878471104314624,6.97956598772159,0,0,150,
4347,0.001235583190523,0.001235583190523,0.001235583190523,0,0,2.09908133588135E-08,67.1913168819073,0,6.99773325081111E-22,30.1408776842587,30.1333493340924,0.0566526133701877,0.226945123198895,0,0,0,6.97861807827813,0,0,150,
4348,0.000416514974910886,0.000416514974910886,0.000416514974910886,0,0,1.36026445651034E-09,27.3883936450069,0,4.71320311428772E-24,32.3126877298161,32.3051593796497,0.0110168100749428,0.226945117703498,0,0,0.00716487990213702,6.9777091798114,0,0,150,
4349,0.00159667657448769,0.00159667657448769,0.00159667657448769,0,0,3.10046517971011E-10,55.6258856061905,0,3.17445466130445E-26,34.4845093749161,34.4769810247497,0.0450371088030721,0.226945115681855,0,0,0.0275745586512632,6.97682053418168,0,0,150,
4350,0.0100647387768841,0.0100647387768841,0.0100647387768841,0,0,1.3789768562384E-11,8.85869328163668,0,2.1377732473461E-28,36.6564519469886,36.6489235968223,0.236591532943976,0.226945114938134,0,0,0.174482881405976,6.97594042401366,0,0,150,
4351,0.00472881945745292,0.00472881945745292,0.00472881945745292,0,0,2.68845616562501E-12,18.4054997028766,0,1.43984756104435E-30,38.8282697830449,38.8207414328786,0.119177541511883,0.226945114664534,0,0,0.0822877314660016,6.97514023727205,0,0,150,
4352,0.00338169465926129,0.00338169465926129,0.00338169465926129,0,0,8.99749540370463E-13,64.4683547732826,0,9.69762290193697E-33,41.0000998191201,40.9925714689537,0.0962004651131494,0.226945114563883,0,0,0.0590623179186587,6.97435028261767,0,0,150,
4353,0.000693744387968551,0.000693744387968551,0.000693744387968551,0,0,1.05871926163527E-13,56.8681450332149,0,6.53192565945317E-35,43.1718755274685,43.1643471773022,0.0192226178206734,0.226945114526855,0,0,0.0121601337931703,6.97358641603548,0,0,150,
4354,0.00902297547236222,0.00902297547236222,0.00902297547236222,0,0,2.85970164148212E-15,3.14491418589961,0,4.39954528231633E-37,45.3436700004381,45.3361416502717,0.187113084258327,0.226945114513233,0,0,0.158708183328998,6.97284699901794,0,0,150,
4355,0.0134838215599703,0.0134838215599703,0.0134838215599703,0,0,2.92474757591485E-15,77.3256764954537,0,2.96360681009036E-39,47.5153720068692,47.5078436567028,1.26063330949141,0.226945114508222,0,0,0,6.97210531941225,0,0,150,
4356,0.00901850995129501,0.00901850995129501,0.00901850995129501,0,0,1.77108182841896E-16,34.9714440629805,0,1.99629102442329E-41,49.6870930571855,49.6795647070191,0.237226944653093,0.226945114506378,0,0,0.159712483573681,6.97144561674279,0,0,150,
4357,0.00168245893224746,0.00168245893224746,0.00168245893224746,0,0,1.96848547682282E-17,25.5285913396667,0,1.34476530578088E-43,51.8587753641082,51.8512470139419,0.0420471837055216,0.2269451145057,0,0,0.0298937340523808,6.97081875509086,0,0,150,
4358,0.0103164660623348,0.0103164660623348,0.0103164660623348,0,0,6.69201778068667E-18,74.0898588133917,0,9.0578955243628E-46,54.0305413322776,54.0230129821113,0.83819938589768,0.226945114505451,0,0,0,6.97014006026193,0,0,150,
4359,0.000587558967702951,0.000587558967702951,0.000587558967702951,0,0,3.00137303508039E-19,18.4392085558535,0,6.10169940340788E-48,56.202221919705,56.1946935695386,0.0142938461690312,0.226945114505359,0,0,0.0105066351617542,6.9695238539665,0,0,150,
4360,0.00305134449980125,0.00305134449980125,0.00305134449980125,0,0,1.61769927733756E-20,2.65519792114317,0,4.11054068061945E-50,58.3738532258406,58.3663248756742,0.0707126307681891,0.226945114505325,0,0,0.0547335369400843,6.96889605124142,0,0,150,
