4320,123.602460286681,102.757486968228,87.3503327763282,504.522958692613,11.6127802951871,91.1563137043637,97.7787791291997,74.4047389121479,43.4628515807845,7.45680747405325,7.38833237299011,2.96455317590556,7.33829028587399,5057.04434951946,67.9666970606601,765.455424613024,7.06595288551751,1.0000354,1,0,
4321,125.517907753574,104.862465966091,89.5954002970821,503.873744320721,11.687495379697,90.2348351406585,97.6963615959459,75.3049426531708,43.4788174965439,7.45590486021858,7.38791862354431,2.75468642020122,7.3152804834715,5071.69107538163,67.3487143963462,779.873424708749,7.06615338878664,1.0000354,1,150,
4322,124.581161672449,104.205756284316,89.1456740409132,502.361038891804,11.7464563852671,89.4496772179813,97.6298978717977,75.3506438558546,43.5698424941567,7.45543477475141,7.38676558660075,2.38120503779942,7.18097969588861,5005.96775124899,66.4356333945252,777.786635596561,7.06714068861481,1.0000354,1,150,
4323,123.447575439004,103.397170823231,88.5773065420072,508.804846545216,11.8962803557022,86.4365807478941,97.2935441622539,75.5074237372498,43.607859008753,7.45762771562953,7.38614878471205,2.00616237669532,6.94018251220019,4936.36899033357,65.3759424703869,772.966141902171,7.06843649946308,1.0000354,1,150,
4324,121.854878725593,102.669717211747,88.4893804406432,525.284230977278,12.1438063869844,82.1367577142864,96.7401569804844,76.6858110172537,43.5043674360259,7.46036591750649,7.38694738462439,1.44090249480753,6.46331791621528,4797.06161157259,62.5547483678994,773.609650672063,7.07023749264798,1.0000354,1,150,
4325,120.613304560575,101.919676077551,88.1026463292284,528.217356626028,12.2451381958543,80.2338617500445,96.5124532668352,77.4450459538025,43.3819787233885,7.46383017936099,7.387940195559,1.11740540329047,6.12848295427097,4720.43553227056,60.9520657407369,769.184155847444,7.07427144258099,1.0000354,1,150,
4326,118.884964042793,100.954232865301,87.7010837341116,535.053490122394,12.3917019337789,77.9869995055054,96.2112798611502,78.7320298363744,43.2155575682068,7.46687894515783,7.3893816483066,0.632056657605048,5.66146799729573,4603.0349203619,58.4645782653922,777.465642717344,7.07741256326029,1.0000354,1,150,
4327,117.104738690401,99.8601060842188,87.1140732883451,552.302357844041,12.6602926942705,74.2583548408958,95.6336463722714,80.2893479179055,43.0554542158592,7.47230913883725,7.39076705304364,0.194169509398817,5.16424844719661,4514.46924458778,56.227499184621,778.756900359305,7.08261026746651,1.0000354,1,150,
4328,114.583548165173,98.0205017393728,85.7782500333468,562.239245307665,12.8522956847187,71.4213425172303,95.1862592523311,82.127897562183,42.8523743223882,7.47907860533691,7.39259551152377,-0.21859842743679,4.67860085567066,4435.32804023111,54.0051331141518,771.384814311246,7.08892011759143,1.0000354,1,150,
4329,104.638213203651,88.9213944238038,77.3046153256561,625.347010520949,13.67964115287,61.6276469440218,92.8533659244293,85.4321122163911,42.9359153184875,7.48945285698763,7.3915316919772,-0.741713824588174,3.71516755363451,4378.04893273208,51.2459404215937,770.693127616347,7.0976656303245,1.0000354,1,150,
4330,82.8483730436738,68.3230758259513,57.5869865780694,729.655756217944,15.0553368505103,54.6064009825118,90.8117028892036,86.045739336103,43.225112740204,7.51366127702671,7.38841873887556,-1.12783895945882,2.21469904947949,4075.20274334407,47.3608893919307,733.10695820644,7.11159074368274,1.0000354,0.999745470629515,150,
4331,46.1217082886566,33.2125915129425,23.6710704178495,700.178641356301,12.7227142478106,49.6033497647203,89.1101805701541,70.1585047760294,43.0821701548775,7.53761874423363,7.38967911064138,-1.27489610708077,0.522027605837659,2953.05595333498,42.0912042347849,488.103075610311,7.1146726404707,1.0000354,0.731177014074017,150,
4332,43.0993690862595,31.3161962913371,22.6068946603075,663.455307797602,11.1635369645025,47.1362398559089,87.0970903142656,73.9920280285391,45.1455253946653,7.5075553996533,7.36887506152311,-1.46260934519929,0.0775952933349915,2842.77180314559,38.4199741362558,461.642314199149,7.09972723358328,1.0000354,0.574408368418779,150,
4333,42.8075514884018,31.640680275942,23.3869059015152,663.834667585067,11.1876898002839,49.8271392012712,87.6424899830333,80.4814127975371,50.8865749146793,7.46172948513458,7.31512482861521,-1.47576632776092,-0.169758677464371,2930.36636409594,36.4104737011478,460.676715071342,7.07354081244537,1.0000354,0.563517862851592,150,
4334,65.9022679614877,56.4538353987445,49.4702113306299,1811.99497100203,32.443896198015,52.6248137769545,93.4554778070361,144.145949517682,56.4035735852451,7.68691968407041,7.26594020005397,-1.76091047383188,-0.266577955309709,4440.75724140112,30.8073675067533,563.272927973115,7.11686520089353,1.0000354,0.970403912725376,150,
4335,47.8904716648155,36.0941415296629,27.3751149080284,978.546286731318,18.8010223791634,71.8379210799403,95.8423251558663,84.3874855195339,63.4657244512589,7.49727397747624,7.20734860780265,-1.26908239425682,0.0952713794131999,3245.78528118249,38.4628746928496,444.725043517708,7.14303175864544,1.0000354,0.954081052117608,150,
4336,46.5800550040017,34.9394027900343,26.3354424579715,1469.21471218961,26.8594567640664,56.4690824924103,93.6814086925476,85.5006784571401,79.6361658932268,7.60996914594689,7.09902830335,-1.31286436803919,0.0273555206489324,3245.20171408361,37.9552744217155,419.479184552798,7.13762662048532,1.0000354,0.95438399452953,150,
4337,47.3660920790089,35.8523174356061,27.3421361774389,1561.03392880649,28.8238873635096,54.9869800505395,93.6087429107558,87.8451379554087,81.1599077203268,7.62850650002126,7.07739376631714,-1.3456202291859,-0.0104100757078602,3297.84527323813,37.5415799894601,411.751038116789,7.15986403176337,1.0000354,0.959679329733016,150,
4338,50.0171691099583,38.9112249782803,30.7024836635619,0,32.2143959748362,75.9498710454807,94.2629586384675,88.7792295096958,83.4223833443593,7.25414076151667,7.04783901237845,-1.36595341325011,-0.0298384320589138,3214.85713230525,36.2118160977523,409.086930840915,7.14681139584848,1.0000354,0.975151268504889,150,
4339,58.037737473679,47.5865693886898,39.8617929780456,0,17.865515027226,33.1419370961377,41.2730099811361,113.396060555116,126.352335686593,6.87252134244951,6.84632347880705,-1.56598627855516,-0.0964284160445641,3864.18242909527,34.07686660523,700.741766330694,6.90123745251959,0.945362689505637,0.637492095596103,150,
4340,53.9485658255437,49.9756997269719,47.0392334802015,0,0,14.23821382953,12.0621498660297,202,105.886350527901,7.02268036349324,6.90148155302554,-0.648990341016519,4.1073195215646,2616.67701160937,12.9538465921256,758.647129136591,6.7062421926986,0.314215775227511,0,150,
4341,0.00119485196611758,0.00119485196611758,0.00119485196611758,0,0,1.59788893055918,2.66296556915192,0,2.97106383902157,8.44773127313016,8.4369191821712,-0.00179303601957859,5.16842671199823,0,0,0.0192410293829789,6.66561315847373,0,0,150,
4342,3.9820287154221E-13,3.9820287154221E-13,3.9820287154221E-13,0,0,0.204483176462031,2.92254995430369,0,0.0183188465185703,10.6570736891607,10.6471641729266,-0.0012527222756189,5.14757959572897,0,0,6.45224908432291E-12,6.66453608275579,0,0,150,
4343,1.59281148616884E-13,1.59281148616884E-13,1.59281148616884E-13,0,0,0.0367659125705797,5.47611248761636,0,0.000123279107816051,12.8293661208905,12.8194621723711,-0.00109090145987212,5.13377452470668,0,0,2.59675587252705E-12,6.66292427595593,0,0,150,
4344,1.59281148616884E-13,1.59281148616884E-13,1.59281148616884E-13,0,0,0.00597826411824833,8.13219400018135,0,8.29780789819759E-07,15.0017442248972,14.9918403138467,0.6341637875785,5.12351408485533,0,0,0,6.66105568105903,0,0,150,
4345,1.59281148616884E-13,1.59281148616884E-13,1.59281148616884E-13,0,0,0.000391831726051327,1.64538384635573,0,5.58675739239957E-09,17.1738789319929,17.1639750211946,0.182804061537098,5.11737329647353,0,0,2.62812949135597E-12,6.65926132040966,0,0,150,
4346,1.59281148616884E-13,1.59281148616884E-13,1.59281148616884E-13,0,0,7.5779335537119E-05,3.66830194649256,0,3.76217125058838E-11,19.3458490262964,19.3359451154998,-5.27372390122238E-05,5.11455189333438,0,0,2.64372508149687E-12,6.65755273394993,0,0,150,
4347,1.59281148616884E-13,1.59281148616884E-13,1.59281148616884E-13,0,0,1.35404311907958E-05,6.74095332894212,0,2.53328265121949E-13,21.5178864396363,21.5079825288397,-3.2428590659439E-05,5.11351395712428,0,0,2.65920489694038E-12,6.65586138486813,0,0,150,
4348,1.59281148616884E-13,1.59281148616884E-13,1.59281148616884E-13,0,0,2.14447686856617E-06,9.41444206259748,0,1.70626509900282E-15,23.689688312939,23.6797844021424,0.3388952945148,5.11313212173133,0,0,0,6.65427920877588,0,0,150,
4349,1.59281148616884E-13,1.59281148616884E-13,1.59281148616884E-13,0,0,1.25340591101811E-07,1.48701926891182,0,1.14920137557157E-17,25.8615166442447,25.8516127334481,-1.41832795330643E-06,5.11299165234036,0,0,2.68910988659336E-12,6.65273450558322,0,0,150,
4350,1.59281148616884E-13,1.59281148616884E-13,1.59281148616884E-13,0,0,2.69298158511305E-08,4.19181556210865,0,7.74327883701405E-20,28.0329867118277,28.0230828010311,5.7576853937924E-06,5.1129399765393,0,0,2.703553961334E-12,6.6513515977206,0,0,150,
4351,1.59281148616884E-13,1.59281148616884E-13,1.59281148616884E-13,0,0,3.60819869834386E-09,4.10322618050936,0,5.21884977892794E-22,30.2042145072324,30.1943105964358,-3.44670183061169E-07,5.11292096607448,0,0,2.71767290302809E-12,6.65008905455558,0,0,150,
4352,1.59281148616884E-13,1.59281148616884E-13,1.59281148616884E-13,0,0,4.52447496986424E-10,3.46777584482212,0,3.51803212505066E-24,32.3752920883897,32.3653881775931,-1.05220601120948E-07,5.11291397251531,0,0,2.73147160553121E-12,6.64891472867428,0,0,150,
4353,1.59281148616884E-13,1.59281148616884E-13,1.59281148616884E-13,0,0,7.37126738563573E-11,5.22275079478585,0,2.37092768022241E-26,34.546582666607,34.5366787558104,-5.46362817210877E-08,5.11291139972867,0,0,2.74496038220935E-12,6.64770830516083,0,0,150,
4354,1.59281148616884E-13,1.59281148616884E-13,1.59281148616884E-13,0,0,1.25797419134865E-11,8.59914066662068,0,1.59769090084441E-28,36.7179613475655,36.7080574367689,-2.66450035368848E-08,5.11291045325336,0,0,2.7581526622057E-12,6.64650817836692,0,0,150,
4355,1.59281148616884E-13,1.59281148616884E-13,1.59281148616884E-13,0,0,7.54615929751109E-13,1.42770068434932,0,1.07746036170426E-30,38.8886718575885,38.8787679467919,0.0856442360770955,5.11291010506455,0,0,2.77104926077767E-12,6.64554716141087,0,0,150,
4356,1.59281148616884E-13,1.59281148616884E-13,1.59281148616884E-13,0,0,2.00357878837696E-13,6.39513319813868,0,7.26262565245932E-33,41.0598147335794,41.0499108227828,0.000277558621157414,5.11290997697305,0,0,2.78368677792178E-12,6.64448826942871,0,0,150,
4357,1.59281148616884E-13,1.59281148616884E-13,1.59281148616884E-13,0,0,9.32882835803777E-15,0.58474635925238,0,4.89417260328603E-35,43.2311710789215,43.221267168125,-2.85331314131554E-10,5.11290992985082,0,0,2.79606928914337E-12,6.64339059458594,0,0,150,
4358,1.59281148616884E-13,1.59281148616884E-13,1.59281148616884E-13,0,0,5.11611862416755E-15,12.8277702044207,0,3.29914198788891E-37,45.4022552186132,45.3923513078166,0.23127070692124,5.11290991251552,0,0,0,6.64240760473395,0,0,150,
4359,1.59281148616884E-13,1.59281148616884E-13,1.59281148616884E-13,0,0,6.56834360844267E-16,11.5447503061467,0,2.22399592015292E-39,47.5733168507835,47.5634129399869,1.89249989017704E-05,5.11290990613822,0,0,2.82006933443054E-12,6.64145895600251,0,0,150,
4360,1.59281148616884E-13,1.59281148616884E-13,1.59281148616884E-13,0,0,5.99827979195472E-17,5.02236936834815,0,1.49926545959087E-41,49.744355342195,49.7344514313984,0.000204109444859935,5.11290990379214,0,0,2.83170461268801E-12,6.64053158269092,0,0,150,
