4320,130.768676368363,109.522841817049,93.8193988878174,505.255814265999,11.6080955544565,89.8575529964108,97.6320714842082,76.0808561080759,43.4645646074668,7.46027660002127,7.39502545016199,3.11627901614525,7.57566544287905,5270.40522156707,69.2737370631088,800.787288016415,7.06484219685129,1.0000354,1,0,
4321,131.896919879483,111.113043526943,95.7510479620219,494.235328157884,11.552587248064,92.1430152144987,97.922260341583,76.7570262732444,43.5451924554082,7.45897609927209,7.39395287223908,2.89283006461007,7.59291686301243,5201.63066754757,67.7674855332525,803.164750208801,7.06526597847772,1.0000354,1,150,
4322,131.249182208195,110.514926049028,95.1896062792081,502.316437990097,11.7316030611061,88.6440945171622,97.5361653952993,76.3075444156656,43.6056792817263,7.45831472602996,7.39309083858774,2.56219523974622,7.46466784206118,5158.82456919746,67.6056949375294,807.043368549213,7.06499699632286,1.0000354,1,150,
4323,129.204545347352,108.536848638926,93.2607249848724,503.101348309294,11.8150445223713,87.0095457222242,97.3697975448349,76.5910164414957,43.6086663969407,7.4598423116757,7.39280828485505,2.17900969277179,7.2186176709831,5161.36692670554,67.3886725429224,804.288746762502,7.0656459395609,1.0000354,1,150,
4324,127.969799772635,108.004953534629,93.2483280543631,513.807879330678,12.0060659991466,83.4721587409001,96.9473461984634,77.7928227271249,43.5185340398197,7.46376858244864,7.39345903219737,1.68924029048357,6.79002393577809,5064.07724641762,65.0969725598075,805.196812193643,7.06845656012116,1.0000354,1,150,
4325,126.641623973102,107.597988861783,93.5222585621118,527.138222799621,12.2176165900227,79.9414186296957,96.4772710799191,79.1007579975674,43.3250397200418,7.46742331999444,7.39514994209248,1.21506983422827,6.27685870495682,4911.62632544649,62.093290251372,799.162887206221,7.07308259489308,1.0000354,1,150,
4326,124.801489801314,106.346754796036,92.7062984877875,530.090078201722,12.3194901374747,78.2168576130872,96.2661387373108,80.4319702378347,43.1754020695394,7.47091581173439,7.39641071223091,0.794821359668063,5.82299330539286,4839.84376437223,60.1731345143104,804.074506367133,7.07674648222177,1.0000354,1,150,
4327,123.421499907583,105.64513937752,92.5060902900829,529.446076802926,12.3827754861638,77.222159374509,96.1558377960039,81.8418095247304,42.9712962571908,7.47248264341501,7.39822841162025,0.40567501396223,5.43234137680377,4743.65280191617,57.9612404645424,802.664317402416,7.08011268417078,1.0000354,1,150,
4328,120.817869357815,103.773571237275,91.1756117568757,547.994301583399,12.6664441847566,73.5157230178009,95.5742675608788,83.6825420457898,42.9278789774573,7.47782141207139,7.39842944426696,-0.0579314921940277,4.93377370570994,4650.59807929793,55.574292625494,802.921466271008,7.08399583657682,1.0000354,1,150,
4329,115.921283879409,99.3782365706949,87.1507668207755,580.824833983279,13.1246693739322,68.1899683250571,94.5448655374554,86.4194745026688,42.9440150711571,7.48372655239278,7.39803134581383,-0.431616201216606,4.39024753269259,4661.45992125469,53.9399243987619,800.445836846302,7.09047386189963,1.0000354,1,150,
4330,103.763491655344,87.6740679894579,75.7818852798899,678.940849222741,14.3883331032357,57.077468970141,91.3258638616996,91.6770846216007,43.1431214262427,7.49130586926724,7.39580079278747,-0.897208934727388,3.46681778604633,4809.45763377105,52.4608483529139,815.897259299008,7.09708299847387,1.0000354,1,150,
4331,52.4701718706949,37.684082303763,26.755233493422,951.69805395235,17.6773798607728,47.4067517989919,88.6831065592939,70.4798984951472,43.8725631450528,7.57258114995204,7.38832489423398,-1.18756378870997,1.1844675464606,3397.92214807398,48.2112236343238,558.637934537707,7.12923293449798,1.0000354,0.950007745350213,150,
4332,44.4716814919572,32.244250004363,23.206583252663,640.714560790405,10.8644933473678,47.741066760304,87.8660169354401,75.173809179055,42.9404851941927,7.52627999687547,7.39730294258959,-1.37091855598235,0.196744974474867,2997.06814003777,39.8685150156368,476.988433203279,7.12583036841119,1.0000354,0.579956484835584,150,
4333,43.1755808696398,31.7161173378688,23.2460790752554,627.157117076724,10.5091964189788,48.1512990186354,87.0683728456041,80.360624657179,47.9963665962748,7.48110543942678,7.34757287887005,-1.46822627831706,-0.0820615734412709,3002.63410040776,37.3644942808384,467.068662919154,7.09234883476946,1.0000354,0.543852398939932,150,
4334,59.4796836237761,49.4851026181303,42.0978036139573,1600.02300380975,27.7530029815673,48.9282366840394,90.789000014844,130.46317660315,55.753173394848,7.61731532025825,7.27877354255223,-1.69307526907082,-0.289381530678547,4251.55070344097,32.5881280384085,588.668178352705,7.09093488861591,1.0000354,0.894266457495235,150,
4335,51.5835749762688,39.5026720470776,30.5733090124581,744.946100224277,15.6021534951862,89.9472975474697,98.1415549513101,89.116133328596,59.2316167268229,7.48190059208982,7.24543242513523,-1.1851830875536,0.210554283814233,3510.3510589941,39.3907469711513,453.95442116476,7.16783695340413,1.0000354,0.978552051805242,150,
4336,48.2946454253552,36.3807420552178,27.5748134772901,1463.61922899881,26.6443155656479,59.3445983778078,94.1484191261585,88.5955132174577,79.869797127963,7.58970254974283,7.10644409825619,-1.24760984208648,0.0889346582786867,3441.60182492677,38.8462315972972,429.034909229423,7.12827145665908,1.0000354,0.960228643992442,150,
4337,48.2451188441073,36.5156106692139,27.8459741921188,1561.49479320572,28.6724225053574,55.3924988188871,93.5527245013202,90.1942519633628,81.7442705035645,7.62066252319984,7.08388082086773,-1.2848418972438,0.0387450675168184,3449.478838486,38.2449963650366,421.397852733804,7.14908370550062,1.0000354,0.96360717721983,150,
4338,48.7518917615248,37.2401956160738,28.7315506390013,1455.42629042112,30.4228557212151,55.9145754318801,93.9246411272364,91.3736690685854,83.3938704590465,7.62884992644703,7.05881451188749,-1.29918787435672,-0.0226197497757274,3429.69265702237,37.5348028812111,409.478152160051,7.16975060344002,1.0000354,0.966560239194097,150,
4339,51.0565300598744,39.6862115179988,31.2820630305255,0,14.689138519003,66.2136813796955,86.1103928272519,90.5984441899374,95.789087779077,7.02755294587263,6.97828838745184,-1.34063600582642,0.00464767346475448,3358.83131232082,37.0738299355242,458.426430390734,7.06307852148703,1.0000354,0.990753444634088,150,
4340,9.00353245850306E-05,9.00353245850306E-05,9.00353245850306E-05,0,0,3.52487783376825,27.3992508840108,0,1.4708109916238,8.78899244052418,8.78220852157125,4.59258158707065E-05,-0.0263792033437569,0,0,0.00146682645148298,6.94434493756508,1.21690582618843E-06,0,150,
4341,1.03532746600975E-12,1.03532746600975E-12,1.03532746600975E-12,0,0,0.166276677450936,3.52529577034845,0,0.00947638409879597,10.9796668047758,10.9731768697076,-8.79869244130305E-09,-0.0263803140246592,0,0,1.69607095501239E-11,6.94453437252953,0,0,150,
4342,1.59281148616884E-13,1.59281148616884E-13,1.59281148616884E-13,0,0,0.0314126574825353,7.29457090799045,0,6.38103970715141E-05,13.1515671917922,13.145079150943,0.737413742670958,-0.0263807226213291,0,0,2.62371685357586E-12,6.94390926711434,0,0,150,
4343,1.59281148616884E-13,1.59281148616884E-13,1.59281148616884E-13,0,0,0.00360538283328647,5.11360938624037,0,4.29672978484113E-07,15.3236007186646,15.3171126905704,5.43999481017465E-07,-0.0263808729356434,0,0,2.63808909558717E-12,6.94282908858345,0,0,150,
4344,1.59281148616884E-13,1.59281148616884E-13,1.59281148616884E-13,0,0,0.000503073092810573,5.46939813572303,0,2.89347783559347E-09,17.4955640681328,17.4890760401245,0.000904446579831131,-0.0263809282331895,0,0,2.65241760799092E-12,6.94165509982348,0,0,150,
4345,1.59281148616884E-13,1.59281148616884E-13,1.59281148616884E-13,0,0,3.14874321924573E-05,0.973305673500486,0,1.94864371411167E-11,19.6674670967696,19.6609790687618,2.97900246692961E-08,-0.02638094857602,0,0,2.66653285071791E-12,6.94048706814168,0,0,150,
4346,1.59281148616884E-13,1.59281148616884E-13,1.59281148616884E-13,0,0,3.1054390407986E-05,48.6580691503977,0,1.31276597036478E-13,21.8390849483075,21.8325969202998,-2.85791390552959E-10,-0.0263809560597288,0,0,2.68039435819403E-12,6.93941736210942,0,0,150,
4347,1.59281148616884E-13,1.59281148616884E-13,1.59281148616884E-13,0,0,5.06005451975683E-06,59.2789167007497,0,8.83727001911974E-16,24.0113509097958,24.0048628817881,0.518742281085611,-0.0263809588128319,0,0,0,6.93819985937699,0,0,150,
4348,1.59281148616884E-13,1.59281148616884E-13,1.59281148616884E-13,0,0,2.62157689368108E-07,13.8136447505865,0,5.95025191748603E-18,26.1834440441407,26.176956016133,2.29501650643726E-05,-0.0263809598256417,0,0,2.70704314412965E-12,6.93706185287086,0,0,150,
4349,1.59281148616884E-13,1.59281148616884E-13,1.59281148616884E-13,0,0,5.38234028425613E-08,29.5171497676147,0,4.00714512618385E-20,28.3553721975933,28.3488841695855,3.45828249415092E-06,-0.0263809601982334,0,0,2.71997778693195E-12,6.93599415518806,0,0,150,
4350,1.59281148616884E-13,1.59281148616884E-13,1.59281148616884E-13,0,0,8.14797273669101E-09,35.1850602369681,0,2.69905726563005E-22,30.5271457330486,30.5206577050409,5.92623727868613E-11,-0.0263809603353025,0,0,2.73264512777453E-12,6.93499336989902,0,0,150,
4351,1.59281148616884E-13,1.59281148616884E-13,1.59281148616884E-13,0,0,9.30262691766723E-10,26.8768128727025,0,1.81871226805649E-24,32.6985695290522,32.6920815010445,-1.0653700144303E-12,-0.0263809603857275,0,0,2.74505398589445E-12,6.93410610105127,0,0,150,
4352,1.59281148616884E-13,1.59281148616884E-13,1.59281148616884E-13,0,0,5.90976307423418E-11,6.07119577241936,0,1.22550605886487E-26,34.869994186607,34.8635061585992,-1.84297022087776E-13,-0.0263809604042775,0,0,2.75720952599224E-12,6.93324634699101,0,0,150,
4353,1.59281148616884E-13,1.59281148616884E-13,1.59281148616884E-13,0,0,1.42780623294108E-11,19.7134120305425,0,8.25667665146043E-29,37.0415421484108,37.035054120403,0.00399704532328604,-0.0263809604111018,0,0,2.7691118839476E-12,6.93238213490889,0,0,150,
4354,1.59281148616884E-13,1.59281148616884E-13,1.59281148616884E-13,0,0,3.19167241111435E-12,43.8102201350054,0,5.56475993957671E-31,39.2127874252807,39.206299397273,1.09475246912183E-06,-0.0263809604136123,0,0,2.78078513801422E-12,6.93161591909788,0,0,150,
4355,1.59281148616884E-13,1.59281148616884E-13,1.59281148616884E-13,0,0,2.28063321021936E-13,15.229477853337,0,3.75105171229971E-33,41.3839017807019,41.3774137526942,0.157691568703404,-0.026380960414536,0,0,2.79221860853711E-12,6.93089497223207,0,0,150,
4356,1.59281148616884E-13,1.59281148616884E-13,1.59281148616884E-13,0,0,5.81314777650274E-14,43.5644961535155,0,2.52769136446127E-35,43.5552873845142,43.5487993565065,1.92701948233953E-05,-0.0263809604148757,0,0,2.80344631527522E-12,6.93014038798732,0,0,150,
4357,1.59281148616884E-13,1.59281148616884E-13,1.59281148616884E-13,0,0,1.06066694191365E-14,60.5951055502594,0,1.70319226243184E-37,45.7267357135789,45.7202476855712,0.0692655433658702,-0.0263809604150005,0,0,0,6.92938881273835,0,0,150,
4358,1.59281148616884E-13,1.59281148616884E-13,1.59281148616884E-13,0,0,7.54554392766062E-16,25.9790485357876,0,1.14782629554609E-39,47.8980383153556,47.8915502873479,0.00858840110991377,-0.0263809604150467,0,0,2.82526978391672E-12,6.92868722069692,0,0,150,
4359,1.59281148616884E-13,1.59281148616884E-13,1.59281148616884E-13,0,0,1.94626045134143E-16,60.7895959706326,0,7.73419516976057E-42,50.0694879910852,50.0629999630774,0.0336619439815333,-0.0263809604150635,0,0,0,6.92797320161809,0,0,150,
4360,1.59281148616884E-13,1.59281148616884E-13,1.59281148616884E-13,0,0,2.68686144714423E-17,61.9263122672664,0,5.21134982960818E-44,52.2409453806442,52.2344573526365,0.132628879438713,-0.0263809604150698,0,0,0,6.92727243697177,0,0,150,
