4320,122.721812382408,101.471990490481,85.7656003964478,510.747898650822,11.6815869770221,91.5103296711852,97.8019982441216,74.6529258975678,42.7140044051634,7.45235092942212,7.38335862602994,3.13182585833688,7.27043646592988,5172.45772543758,69.2867381050111,771.014470413497,7.07590840392378,1.0000354,1,0,
4321,123.332749181928,102.186492025805,86.5566497799755,507.272704275012,11.6596090185342,92.8269251310152,97.9562930854038,75.1397149036498,42.7107330900142,7.4517819890031,7.38332462876489,3.08250923839183,7.28886063251077,5180.81248801657,68.9490570287608,769.803896278522,7.07571326488827,1.0000354,1,37.5,
4322,123.508348475685,102.418245821232,86.8299090766372,507.920242199021,11.6861519609927,92.1303944958573,97.8833377755331,74.9099025457274,42.7664603495937,7.45153903222577,7.38269466384656,3.00577109358722,7.2751726802554,5151.25142198989,68.765960799981,773.652619037075,7.07578297336161,1.0000354,1,37.5,
4323,122.96822224826,101.973739952905,86.4560791259038,507.926399187653,11.7034993594311,91.7209222103561,97.842017613481,74.8789372232754,42.7805206939446,7.45138081734295,7.38249013694655,2.90567312091786,7.23539585676341,5125.77647132024,68.4541829972307,771.583703141588,7.07582366634793,1.0000354,1,37.5,
4324,122.177401653475,101.299469546496,85.8679545109022,506.300117203914,11.6999775188103,91.8093592234404,97.8588719727695,74.785672658836,42.8094247442585,7.45154285773061,7.38213667654625,2.81585330734268,7.1915582667946,5090.97198223069,68.0741618178009,768.023957265307,7.07578620936038,1.0000354,1,37.5,
4325,122.984102773491,102.062536437563,86.598770015356,517.79561273681,11.8513823296667,88.2577068596844,97.4377033305369,75.4651501189665,42.7191460142826,7.45205693295043,7.38299464253009,2.65587160206345,7.07434649820184,5147.96348516907,68.2164346993758,775.29156621131,7.07570995406673,1.0000354,1,37.5,
4326,122.212150917425,101.781552067112,86.6806746560106,510.985834982043,11.7861748718987,89.2705810073217,97.5793890308273,75.7608423251904,42.7450359801935,7.45345500535016,7.38267471404532,2.51903735525217,6.95498070325979,5046.85367082169,66.6155960774424,766.420468822497,7.07775932656157,1.0000354,1,37.5,
4327,122.158840822971,101.728429738156,86.6276911102501,515.397561738489,11.8513764323983,88.066289343843,97.4321710176279,75.8696101071609,42.7010047833033,7.4531685622133,7.38306598314123,2.40779448412651,6.84733363677365,5054.05285222692,66.6149838530658,767.322924537655,7.07773869148789,1.0000354,1,37.5,
4328,121.792028699374,101.623016128921,86.7154850985854,515.918266955412,11.8703431717876,87.378060417304,97.3593192852296,76.0755854260813,42.6990751910994,7.4548754501802,7.38303071384643,2.28936319474258,6.72786929021715,5002.93385989788,65.7626731608785,765.504564486921,7.07836549859863,1.0000354,1,37.5,
4329,121.081138426891,101.156941655955,86.4303614339592,513.334338463695,11.8532561494099,87.6001636471005,97.3963167799904,76.3749126283062,42.6640563756613,7.45524915903691,7.38333226498099,2.17122597958251,6.60927490240373,4961.65279749808,64.964431732249,767.391988585149,7.07943620054641,1.0000354,1,37.5,
4330,121.148695048686,101.195167241691,86.4469075582596,516.764447301354,11.9046293309939,86.6222789069049,97.2744797803513,76.522169781106,42.593646084011,7.455374998401,7.38399489345308,2.07869614271505,6.51633338030818,4978.53756283188,65.0600679133006,767.468384785856,7.07992355836892,1.0000354,1,37.5,
4331,120.859434254566,101.139098538943,86.5631982273956,517.291140896494,11.9222750900888,86.1763298437431,97.2264760102356,76.7638691052221,42.5889476406568,7.4563193858198,7.38398939543054,1.97479440841263,6.41196894980316,4935.89578943849,64.2997265116059,766.16941982803,7.08057714219061,1.0000354,1,37.5,
4332,120.356967555735,100.856562002378,86.4432187672875,516.293372506936,11.9226126214307,86.0680274931217,97.221561305373,77.0878511113215,42.5587943148279,7.45692806574649,7.38424340243543,1.86334291976536,6.30740977527638,4901.44805930448,63.582626686874,762.947598348331,7.08120103432198,1.0000354,1,37.5,
4333,120.04820203606,100.541356696786,86.1232536199305,515.759600629414,11.9279133764878,85.9378467652095,97.2123440672088,77.4678163960037,42.5370152428416,7.457340551353,7.38441189583597,1.74941293824894,6.20028125586869,4927.23387561695,63.6036241221732,767.506603745034,7.08210806149184,1.0000354,1,37.5,
4334,120.398178328932,101.248514393965,87.0944149637728,526.425445273563,12.0530539334592,83.5285977508393,96.8937511559334,78.0401492403245,42.4678120282322,7.45951679569162,7.38506577870938,1.6002885372166,6.03635434787313,4872.74932187551,62.4390056824453,770.474581291309,7.0831578651218,1.0000354,1,37.5,
4335,120.030396267049,101.156186892391,87.2056843111224,521.065238552664,12.0068591463906,84.1141195321145,96.9904092582663,78.2484206856263,42.4279464109078,7.46034242416838,7.38542044640424,1.49772458209668,5.91788599579358,4815.47542596051,61.5408641320358,765.63985949482,7.0847457644692,1.0000354,1,37.5,
4336,119.186558340559,100.564936890349,86.8011297314975,517.501659115523,11.979181079194,84.6229540350293,97.066317984847,78.5593222289844,42.3955640930251,7.46005745291372,7.38569816788595,1.38595641473815,5.80482734114517,4769.90844848957,60.7172810705554,770.189601711007,7.08522162718913,1.0000354,1,37.5,
4337,119.045966512834,100.412605660272,86.6401215518566,515.808744937433,11.9711773113652,84.7250114873149,97.0891434113351,79.0731347667897,42.3702555548779,7.46048181457691,7.3859028412004,1.27031831295028,5.69502249382308,4804.13245147563,60.7555583276729,767.575470379429,7.08592142193682,1.0000354,1,37.5,
4338,118.99865804888,100.781806879349,87.3171777540428,521.884061479655,12.0461341279096,83.289471739732,96.9022319501194,79.528666819097,42.3438550418578,7.46220031506404,7.38611967665833,1.13869132613101,5.53224463419045,4723.80361408799,59.3974953061036,769.40933669702,7.08662206380575,1.0000354,1,37.5,
4339,118.239891444741,100.293536522442,87.0288394059599,519.573960799086,12.0315454157701,83.504054369876,96.9407911733088,79.7633894307017,42.3326286397555,7.4624162978383,7.38618051650911,1.03453474363742,5.41255527120623,4667.39626778373,58.5155207307076,762.965823603256,7.08774215239829,1.0000354,1,37.5,
4340,118.152720685794,100.437053154585,87.3428641097779,521.516545115888,12.0622714755053,82.9449602282375,96.8700275879228,80.3951548255403,42.2681853885008,7.46308515983763,7.386787428925,0.884425716420979,5.21083576210455,4643.8931532671,57.7633461039347,764.52798661953,7.08778609964148,1.0000354,1,37.5,
4341,117.413311176808,99.9669400418084,87.0717961594176,520.098357260927,12.0570620251073,82.866563857599,96.8749074025179,80.6383410593465,42.298285394751,7.46453680145875,7.386423693948,0.796988598511265,5.09574980152945,4587.13491135778,56.885283738437,767.78270759672,7.08914658889177,1.0000354,1,37.5,
4342,116.759951776262,99.3029579344644,86.3999624861791,514.598736353233,12.0080625192766,83.6613882679593,96.9940533549369,81.0244286840314,42.2667797945437,7.46433899963236,7.38669204873656,0.703662943620744,4.99461194217542,4611.90399231478,56.9199199206907,761.040303949137,7.09001846052944,1.0000354,1,37.5,
4343,116.792756073832,99.7134333100368,87.0895860498405,525.325385673749,12.1331400456904,81.5655347833748,96.702689681237,81.5403096536822,42.1950546245939,7.46594039363439,7.38737484899985,0.578956150164127,4.83776201767431,4540.85698510931,55.688493266646,763.787617529724,7.09051889376449,1.0000354,1,37.5,
4344,116.303431013809,99.4692808267321,87.0266480797621,520.141531386361,12.087230368951,82.0944178819801,96.796149453054,81.9844752079393,42.1681300360447,7.46694679288412,7.38759722537092,0.485712279762886,4.73691902565855,4500.05311839036,54.889088537516,768.196192409851,7.09198499196109,1.0000354,1,37.5,
4345,115.792908436929,99.131538169667,86.8166123199514,520.764485904426,12.1037305502923,81.8714638316233,96.7686315463975,82.2371257777149,42.1478283606522,7.46693169890809,7.38775156483937,0.425681673182466,4.67172043309609,4467.59154859402,54.3257258366473,764.260097853849,7.09292908451972,1.0000354,1,37.5,
4346,115.829259733839,99.2421023601778,86.9820295187763,526.538779369672,12.1760090689503,80.7070322139362,96.6046043295494,82.7023766792867,42.07659175793,7.46801071609712,7.38843174985239,0.325198625874807,4.56286143976837,4472.85456395877,54.0837487815392,765.887551721726,7.09313336784603,1.0000354,1,37.5,
4347,115.253744561915,98.9676205920271,86.9300507012406,526.85109443243,12.1892160890441,80.3758859618868,96.5711910455861,83.1370142462084,42.0847416106401,7.46957499477714,7.38829360180874,0.222871976251026,4.45692565245496,4414.75880461023,53.1022053731208,770.590833814355,7.09447008658466,1.0000354,1,37.5,
4348,114.621097798723,98.5280786112611,86.6332383422676,523.1850659085,12.1590944835092,80.7736362802828,96.6411393876883,83.5407460448941,42.0678046527758,7.46979730312431,7.38841479159734,0.154823835688561,4.38725830630518,4383.59779820833,52.4725718376111,763.58938073558,7.09608879191424,1.0000354,1,37.5,
4349,114.281357610983,98.4104411337132,86.67976373747,541.790779753562,12.3721249142684,77.6499135105416,96.1680987448342,84.1772467636606,42.049565235052,7.47354369287582,7.38855056495136,0.0222666140301047,4.2302570988359,4356.03684710561,51.7483882471922,772.388716829366,7.09681610683408,1.0000354,1,37.5,
4350,113.275330632329,97.4680493750413,85.7844067066116,542.214663006446,12.3867715416269,77.3606731883874,96.1359203604111,84.8609407721443,42.0206256053149,7.4747960238033,7.38879769836185,-0.0623234214865405,4.11415816487591,4373.80930807346,51.5409005400653,769.68728968439,7.09953618559811,1.0000354,1,37.5,
4351,111.878258332416,96.2789911485707,84.749098012685,553.650753469223,12.5224383711195,75.5116638641845,95.8380008813621,85.793823064359,42.0115311528283,7.47775441087887,7.38884156926939,-0.174714393698136,3.94737040454628,4363.70154410345,50.862654072776,767.13781612667,7.10159083997312,1.0000354,1,37.5,
4352,108.32993534327,93.4610035300385,82.470923494172,580.700795074765,12.8327007138342,71.500953393427,95.1079181428568,87.579864157424,41.9380958263209,7.48395017294268,7.38955383551221,-0.313370994641089,3.56100102107884,4245.9889420639,48.4813373817499,767.29928766507,7.10574534482311,1.0000354,1,37.5,
4353,106.89124555109,92.1169842968309,81.1968781523789,580.271550409726,12.8369055921022,71.3243605325929,95.097287484508,89.9268831436604,41.8058000609782,7.48576098879875,7.39088219196691,-0.382094016749063,3.34205679462065,4332.01684981824,48.172656478016,756.460435529833,7.11001981966554,1.0000354,1,37.5,
4354,106.952939524334,92.5392410327877,81.8856377999056,588.104713961731,12.9324682606603,70.3305345661625,94.8945669158458,92.1062022290126,41.7554951945796,7.4865747202373,7.39136501451853,-0.459624443166495,3.19711548441982,4328.7163696924,46.997012849683,757.945537078835,7.11109423833318,1.0000354,1,37.5,
4355,106.003373992574,91.9401632985036,81.5456162637559,581.876356197708,12.8686113590375,71.4072757717465,95.1198342485133,93.9366401067948,41.9061217734488,7.48515399956639,7.38976420398619,-0.545533516927405,3.06103765050017,4307.39130971915,45.854219448579,751.710336118078,7.11176105552232,1.0000354,1,37.5,
4356,104.602517513427,90.5942532888032,80.2403188619076,596.224100071047,13.0352987846394,69.9018945566539,94.7978621886838,95.8143124922962,42.1622033740723,7.48572882741103,7.38708513175571,-0.632052983907076,2.89055719390201,4376.3246736485,45.6750621051565,752.854373437263,7.11137244506846,1.0000354,1,37.5,
4357,101.723684912981,88.3448885573914,78.4562129902163,605.300512641096,13.1422759022604,68.9499534739606,94.5958729024442,98.0023626746531,42.3704396718124,7.48699892753788,7.38491589677962,-0.761102130710267,2.54807632154081,4275.12099652011,43.6226319431971,754.099332736965,7.111842782523,1.0000354,1,37.5,
4358,98.2246206144809,85.3172947081994,75.7770972992087,593.072134825956,13.0074822770978,70.8592535098798,95.0136135493734,98.7156450882533,42.6516179444819,7.48524544251335,7.38201785270536,-0.835720232143088,2.25639271239734,4154.48395102302,42.0853649622494,740.510330153504,7.11087036867872,1.0000354,1,37.5,
4359,93.7257528944368,80.641242950731,70.9700834271225,611.896506507422,13.224712221767,68.9956971484923,94.5831051269316,98.4849039286116,43.0950428712704,7.4844552288246,7.37750375696249,-0.872744784980735,2.04540135101997,4201.67008748753,42.6630876396364,733.677442676873,7.10749469500245,1.0000354,1,37.5,
4360,86.9406617058872,73.994755269192,64.4260418159825,623.291481933378,13.3592013161292,67.6550079508416,94.2703080838732,95.2185384210992,43.5029079711763,7.48524492556163,7.37339416321766,-0.913003088729835,1.77982032751041,4019.28494663558,42.211159856923,714.027625210824,7.10647243394148,1.0000354,1,37.5,
