4320,127.210191110331,106.55972048185,91.296329147755,522.933170551157,11.8103414972967,92.5483109604863,97.8959652875798,76.0710012521244,41.622960040588,7.4456490630489,7.37282313896955,2.97715433800393,7.46711808805168,5122.05111295056,67.3325055361687,753.219553357666,7.09494216881912,1.0000354,1,0,
4321,129.594329316157,109.34352413464,94.3755376961265,519.050051264866,11.8443930006352,92.2706883743289,97.8907818022286,76.9654108098671,41.6776244975376,7.44516998423364,7.37200836425785,2.7677641195145,7.46391998349455,5081.97716340679,66.0293644889539,764.550364630871,7.09500584598893,1.0000354,1,150,
4322,127.698119391558,107.745020692101,92.9970781751119,515.732617281533,11.8796491172119,91.7356927640474,97.8522445658326,76.3087732806307,41.8111518247745,7.44417930115811,7.37038351311355,2.47304621306746,7.36962371535857,4964.54720541231,65.0586687739671,758.948341861583,7.09531930338904,1.0000354,1,150,
4323,126.055978648849,106.075562322627,91.307428516289,521.661849673688,12.0128340310473,88.0869713310658,97.444836879132,77.1281971035799,41.7993190533817,7.44500926550376,7.37027611456113,1.99383739822578,7.08069997602209,5024.7277372438,65.1477400735273,752.822989782148,7.09493705396427,1.0000354,1,150,
4324,124.727151418105,105.588788317682,91.4430416782389,535.112016061885,12.2230546283594,83.5116404127216,96.8827824590959,78.1863602979672,41.8011157902845,7.44972330771832,7.37003299527013,1.48209898096368,6.57670584001229,4878.99764086397,62.4021584106252,759.837449638776,7.09854558636168,1.0000354,1,150,
4325,122.884375089458,104.624206827057,91.1275607200655,548.30580763812,12.4358474460122,79.9766087975422,96.4001122536039,79.2926734559983,41.6425743809297,7.45320915957873,7.37146151612658,1.05256977320655,6.09602282266289,4720.98540416358,59.5387341402152,755.333990496311,7.10243785892136,1.0000354,1,150,
4326,121.593292256498,103.638899957433,90.3682621711676,542.880305164013,12.4466002717353,79.5375645002495,96.3885745204279,80.4037740684065,41.5164662718356,7.45533959212431,7.37256053730058,0.711364101535343,5.74690262352082,4706.97581044361,58.5417272383131,754.036660674361,7.10578613195737,1.0000354,1,150,
4327,119.449368553466,102.440886289657,89.8693993990154,554.627328012562,12.6502581083976,76.7661861836943,95.9828819069729,82.0813701854272,41.423999665444,7.45830732019944,7.37331445573604,0.15411426657043,5.17822209041692,4552.02858596689,55.4575121697355,759.855587221493,7.10884215771259,1.0000354,1,150,
4328,115.48356486503,99.5785743708783,87.8227118317229,594.995645773303,13.1916007098802,69.7048048437801,94.7044481532023,84.2137353307311,41.2936011467924,7.46878493523414,7.37447082175194,-0.301236946393877,4.49868412632947,4367.28130589943,51.859489295278,759.363286134313,7.1152127460872,1.0000354,1,150,
4329,110.741283589664,95.5629435445278,84.3441704676877,614.073338828093,13.5003681322831,65.4452637868462,93.8266453631111,87.2767855933091,41.0889892465571,7.47828930901771,7.37641815927881,-0.688541066263486,3.85236493219726,4319.34449081582,49.4901875848525,762.651327954766,7.12477255072419,1.0000354,1,150,
4330,89.8155856898649,75.678350216124,65.2290892137937,642.472024201738,13.9271123462889,59.8595614982237,92.3440121849951,86.9625609041864,41.3134484287198,7.48728425992023,7.37385399788922,-1.1574393064787,2.40319715090843,4008.58995650632,46.0955831432207,714.274507484068,7.13372571161613,1.0000354,1,150,
4331,45.2838628809146,32.3530932287803,22.7955678337245,604.437568461381,12.0308465787882,55.1082702106578,90.8796009965786,69.174118438603,41.6111975246333,7.49952121519648,7.37055392179171,-1.2777209224795,0.505442720073567,2916.50570402106,42.1618051643068,479.282998124307,7.12715307351346,1.0000354,0.805186018934888,150,
4332,41.8704451194954,29.9738677904914,21.1807454168798,609.802613759358,10.3799023277347,49.5089208347502,87.8390001881694,72.5753537302511,43.2127756605671,7.4804125014253,7.35392287160736,-1.42185728265698,0.09316635866023,2815.17900428967,38.7897386591205,444.396229162144,7.10818127673744,1.0000354,0.569086867913566,150,
4333,40.8657515042584,29.4503824070501,21.0129356830266,614.985916412076,10.0806077569587,48.7077073836831,86.6667759241573,76.3236018343281,47.3218205517898,7.44888845790147,7.31354643072155,-1.44803478709495,-0.106095159520936,2840.81947907115,37.2207208621728,432.695871187308,7.08494586293118,1.0000354,0.508463601089181,150,
4334,44.7284640215199,33.6544471559783,25.4693042553605,982.227149666951,16.2493770802368,50.5478506134333,88.4744984598235,92.038527319736,54.8359031976245,7.47218683298823,7.24686738980585,-1.43847932199972,-0.191969652715924,3323.30088601532,36.1077147015877,485.200072976885,7.06405087338346,1.0000354,0.64712025659232,150,
4335,69.0444267552279,59.5633214565061,52.5555479748421,1841.53901088861,33.5028439109921,61.627778500608,95.6837253854207,153.180821795532,58.5616976622619,7.67853580243664,7.21235029026918,-1.69797195104295,-0.207824745211151,4735.41654054082,30.91389956676,518.229172255922,7.14163391597513,1.0000354,0.996799579181477,150,
4336,46.577590059217,34.3366791969616,25.2890494292076,1293.42616100435,23.7988111088184,67.0234526348993,95.4753162829631,84.1776550413925,69.3655289902851,7.5469716925956,7.13050043564982,-1.1578231672071,0.187683071958712,3359.73776038434,39.9124655911627,413.342237220522,7.15579237263454,1.0000354,0.958286370480553,150,
4337,45.374621847372,33.3294282550622,24.4264590781375,1725.72160860926,31.509325963748,52.8727763936751,93.2874606706544,85.6557443535195,82.9093620040606,7.65137151387302,7.04203194636189,-1.2091559865612,0.106577230336785,3364.07058524111,39.2743138318531,394.312758694531,7.17502539217201,1.0000354,0.95319185261576,150,
4338,47.9670274833413,36.3305273109939,27.7296358792588,380.240569397369,33.923834760169,64.2500376892454,93.9603878058624,88.3331999876272,86.0471760427309,7.4597575193246,7.0107256641809,-1.26540231618609,0.0498013536369357,3351.51498568216,37.9417363590542,392.503036280215,7.19112043821366,1.0000354,0.963127852705841,150,
4339,5.28874139207502,5.28874139207502,5.28874139207502,0,8.45583139829945,24.3924275512436,68.4744774638897,0,18.7885618987287,7.66555362890362,7.6551097277491,3.55683519238961,0.0177546844556864,0,0,1.91961458731538,7.02927679344739,0.00598337498202814,0.325280052542316,150,
4340,1.3103263690968E-09,1.3103263690968E-09,1.3103263690968E-09,0,0,0.558669766679797,7.35299298176583,0,0.0799622281442329,10.0327484721511,10.0261225560792,0.00893117665867349,0.0124161632157196,0,0,2.13390543993129E-08,7.03092262855916,0,0,150,
4341,1.59281148616884E-13,1.59281148616884E-13,1.59281148616884E-13,0,0,0.114225960878882,17.0365048813401,0,0.000537299019645978,12.2055208821249,12.1989112465746,-2.41346681328913E-05,0.0104279276029784,0,0,2.60880563129783E-12,7.03048622232546,0,0,150,
4342,1.59281148616884E-13,1.59281148616884E-13,1.59281148616884E-13,0,0,0.02957460704078,47.7212441803925,0,3.61939822386413E-06,14.3772004787687,14.370590952614,-1.98407899336672E-05,0.00969649659692973,0,0,2.62365526030508E-12,7.02963228615598,0,0,150,
4343,1.59281148616884E-13,1.59281148616884E-13,1.59281148616884E-13,0,0,0.0059143021242661,69.1589121083292,0,2.43734299431196E-08,16.5491674586537,16.542557933236,0.661548748247641,0.00942741816716541,0,0,0,7.02855463021131,0,0,150,
4344,1.59281148616884E-13,1.59281148616884E-13,1.59281148616884E-13,0,0,0.00016922658905305,5.92259242198503,0,1.64133671856824E-10,18.7211329770769,18.7145234516641,0.000245247184068376,0.00932842974479531,0,0,2.65319186146847E-12,7.02745035720417,0,0,150,
4345,1.59281148616884E-13,1.59281148616884E-13,1.59281148616884E-13,0,0,2.45427132872157E-05,6.87835260822647,0,1.10567523840749E-12,20.8928007707486,20.8861912453359,-3.0847056065042E-07,0.00929201393929358,0,0,2.66776273755909E-12,7.02642831650415,0,0,150,
4346,1.59281148616884E-13,1.59281148616884E-13,1.59281148616884E-13,0,0,5.78001336770962E-06,20.9136575578184,0,7.44727473810451E-15,23.0645887771843,23.0579792517716,2.13549223770926E-06,0.00927861731311586,0,0,2.68201370687786E-12,7.02540303790875,0,0,150,
4347,1.59281148616884E-13,1.59281148616884E-13,1.59281148616884E-13,0,0,1.86884444950343E-06,66.2463556815388,0,5.01638286741888E-17,25.2363297673564,25.2297202419437,0.00495873479392683,0.00927368896976377,0,0,0,7.02441457478393,0,0,150,
4348,1.59281148616884E-13,1.59281148616884E-13,1.59281148616884E-13,0,0,2.52424370873893E-07,66.1783372521345,0,3.37904338678774E-19,27.4080511733889,27.4014416479762,-5.68038829307227E-08,0.00927187593356527,0,0,2.70961517641504E-12,7.02345884099665,0,0,150,
4349,1.59281148616884E-13,1.59281148616884E-13,1.59281148616884E-13,0,0,3.81833743347838E-08,71.6831199017351,0,2.27621824364195E-21,29.5797385003943,29.5731289749815,0.340880286646334,0.00927120895482192,0,0,0,7.02253261535242,0,0,150,
4350,1.59281148616884E-13,1.59281148616884E-13,1.59281148616884E-13,0,0,3.33394852335049E-09,48.0694563608035,0,1.53316521980766E-23,31.7515159734069,31.7449064479941,-6.210636005477E-09,0.00927096358705448,0,0,2.73608321544044E-12,7.02162253301172,0,0,150,
4351,1.59281148616884E-13,1.59281148616884E-13,1.59281148616884E-13,0,0,6.95602534336975E-10,71.510720767933,0,1.032724509732E-25,33.9232525124897,33.9166429870769,0.166026532115739,0.00927087332129739,0,0,0,7.02073920389482,0,0,150,
4352,1.59281148616884E-13,1.59281148616884E-13,1.59281148616884E-13,0,0,3.12182524709143E-11,16.5684167706856,0,6.95751116411752E-28,36.0948412477575,36.0882317223448,4.95467000760641E-09,0.00927084011438106,0,0,2.76146503983057E-12,7.01991127704555,0,0,150,
4353,1.59281148616884E-13,1.59281148616884E-13,1.59281148616884E-13,0,0,4.76514065001035E-12,20.7824124991192,0,4.68801654265295E-30,38.2662983908542,38.2596888654414,-1.74731784596815E-10,0.00927082789823919,0,0,2.77379634218701E-12,7.01914102320911,0,0,150,
4354,1.59281148616884E-13,1.59281148616884E-13,1.59281148616884E-13,0,0,9.43349113512025E-13,38.6631233079539,0,3.15887404608513E-32,40.4377396330857,40.431130107673,-8.76871908417343E-11,0.00927082340417185,0,0,2.78588791429349E-12,7.01839585385573,0,0,150,
4355,1.59281148616884E-13,1.59281148616884E-13,1.59281148616884E-13,0,0,1.75145190474195E-13,56.6446569118792,0,2.12878416105965E-34,42.6090685821799,42.6024590567672,-4.76667594284663E-11,0.009270821750897,0,0,2.79775050689075E-12,7.01769646511645,0,0,150,
4356,1.59281148616884E-13,1.59281148616884E-13,1.59281148616884E-13,0,0,3.27868056493591E-14,73.4056119063109,0,1.43457549096407E-36,44.7804126194964,44.7738030940836,0.180462950506597,0.00927082114269107,0,0,0,7.01700880822229,0,0,150,
4357,1.59281148616884E-13,1.59281148616884E-13,1.59281148616884E-13,0,0,6.87981431774215E-16,3.65997110303707,0,9.66934153824381E-39,46.9515932226951,46.9449836972823,7.87506391208836E-07,0.00927082091894471,0,0,2.82080419342435E-12,7.01637735003001,0,0,150,
4358,1.59281148616884E-13,1.59281148616884E-13,1.59281148616884E-13,0,0,1.68534866893494E-16,12.9687037174544,0,6.51612499942199E-41,49.1229358007483,49.1163262753356,0.000457845984841665,0.00927082083663278,0,0,2.83202023440674E-12,7.01572899142896,0,0,150,
4359,1.59281148616884E-13,1.59281148616884E-13,1.59281148616884E-13,0,0,6.04951692176041E-17,58.4575739195134,0,4.39151680344281E-43,51.2942131071992,51.2876035817864,3.59128288662802E-06,0.00927082080635211,0,0,2.84303309795483E-12,7.01511095497283,0,0,150,
4360,1.59281148616884E-13,1.59281148616884E-13,1.59281148616884E-13,0,0,4.55103565511665E-18,26.7534020399164,0,2.95979324397707E-45,53.4654470463307,53.4588375209179,0.000240132273679805,0.00927082079521213,0,0,2.85384182612179E-12,7.01451117850534,0,0,150,
