4320,128.943213533102,108.569240262989,93.5102165416011,522.315337093158,11.8014417049334,91.6529364785685,97.800424857329,75.9907045957606,41.8765074127439,7.44777656325812,7.37420789080675,2.83009327320944,7.31998613841233,5048.13575066395,66.4309638595662,756.806409056232,7.09339790586831,1.0000354,1,0,
4321,131.718604058912,111.717484158941,96.9340477111371,516.784772928881,11.8165923689959,92.1024252813153,97.8782348279845,76.7192703324994,41.9285726219328,7.44707812000047,7.37343468523661,2.64172990076376,7.31856191735783,5003.26606665491,65.2152457260201,771.386304402806,7.09383042767906,1.0000354,1,150,
4322,130.03613912914,110.092021050796,95.3507163841943,513.069079829842,11.8475577214871,92.0590770248768,97.8954543329326,76.653516362946,42.0617072301834,7.44605043106044,7.3718333664363,2.25225527531375,7.20093400932839,4984.73116077556,65.0293867429827,765.226022443826,7.09408860099953,1.0000354,1,150,
4323,128.98165150855,109.631873506142,95.329863678276,526.168043919583,12.0593015413635,86.3066718612208,97.2312248649723,76.9980072979346,42.1098399240481,7.44883313987201,7.3711179830074,1.7900268318267,6.84315174732927,4857.9192808358,63.0914935504586,762.415635953759,7.09543444064105,1.0000354,1,150,
4324,126.895071151996,108.062465526069,94.1427135416872,532.444141846098,12.1934019638734,83.8607328576142,96.9282722818613,77.4777961831511,42.0245917297875,7.44945447762786,7.37178324717105,1.38973633630004,6.50166626366886,4757.54048388599,61.4052117930609,762.04263674209,7.09654382093422,1.0000354,1,150,
4325,124.895836989327,106.789296643401,93.4062016051084,541.39425464949,12.3595659685473,80.9235694266652,96.5493099264873,78.6532310088965,41.9356148805009,7.45320336587499,7.3724926378927,0.907833159262898,6.01112130751816,4643.51514314479,59.0378180728464,758.336089905696,7.09943684222533,1.0000354,1,150,
4326,122.449560693855,105.171195943605,92.4002306934202,554.763017358882,12.5792309373121,77.4598091705489,96.0593885022153,80.0529166129866,41.8204355259851,7.45871121269126,7.37347888541125,0.438901765047491,5.46309769025756,4509.98003125025,56.3374855291483,760.030388019199,7.1037039154413,1.0000354,1,150,
4327,119.227392948665,102.719749272233,90.5184474244346,570.847880318758,12.8363406744932,73.6377234557859,95.4640288203134,81.8259883036281,41.6447437712532,7.46634482885732,7.37510115867137,-0.0436204967273213,4.81668526093547,4404.24192829251,53.824488033678,760.912464167022,7.10944217427128,1.0000354,1,150,
4328,114.921699713361,99.7150568412523,88.475364283607,596.35772497368,13.2112980216938,68.6225486946488,94.5251285283154,84.2407443176377,41.3808100778191,7.47523433426877,7.37765800436387,-0.476678607020149,4.11981482351749,4176.864279688,49.5824712082164,751.640473305836,7.11725254053626,1.0000354,1,150,
4329,108.182164199777,93.6076268808959,82.8351427756356,613.561399097695,13.4992604513616,64.8178550820396,93.7194689273646,87.7486871574705,41.2069729430204,7.48303767788779,7.37928639257529,-0.878227060662422,3.37392870823203,4169.94403033413,47.5214406666952,752.32492538651,7.12624144117173,1.0000354,1,150,
4330,81.8099823596689,67.5731635298729,57.0502974382845,635.571359912374,13.8496688779812,60.1008102185083,92.4819204102153,80.0131116832312,41.8145231969294,7.49072625194589,7.37274452305833,-1.21018253590768,2.05846558497089,3714.2312571165,46.4202826134422,688.726166342773,7.1329753811233,1.0000354,1,150,
4331,45.9839863975907,33.3176845202338,23.9556353065352,693.752645909059,13.0792460105414,51.5733824959735,89.7573365981194,69.7229874134293,41.9668550598248,7.52115931039105,7.37099741730026,-1.36972196127116,0.400539578098622,2879.52360558035,41.2994869038805,493.429995158137,7.12874354230161,1.0000354,0.793837226346361,150,
4332,42.725621340727,31.2013851931516,22.6834715188567,663.40379439984,11.4308370834744,48.5390407391302,87.9037825045789,73.2352757964875,43.2825115035654,7.50454745247045,7.35730418885338,-1.48161053692711,-0.0234054850832268,2751.86606123687,37.5756905577033,460.209747455308,7.12128355007903,1.0000354,0.614473287411031,150,
4333,42.2911216970392,31.1054774053057,22.8378272766331,605.356518590472,10.6843915655032,51.7801194909155,88.6118887174936,76.8187282917864,47.3934209385163,7.45575622731916,7.31675584782273,-1.46504477946995,-0.178177591947684,2801.70844672519,36.4716848225246,453.982690215099,7.09943936032933,1.0000354,0.602802539442155,150,
4334,53.5415111876271,43.0312004704255,35.26270994032,1285.8505785077,22.4786582186952,52.1316998763003,90.872343686198,108.880871193479,54.9507978235587,7.54584553124313,7.24945162875547,-1.54466087593092,-0.210893429013238,3731.31543086872,34.2697058718262,541.560070966528,7.08921702238777,1.0000354,0.858946309114203,150,
4335,50.6592674373731,38.5187069139807,29.5452491358211,688.325152199343,14.9998856452894,110.498139744118,99.6530446416661,83.0626940429684,60.4894255642171,7.55568162473131,7.20134518371258,-1.17301280976839,0.261673284484164,3288.05878125028,39.5852653123598,417.857614171221,7.17567815268262,1.0000354,0.996534792978556,150,
4336,46.8443781629512,34.9439290326831,26.1479448929197,1459.92497756503,26.6266362913984,60.8500910496102,94.5578332970135,83.0257431226821,75.6311430104895,7.58628441726198,7.09615094634558,-1.24760000811619,0.0873029286775617,3221.59502097886,38.8023629757641,413.927172120335,7.15423808338114,1.0000354,0.957920235006198,150,
4337,46.6986315116246,34.9574233072558,26.2791389822876,1581.9433889555,29.0687768251608,54.5621560968577,93.5507332378632,85.0569023577114,78.5388893006003,7.63246912599854,7.06843076668664,-1.27355529721931,0.0430824886061978,3256.2457469439,38.2831452437521,405.43115552252,7.17684080130306,1.0000354,0.957981653564621,150,
4338,48.4359094734791,37.0374340548093,28.6124739627489,1073.53765292323,32.1359539755134,54.6262291634092,93.1579234845542,87.8478411016266,80.5683276251032,7.59733227452925,7.04208828753698,-1.34921220895061,-0.0284954342218833,3264.92103306343,37.1656376767007,405.329214943871,7.19986171286335,1.0000354,0.963411997028322,150,
4339,49.9224626460238,38.6851381190567,30.3792895556463,0,16.0765660944368,54.5520401515115,75.7338268966664,88.3567892686359,98.6485624333275,6.96800890922058,6.93482232243581,-1.36529012944918,-0.0429103603751781,3237.40975413783,36.6401923489428,509.214506565728,7.06482671297758,1.0000354,0.983397578488289,150,
4340,5.08639992363935,5.08639992363935,5.08639992363935,0,0,9.43077883058988,21.7812357203673,0,15.3144794024324,7.72243106433864,7.72319784233878,3.48393247421865,0.0520558700002711,0,0,4.06580253832057,6.83024361566903,0.00392051769077791,0.00361923658620633,150,
4341,7.67902381539428E-09,7.67902381539428E-09,7.67902381539428E-09,0,0,0.0830184636135801,0.106586182306298,0,0.0699311395507557,10.0631730831188,10.0636926602594,-2.27412108970704E-05,0.0470154251494073,0,0,1.24163860954493E-07,6.83262136754666,0,0,150,
4342,3.18562297233768E-13,3.18562297233768E-13,3.18562297233768E-13,0,0,0.0942320753927577,12.4490081582358,0,0.000470185362792203,12.2355631318208,12.2360815829261,-4.424422568583E-05,0.0451611491138038,0,0,5.18278864336426E-12,6.83197554924024,0,0,150,
4343,1.59281148616884E-13,1.59281148616884E-13,1.59281148616884E-13,0,0,0.0171824716514343,22.0240633699451,0,3.16582925488259E-06,14.407647625856,14.4081660693904,1.13209630758394,0.0444789990821648,0,0,0,6.83070354999236,0,0,150,
4344,1.59281148616884E-13,1.59281148616884E-13,1.59281148616884E-13,0,0,0.00109568013142472,4.76622821406433,0,2.13245053000406E-08,16.5793922193228,16.5799106628061,-3.02294720233576E-06,0.0442280501096857,0,0,2.62265357446979E-12,6.82938701099803,0,0,150,
4345,1.59281148616884E-13,1.59281148616884E-13,1.59281148616884E-13,0,0,0.000250129386443959,14.2922762043081,0,1.43605220152689E-10,18.7513372851564,18.7518557286394,-1.17017080336623E-06,0.0441357311419699,0,0,2.63818869378536E-12,6.8279921189315,0,0,150,
4346,1.59281148616884E-13,1.59281148616884E-13,1.59281148616884E-13,0,0,4.31031003058606E-05,22.5511563574855,0,9.66876473451987E-13,20.923463344107,20.9239817875901,0.644369681509394,0.044101768891716,0,0,0,6.8265607017907,0,0,150,
4347,1.59281148616884E-13,1.59281148616884E-13,1.59281148616884E-13,0,0,5.80201507916988E-06,22.3515561792756,0,6.51331951187528E-15,23.0951281544268,23.0956465979098,0.451964136495255,0.0440892748780728,0,0,0,6.82529554597899,0,0,150,
4348,1.59281148616884E-13,1.59281148616884E-13,1.59281148616884E-13,0,0,7.23723429031836E-07,19.2888257884394,0,4.38675167057991E-17,25.266974410913,25.267492854396,-1.47213431667126E-07,0.044084678587315,0,0,2.68376980585973E-12,6.82401719136747,0,0,150,
4349,1.59281148616884E-13,1.59281148616884E-13,1.59281148616884E-13,0,0,2.79914013969592E-08,1.32591130494912,0,2.95337883695787E-19,27.4391497845848,27.4396682280679,0.000861409835696048,0.0440829877064393,0,0,2.69827010123832E-12,6.82267006320935,0,0,150,
4350,1.59281148616884E-13,1.59281148616884E-13,1.59281148616884E-13,0,0,5.28128797239257E-09,2.81004407957092,0,1.98892777890554E-21,29.6110776650535,29.6115961085365,0.000128447351988026,0.0440823656661276,0,0,2.7124879422893E-12,6.82143251363053,0,0,150,
4351,1.59281148616884E-13,1.59281148616884E-13,1.59281148616884E-13,0,0,1.17455648407868E-09,8.32393583086211,0,1.33963888353341E-23,31.7828677932559,31.7833862367389,1.35856299099402E-06,0.0440821368302853,0,0,2.7263911060057E-12,6.82026434689839,0,0,150,
4352,1.59281148616884E-13,1.59281148616884E-13,1.59281148616884E-13,0,0,2.05067319689943E-10,14.0433684197412,0,9.02507187335511E-26,33.9544695344221,33.9549879779051,-1.9396835249097E-09,0.0440820526462837,0,0,2.7399949825947E-12,6.81917895213064,0,0,150,
4353,1.59281148616884E-13,1.59281148616884E-13,1.59281148616884E-13,0,0,1.00936270812679E-11,1.57241839655432,0,6.0818188457103E-28,36.1258315028724,36.1263499463554,-1.87279525221129E-10,0.0440820216767199,0,0,2.75331252003474E-12,6.81818941047201,0,0,150,
4354,1.59281148616884E-13,1.59281148616884E-13,1.59281148616884E-13,0,0,1.99491348425961E-12,3.68343618659259,0,4.09731811433207E-30,38.2974266858773,38.2979451293603,2.21843379391018E-05,0.0440820102836543,0,0,2.76634259006566E-12,6.81716481149317,0,0,150,
4355,1.59281148616884E-13,1.59281148616884E-13,1.59281148616884E-13,0,0,3.00177851035916E-13,4.66015939404504,0,2.76107176810632E-32,40.4687982531518,40.4693166966348,-4.43471925848371E-11,0.0440820060923799,0,0,2.77910702283647E-12,6.8162280117743,0,0,150,
4356,1.59281148616884E-13,1.59281148616884E-13,1.59281148616884E-13,0,0,5.89695591514999E-14,10.3400368531304,0,1.86095675062207E-34,42.6400086741965,42.6405271176796,1.53451962248141E-09,0.0440820045504959,0,0,2.79161178175432E-12,6.81536034028391,0,0,150,
4357,1.59281148616884E-13,1.59281148616884E-13,1.59281148616884E-13,0,0,1.18772132313826E-14,22.3707357948856,0,1.25432768005424E-36,44.8111868123895,44.8117052558725,1.73818071047549E-09,0.0440820039832688,0,0,0,6.81452551847935,0,0,150,
4358,1.59281148616884E-13,1.59281148616884E-13,1.59281148616884E-13,0,0,1.18746005521354E-15,12.5686431992906,0,8.45642714297059E-39,46.9821625922218,46.9826810357048,0.000353087518428108,0.0440820037745975,0,0,2.81585977681242E-12,6.81375891849565,0,0,150,
4359,1.59281148616884E-13,1.59281148616884E-13,1.59281148616884E-13,0,0,1.72279588319735E-16,14.4598642427429,0,5.69792582354671E-41,49.153630423337,49.15414886682,-1.80966353013901E-12,0.0440820036978313,0,0,2.82764625850765E-12,6.81289123125964,0,0,150,
4360,1.59281148616884E-13,1.59281148616884E-13,1.59281148616884E-13,0,0,2.10432927965165E-17,11.8019149432391,0,3.83929144615868E-43,51.3250894337942,51.3256078772772,-5.28910248931425E-13,0.0440820036695908,0,0,2.83920687987055E-12,6.8120459145486,0,0,150,
