4320,123.805032163176,102.79186103132,87.2603867164705,514.595240157805,11.7200558245813,91.2127385263696,97.761506475062,75.2063432771524,42.5428396523993,7.45134514156467,7.38140522595564,2.96956725995833,7.05623304800075,5152.77159215421,68.5151194383309,765.225797680509,7.07950148707352,1.0000354,1,0,
4321,125.989238503816,105.275992428299,89.9662018507425,510.241398623892,11.687626069862,92.9387808637261,97.9644012657244,76.0142521972387,42.5488939711337,7.45097421948354,7.38127899868837,2.90280281354659,7.07879794011585,5133.78898461651,67.53718988507,767.884962079471,7.0800318901936,1.0000354,1,37.5,
4322,125.339222520273,104.678453924638,89.4074510496035,510.080717059657,11.7039699622189,92.8310000688696,97.9561037946587,75.411563095809,42.6489062185886,7.45042378681523,7.38019833975271,2.81432277174694,7.07849689437741,5080.18160954176,67.3660828789278,766.083915433379,7.07983790854797,1.0000354,1,37.5,
4323,124.466951418297,103.636867881983,88.2407191812299,509.144849322152,11.7097311648858,92.5742270351461,97.9333427255382,74.9625563541258,42.6908403169198,7.45041100489525,7.37971152194551,2.73294518201658,7.05437860386767,5091.31797736223,67.9181477391281,761.702893105176,7.07928180370577,1.0000354,1,37.5,
4324,124.002158347662,103.349796567455,88.0850074255631,515.611792936302,11.8027001438494,89.7005646556681,97.6058058960934,74.9974943214304,42.6579973852817,7.45104155402316,7.37998761247935,2.63629741402681,6.98549433164158,5050.23165496677,67.3386717871144,762.299053743702,7.07893490068814,1.0000354,1,37.5,
4325,123.570803629692,102.838426074647,87.5144948383106,515.228683337011,11.813203430061,89.447686321937,97.5813763253782,75.3685313813157,42.6121141004399,7.45112479470589,7.38039798508715,2.51815833647071,6.90161749556247,5094.88028268873,67.5995695990407,766.353101828996,7.07924769301862,1.0000354,1,37.5,
4326,123.63007913643,103.162769700953,88.0347583790785,519.901566374731,11.8809634242989,87.6942326283843,97.3749820994694,75.7292731695061,42.5696232676017,7.45283313014892,7.38077605845135,2.39669987214908,6.78355767374227,5053.81529926904,66.7352938665739,765.505104437428,7.08053647383303,1.0000354,1,37.5,
4327,123.295400895646,103.084850858806,88.1466182228802,520.214577156372,11.8977230982704,87.2101552450236,97.3226488484986,76.0669458337605,42.5254404208318,7.45364098813264,7.38117270124466,2.26874879991073,6.6640604253499,5012.66791683107,65.8981093809911,761.633037655688,7.08176229987558,1.0000354,1,37.5,
4328,122.874874909497,102.922293826537,88.1747338956529,517.596980947788,11.880925876009,87.3804475753443,97.3550637870958,76.4194312407035,42.4929956457402,7.45428414033666,7.38145016574481,2.14275087690811,6.54104947092698,4971.61748962906,65.0569810441223,758.89991491082,7.08246045414628,1.0000354,1,37.5,
4329,122.313933613669,102.622020462776,88.0671281338552,516.54790381298,11.8813751988982,87.2769909485921,97.351256451213,76.8009486351605,42.4756323266896,7.45491817324745,7.38157386616839,2.02156427847992,6.415173720256,4931.16253905063,64.2070524737383,762.620970097785,7.08352423458496,1.0000354,1,37.5,
4330,122.528406146236,102.856815306523,88.3169438162995,519.676852512713,11.9283802080181,86.4162222497537,97.2444557336919,77.2153430651329,42.4257247240115,7.45517570307385,7.38203076414995,1.89735682601592,6.28911159041805,4952.65310109439,64.1407899582434,763.490516220693,7.0841179900446,1.0000354,1,37.5,
4331,122.440884044264,103.088749288279,88.7849975121158,519.586988716955,11.9387977013166,85.9712664423717,97.1997516319244,77.5346514796849,42.4057904457547,7.4566816358175,7.38218286476591,1.77459230501728,6.14857628609117,4892.37276971733,63.0991779333554,763.074057245643,7.08512406223511,1.0000354,1,37.5,
4332,121.757767973656,102.70360094586,88.6200861861848,516.584152942749,11.9166327898416,86.3708232708047,97.2593849233522,77.8503787042854,42.3879224864622,7.45669376053335,7.38231347954397,1.65497185641389,6.01457553591012,4836.65955499354,62.1276304045429,758.621669671793,7.08584675063661,1.0000354,1,37.5,
4333,121.305161495691,102.286973842107,88.2300525329354,516.390020283083,11.9254929145013,86.1958720933246,97.2441456647157,78.2356607112214,42.3818633091517,7.45711183917405,7.38232265833829,1.5345948221253,5.89042712840041,4851.41810474358,62.0103167870063,764.594245455194,7.08606270126306,1.0000354,1,37.5,
4334,121.417216861819,102.813275332367,89.0625359410325,522.46032068241,12.0019081508258,84.6381293401135,97.0471239545934,78.8025395930122,42.3453480230418,7.45888285752146,7.38264471586752,1.40097939204492,5.71108555699388,4780.13323202004,60.6596342796536,765.35914503544,7.08731777227172,1.0000354,1,37.5,
4335,120.719189337681,102.337454865236,88.7509554725596,514.679608339387,11.9278679210917,85.785439586826,97.2131613823272,78.8198591656539,42.332903603195,7.45919422137205,7.38272010852408,1.31455936576097,5.61559834531999,4724.07696538733,59.9351104581251,759.45258812381,7.08843985248698,1.0000354,1,37.5,
4336,120.089163902689,101.633881427878,87.9930204682352,509.687668946009,11.8818260906107,86.7519888112766,97.3406944506751,79.1002104418597,42.3212317826215,7.45823164106706,7.3827870073523,1.21804376974728,5.52396020876287,4759.8488022868,60.1749195823617,755.762690268457,7.08827547507327,1.0000354,1,37.5,
4337,120.407432188722,102.297959882693,88.9126977434547,524.405378768544,12.0528143182493,83.6444805068009,96.9308989449153,79.6381451066503,42.2755695547882,7.46009957158438,7.38320374699498,1.0915468194357,5.374061228791,4702.42365434235,59.0473779624693,761.623047253248,7.08840911808293,1.0000354,1,37.5,
4338,119.839919737699,101.973476046633,88.7678437532368,521.741446471625,12.0344933055462,83.8225679646316,96.9675858639008,79.9101874067729,42.2530501640043,7.46083814799409,7.38338312235159,0.994261482983411,5.26851403689919,4655.16507395647,58.2549637915367,763.469258980473,7.09031483968362,1.0000354,1,37.5,
4339,119.08307189659,101.454124972622,88.4240337679496,519.029882892655,12.0155154841914,84.0684955923857,97.0112003358548,80.2969415719425,42.220305305206,7.46124488486533,7.38366743631892,0.890254719433216,5.16698111436098,4615.51530787743,57.4805866515119,758.607672400481,7.0909566719319,1.0000354,1,37.5,
4340,119.081762791182,101.454998263529,88.4265201343944,518.136962311164,12.0157603821169,84.0791060005766,97.0183827765134,80.9070927489783,42.1705842891235,7.46125579394321,7.3841267097358,0.784259441858593,5.068174552283,4650.01143054748,57.4734707743679,759.069934503667,7.09120603075144,1.0000354,1,37.5,
4341,119.171573581725,101.937623819483,89.1994870386956,526.665773016661,12.1165446969525,82.2571304096351,96.7730069110589,81.3349154935323,42.1525733462138,7.46332972781016,7.38426075466262,0.647241394699186,4.91163801790531,4570.42581532877,56.1926669204225,761.434736107022,7.0920107019763,1.0000354,1,37.5,
4342,118.359260861569,101.403481947542,88.8709497067393,521.464750818137,12.0705615651133,82.8639084469118,96.8734768142539,81.560473925948,42.1485657414059,7.46394611168005,7.38425039071521,0.550058269898135,4.79596890487892,4509.12534022227,55.2856686967793,763.502021224444,7.09343678324449,1.0000354,1,37.5,
4343,118.206629253972,101.301561948219,88.8065122004878,520.069280693275,12.0652224673745,83.0537890600964,96.9003915602674,82.0493119200969,42.06864098053,7.46303294032535,7.38502277413541,0.448421876436263,4.68891349309963,4522.58428416222,55.1203194557745,761.475189555637,7.09420543076667,1.0000354,1,37.5,
4344,117.747078456818,101.145953495629,88.8755567851852,525.635559784358,12.1346413219371,81.6978020774625,96.7247841955269,82.3605823931569,42.0956052095504,7.46580118801996,7.38469329966658,0.357771634588441,4.57682864909203,4458.11994891646,54.1292912140319,760.731942129702,7.09451397999597,1.0000354,1,37.5,
4345,117.066104368662,100.547880481041,88.3387584771475,521.879330326906,12.1038219129899,82.0962699093623,96.7931668669084,82.8004528910509,42.0608377845944,7.4661307392399,7.38500070389085,0.268867683158529,4.47103637538804,4459.54840453697,53.8589856556081,763.35487248156,7.09562278520262,1.0000354,1,37.5,
4346,116.818525375556,100.616278570687,88.6407048453488,533.754928740311,12.2418974461988,79.9973902025418,96.4856198117629,83.3079800760543,41.9969614543173,7.46762887767282,7.38560979393792,0.177197269726042,4.35804493901071,4401.05371916779,52.8287171907174,762.358490715063,7.09658045115186,1.0000354,1,37.5,
4347,116.134588993842,100.229102814601,88.4728738995094,531.1537138781,12.2234984617342,80.055622029855,96.5136338589794,83.862738957597,41.9661244899658,7.46916581890082,7.38587807568279,0.0774876674340321,4.25408853184956,4349.21435394285,51.8611055160256,765.669596364727,7.09824287052765,1.0000354,1,37.5,
4348,115.715358950153,100.063857532303,88.4953564843264,542.005992080452,12.3515082327131,78.178703773304,96.2275946593533,84.5352375480913,41.8920247269368,7.47120192109209,7.38659557894343,-0.0329934571789132,4.09720787266773,4314.08406897391,51.0329679563468,760.595771147314,7.09977601667284,1.0000354,1,37.5,
4349,115.096339764074,99.6321600794332,88.2021142255685,540.136074875465,12.3410340867325,78.1328748405648,96.240774455322,85.1156111528567,41.8695191088066,7.47285104300163,7.38677946522501,-0.0915788976627785,4.02685583448468,4291.71556124567,50.4221905137742,763.484390496381,7.1021178357126,1.0000354,1,37.5,
4350,115.041500014519,99.6926176234856,88.3477915083741,547.983432200624,12.4367877893507,76.9231052121217,96.0402441292996,85.8777780317731,41.7652429142129,7.47316646731712,7.3878139030964,-0.195701478994151,3.91137927563056,4297.86113506682,50.0462544976035,760.772578385652,7.10361758188979,1.0000354,1,37.5,
4351,112.958876454899,98.0430620019539,87.0183295802118,564.076220847921,12.6237240745891,74.3987144190296,95.6200314378267,86.7559389571302,41.8115409292587,7.47754209998377,7.38728574892381,-0.3246711333767,3.7030804549964,4219.30585695284,48.6342019655597,763.127649566834,7.10627420753525,1.0000354,1,37.5,
4352,111.216326535729,96.4620705097751,85.5567508384179,581.685496644237,12.8287641403048,71.7524350866916,95.1306237038309,88.2712223346466,41.7238240400637,7.48162481690681,7.38815262082588,-0.424921519188575,3.48973985041204,4246.50145850443,48.1074278365088,769.755162835867,7.10929811223303,1.0000354,1,37.5,
4353,109.313296956566,94.9588325554345,84.3490110415545,592.325997457261,12.9566669505977,70.0184362879494,94.802199481867,90.2993218948463,41.6417395525988,7.48577609403362,7.38896528749954,-0.513950818190621,3.27376566683194,4226.35820853329,46.8038753763278,760.431500392086,7.11333688324177,1.0000354,1,37.5,
4354,108.135781224402,94.1116386822306,83.7459681075823,596.752158042838,13.014388114556,69.311241604987,94.6685897350322,92.5903354776378,41.587238495904,7.48768360086519,7.38949457964273,-0.612035348417369,3.07081655102876,4233.86295827623,45.7268346251838,758.705968312445,7.11653738266581,1.0000354,1,37.5,
4355,107.319405473194,93.4945891275502,83.2762466112049,601.808689480049,13.0781199466213,68.7072307985991,94.5413476923217,94.8865641802535,41.5937939878551,7.4884603848656,7.38938997743462,-0.68856499519811,2.90697310968356,4277.19365206209,45.0769156730854,762.214509534605,7.11814705741808,1.0000354,1,37.5,
4356,106.643154731681,92.8833235403112,82.7130135292985,602.926718851658,13.0963271633772,68.7820708181805,94.5571572557484,97.0830568422756,41.6793213352813,7.48787194783667,7.38846457332655,-0.758453774406516,2.79102406658739,4355.63390798846,44.8650263976007,755.36965728987,7.11908246104133,1.0000354,1,37.5,
4357,106.506729921669,93.0987248069094,83.1884601568696,612.911125661255,13.2136839111717,67.7578037980126,94.3105050050239,98.8227993876124,41.7935789950326,7.48776441192764,7.38724520274886,-0.839471457957782,2.66037948448564,4320.32224040443,43.7178694307054,759.439919274227,7.11859615003133,1.0000354,1,37.5,
4358,94.7448616815619,81.5851231590775,71.8583599033282,615.382371106025,13.2460967806987,67.4614757072996,94.2641139593803,93.9965324099631,42.3759220696047,7.48958392486334,7.38120756925014,-0.946175724605575,2.1224237089088,4033.23859456061,42.9083764172253,732.438494229198,7.11846603092819,1.0000354,1,37.5,
4359,83.1180688055751,69.940977000725,60.2013874058358,625.225428746414,13.3657079182405,65.657912607643,93.8650427827885,90.5692124933434,42.5600413473606,7.49428297790307,7.37930341619867,-0.945776755031095,1.61426010586716,3891.30242695567,42.9649581776111,693.90186602882,7.1177599301949,1.0000354,0.999976762284031,37.5,
4360,60.7089462703718,46.9086475006548,36.708426670864,578.476558905282,12.7423780506448,70.1047205826402,94.9512469178479,73.0815887059778,43.3601986647058,7.49356174853277,7.37120071362396,-0.868443852002514,1.12034203294168,3288.45035875567,44.9969741624772,600.643610769963,7.11418251784582,1.0000354,0.986940532989593,37.5,
