4320,115.16278124443,93.0647516343766,76.7314254008592,501.068745440177,11.5461106503005,90.1616707123695,97.6541991382999,72.2000924368657,43.6928905467259,7.45816980276336,7.39311086512745,3.45404867640102,7.43656671497593,5202.18900030484,72.0523869807205,756.038606216411,7.08040938960475,1.0000354,1,0,
4321,114.351619221806,92.092048423023,75.6393221804439,490.568167266875,11.4964148568974,92.0363409395495,97.8957095808942,72.0246852049914,43.7312557738411,7.45653682851688,7.3924671762993,3.2987706809609,7.42372837502313,5227.48718310207,72.5791049030478,758.942681589217,7.08007462557083,1.0000354,1,150,
4322,113.867315046884,91.9307320937364,75.7167359979318,496.378044418428,11.6498142420008,89.018498075474,97.5688138861871,72.137156562236,43.7664998919554,7.45641401038554,7.39186372800368,2.94735012360651,7.28361187055096,5159.68062181518,71.5259772869436,764.634582482786,7.08048808924332,1.0000354,1,150,
4323,112.453929680191,90.8301622359197,74.8473776031973,503.738116153377,11.8152554208797,86.1749722465507,97.2439466965007,72.4801311158577,43.7303605272429,7.45777454345758,7.39197522641634,2.52319295791461,7.01234782254229,5110.28538457132,70.5060173856841,758.010100304257,7.08148937045006,1.0000354,1,150,
4324,109.739334113882,88.5625609563977,72.9101634052139,517.765956805969,12.0424623750771,82.0346926932596,96.7231826727285,72.9385979373513,43.648048436174,7.46264857611438,7.39255067681844,1.91435925204581,6.47385594106354,5036.30492868972,69.048556883634,753.098917513297,7.08431963455931,1.0000354,1,150,
4325,104.169016039942,84.2901559969407,69.5970855303746,534.720572235571,12.2959072829646,77.5566433739966,96.0956830259613,73.6546350742578,43.3598352233241,7.47000606080681,7.39518440568478,1.29085006942354,5.52109763239072,4774.04358814844,64.8166077170202,746.217323771151,7.08997716038808,1.0000354,1,150,
4326,98.6356251778637,79.8228671276666,65.9177850905645,528.09492456874,12.2956125377231,76.7317301317248,96.0501083009182,75.2527883288572,42.9830097413374,7.47561435593239,7.398728035221,0.790487314922039,4.61014193025172,4616.04345105137,61.3404971903381,732.463832885393,7.09579866928913,1.0000354,1,150,
4327,95.1342066111111,77.4943776663045,64.4562432288387,518.499876250138,12.2617816909265,76.9598116530589,96.1604938084118,78.7389768693137,42.7226146364686,7.47797151725483,7.40111787739821,0.426823721878064,3.97644512397488,4528.75637525631,57.5160683478637,723.524630024893,7.09975251790107,1.0000354,1,150,
4328,96.2239137442311,80.1224674212173,68.2213983998593,528.698508324115,12.4493204238665,74.8551223431972,95.8643017837554,83.7356500493863,42.7334707018287,7.48118443658377,7.4007655484703,-0.0708511553252644,3.46912193182365,4396.12574611451,52.5000491848064,728.183950204069,7.1047683904594,1.0000354,1,150,
4329,96.5026661127952,81.042812319016,69.6159638627443,569.531596574633,12.9928686505899,69.4408215828842,94.8276749600076,91.2954101729079,42.9070700506733,7.48289523365123,7.3987798806444,-0.356535655889776,3.09442093014769,4602.02685104773,50.4080856018037,743.272036028825,7.10717687186134,1.0000354,1,150,
4330,88.8524057230084,74.6447984764169,64.1435235550232,621.026346424966,13.674380478749,62.6151348928151,93.1659946883409,97.0032319858307,43.8323615089428,7.48800002094702,7.38931609967478,-0.85896715595364,2.28438633118129,4493.6782059003,46.3250359179444,738.93494104404,7.11191941802095,1.0000354,1,150,
4331,51.5371154353852,37.3265354458899,26.8230632797412,653.816945945883,13.6900716221057,56.1008208922841,91.2572178810234,70.2642178047778,45.2442908483054,7.50379007756615,7.37537364325867,-0.966502286331646,1.06912632312669,3255.67347514385,46.3347287831399,549.586906976195,7.11306049316189,1.0000354,0.940995516627532,150,
4332,47.0045083629421,34.1932212960473,24.7240091161686,723.314864624041,13.1298795161134,49.6026884719285,88.7209603678735,72.8969385813891,46.7065736490497,7.51982546230184,7.36101311899666,-1.22609129557731,0.476920384060629,3045.06715046761,41.7722226711593,516.849497426743,7.11288067009283,1.0000354,0.739616668900605,150,
4333,46.2119795540221,34.2662379561712,25.436776775151,805.341049728523,14.1534389984873,48.6701555101825,88.0078073340457,78.2907240147322,51.6970986932187,7.50641658370506,7.31487501085947,-1.35942896116433,0.155240061594982,3049.4270415547,38.9500426765868,516.881431317173,7.1096864604219,1.0000354,0.714962055209502,150,
4334,71.9827454977228,62.4006605003717,55.3182498501556,1898.34489561503,33.8523032667705,50.9872101144252,93.2920433559948,142.989793586959,55.3106039350166,7.71550052031246,7.2803340498933,-1.69390638297085,-0.0369969006694419,4467.45184451109,31.2431519232471,592.051746033796,7.16995795039659,1.0000354,0.978271403784097,150,
4335,51.1643709015285,39.034044393418,30.0681508874232,1098.30805044477,20.5795484792141,68.8198212823874,95.4419046459123,79.6719537138985,67.5604273389149,7.51972828145331,7.18496959782375,-1.18077370194645,0.320783336377728,3151.17686643053,39.5518964897784,459.814969257909,7.17438363267818,1.0000354,0.969437769452968,150,
4336,50.6672117257926,38.7927290412628,30.0159374918277,298.127408441771,31.3558926832438,61.4030324256695,93.5939611035432,78.8623088971694,82.3980092960253,7.50804443799577,7.08726868392176,-1.21135929217329,0.230296250781469,3053.36700502035,38.7176973096452,433.836929389609,7.17438069350997,1.0000354,0.972837448545786,150,
4337,50.1929837601533,38.4604672140496,29.7886071582337,0,19.8789206907942,47.6781404135578,66.6927636355239,79.7587797024256,117.793519160814,6.95128973624554,6.91649631724315,-1.24612208720226,0.22826560464076,3051.15659639121,38.2548053991656,582.53520406644,6.96772375341157,1.0000354,0.99160949944087,150,
4337.73531533544,1.03278938644921,1.03278938644921,1.03278938644921,0,0,2.22169757463703,2.1764198356793,0,8.02057858067886,8.07549588288254,8.07444357835936,0.0115247407703714,0.183484164238392,0,0,17.0027535229843,6.83931429836088,0.000449070975252056,0,150,
