4320,115.894505653325,93.4670304898789,76.8902010212447,490.287146777185,11.4271633677231,90.5869007747246,97.7236307799354,71.965809485352,44.188983662143,7.46171305396027,7.39965821899434,3.53387114858724,7.38852584972099,5262.61283859656,73.1265704677124,774.538835165925,7.09083968551203,1.0000354,1,0,
4321,115.087201806577,92.5087083050187,75.8202565864758,486.774515762679,11.4026151800153,91.5264536979278,97.8362249977992,71.5673599389353,44.2512748593622,7.46079946108046,7.39898183849101,3.5052116944089,7.39332767916566,5268.71588232142,73.618977796819,770.974234597179,7.09025828173802,1.0000354,1,37.5,
4322,115.225061725196,92.684269155631,76.0236833433435,488.951460080654,11.4508432191868,90.5496009110027,97.729511489686,71.6972155977594,44.2513527894574,7.4607819151307,7.39891998741818,3.45143696361279,7.37129207117257,5269.46220716988,73.4960509029106,776.350793189018,7.08994187580022,1.0000354,1,37.5,
4323,114.943856994853,92.5673402977486,76.0281757824977,490.569619699639,11.4902506016584,89.7337715346246,97.6402694456183,71.6045186805849,44.2515929475576,7.46104592534822,7.39885960313368,3.33010200167861,7.3188155345788,5224.29549377957,72.9604163262968,775.901588611496,7.09030636858922,1.0000354,1,37.5,
4324,114.058399905048,91.8623837179622,75.4566326231594,490.346918585485,11.5048005384459,89.4539242832164,97.6138250074133,71.6429406754146,44.248601171293,7.4611868642093,7.3988330138345,3.20394935744658,7.24331005199533,5184.93430724669,72.3718800256616,770.380331394215,7.09046341917459,1.0000354,1,37.5,
4325,113.517044904913,91.4364699119842,75.1160449172106,496.825422061305,11.6042086016022,87.4558715480314,97.3801069495012,71.6105583588664,44.2188396832967,7.4630470680617,7.39907125005997,3.06073679619575,7.10581925017499,5155.63615047571,71.995474810278,775.525104342301,7.09076024890517,1.0000354,1,37.5,
4326,112.781448156002,90.7941153256764,74.5426084510875,499.702888132449,11.6562421420422,86.5275918672706,97.268325339303,71.7319594886525,44.1155296986456,7.4635885173422,7.40003424330721,2.92245773843933,6.95824003842881,5142.56828081954,71.6914513067646,766.149620645056,7.09191128106066,1.0000354,1,37.5,
4327,111.970264485743,90.0888282377815,73.9155927501574,507.043913938325,11.7614948186988,84.7542504300678,97.0454380098622,72.0017176145249,44.0251168423524,7.46563552444721,7.40087341059009,2.80349593121317,6.79314169356801,5137.04657345612,71.3461670589346,766.21689002599,7.09313372123421,1.0000354,1,37.5,
4328,111.552614063081,89.8960441879547,73.8890142802529,497.291487095591,11.656765818707,85.78802798125,97.2023831609279,72.4506654592703,43.9120984971448,7.4666291390043,7.40193847186343,2.69462460869851,6.66388971676271,5115.95683508818,70.6129723261718,767.1217799495,7.09548694617403,1.0000354,1,37.5,
4329,111.569214855644,90.0493976091706,74.1434457313427,495.548056347785,11.6494545609083,85.9698306551748,97.2302631733032,72.9916281242174,43.8365629075677,7.46609130629784,7.40263560941246,2.59535927203002,6.56843721588132,5121.60937195758,70.1670794798768,768.813557246511,7.09584252121482,1.0000354,1,37.5,
4330,111.206512565468,89.8650571225525,74.0909378821369,492.507202111083,11.625198964178,86.2408995423943,97.2765594419037,73.4136683065955,43.8470118730679,7.46665208242219,7.40248240479286,2.49046754068833,6.46806525760188,5108.52803477197,69.5855166021314,767.261081042575,7.09623272884807,1.0000354,1,37.5,
4331,110.433758557084,89.3217628397629,73.7172442660909,496.630171571858,11.6908876134331,85.3116877975854,97.1610430636136,73.2585716335163,43.8246051134902,7.46715370322438,7.4026543947481,2.32209869606324,6.29339882468435,5042.92556070075,68.8373448765629,762.775839028115,7.09643628918909,1.0000354,1,37.5,
4332,109.794521567596,88.7846155951279,73.2555546589562,499.804120980406,11.7436378169678,84.6008843549627,97.0723967837632,73.6734540220946,43.7746534519574,7.46760836665055,7.40309861047108,2.20094906156245,6.14250811616809,5046.96115114738,68.5044731258807,768.001538249783,7.09677371565346,1.0000354,1,37.5,
4333,108.499940627117,87.7742729121854,72.4553011228879,498.069821991578,11.7356598237598,84.4420131147084,97.0664625877693,73.7385869866264,43.7476085698724,7.46903152215997,7.40331431134815,2.04304193298216,5.93139904666962,4983.08349265199,67.5776916305128,765.064500812717,7.09790855183988,1.0000354,1,37.5,
4334,107.409039594892,86.9894570678488,71.896722156556,496.379606195872,11.7281000941209,84.1685540712205,97.0461862406683,74.0700608180405,43.630138426661,7.47070665918285,7.40442644121792,1.91936246277597,5.71870304561542,4931.56068591958,66.5796764773069,755.435341666069,7.09882893576703,1.0000354,1,37.5,
4335,106.731052060092,86.4290540285519,71.4232293965437,492.078834211349,11.68751449795,84.9172628597582,97.1465548223725,74.7009706335595,43.586885768199,7.46922902175666,7.40479949674822,1.81064736062907,5.55575505282943,4944.92658175475,66.1962828570428,751.998998913426,7.09867301147092,1.0000354,1,37.5,
4336,105.459540059397,85.5656976514061,70.8615532628909,494.680206984399,11.73295542075,83.9573356527569,97.0404078542963,75.1260104199322,43.6005516134228,7.47228822625334,7.40460351433104,1.67798401754038,5.37704403791845,4873.08314214038,64.8654589123166,750.512402496929,7.0998452927412,1.0000354,1,37.5,
4337,105.099959243031,85.386175582174,70.8151180937146,491.167508006551,11.7017815734868,84.3560735450531,97.0998337656586,75.6141814919,43.5312527947586,7.47192013509141,7.40523132119979,1.5588793191506,5.20185138876147,4860.35580700152,64.2783630147762,748.615007661073,7.10032012559472,1.0000354,1,37.5,
4338,104.317481334437,84.8538438645655,70.4676770390084,489.184955832025,11.6892682309735,84.6087574228412,97.1375929023194,75.8665551072172,43.5242708662458,7.47144866374169,7.40523544032374,1.42535796229196,5.02055241184368,4814.69956918634,63.4627414198792,754.4820590273,7.10038012505973,1.0000354,1,37.5,
4339,103.160443437799,83.972342030945,69.7898322954439,488.361737195644,11.6912492490007,84.6044617844904,97.1452643285074,76.0070783086702,43.5652735028257,7.47178240526128,7.40476018657174,1.30489996780579,4.82756221910769,4755.33224304652,62.5643341233928,748.454158770668,7.10010448943224,1.0000354,1,37.5,
4340,102.494081077043,83.5089566815258,69.476473432665,493.594299434915,11.76891626291,83.6385147200541,97.0221231701373,76.2928336337102,43.559684944722,7.47247130446793,7.40474990577382,1.19611802718889,4.6622474000764,4722.7180036424,61.9025113986021,746.104093000566,7.09994894376814,1.0000354,1,37.5,
4341,101.250394920973,82.6406831640483,68.8856788219733,483.688923972567,11.656213952781,85.002025880545,97.2141478531729,76.6428315557243,43.560930952277,7.47228990618889,7.40467200674417,1.10030195907663,4.52620764820641,4650.56811252771,60.6784485662751,746.112115491225,7.10099533132969,1.0000354,1,37.5,
4342,101.198421311649,82.7577448027146,69.1276795569801,494.523489877796,11.8040121362229,83.0740117566911,96.9662310931841,77.0250492303884,43.5703525178297,7.47415751176405,7.40451372747114,0.997170253799204,4.39876994176914,4631.30790879299,60.1272956663793,746.896217622588,7.10162491064338,1.0000354,1,37.5,
4343,100.127835070442,81.8032817714217,68.2590467243195,488.840821558223,11.745240069108,83.6889447658189,97.0626042839064,77.4789640066063,43.5514583143001,7.47470646422763,7.40463895157131,0.901712036630957,4.2868862010044,4629.26479547217,59.7486666842557,744.3925039163,7.10298493656806,1.0000354,1,37.5,
4344,99.2784712768435,81.3473397088954,68.0938946369337,494.388690878132,11.8242494278672,82.5939797615303,96.9259175084701,78.0160026609613,43.5697708255018,7.47652188651498,7.40439556236824,0.801415459924226,4.1578587786221,4561.27454380628,58.465883770391,738.219563512038,7.10394649016033,1.0000354,1,37.5,
4345,98.2981998454891,80.567520972019,67.4622365872802,506.832687535366,11.977912386086,80.7438515110912,96.6624377989875,78.6705931299199,43.6399334304832,7.47736466497354,7.40363896371628,0.708337007470145,4.01491369606897,4548.12728468458,57.812291781932,739.440248203466,7.10460665491303,1.0000354,1,37.5,
4346,97.1529020673629,79.6569899099752,66.7252287501668,515.455370970419,12.0793933435465,79.3097508295468,96.4553217554707,79.5023656125714,43.6959716483283,7.4790657700714,7.40302738013621,0.611461898017505,3.86725921302438,4535.35683783864,57.0468161908566,737.825399867859,7.10594265041608,1.0000354,1,37.5,
4347,97.1634639749585,79.7167780744199,66.8214015392391,523.628829456172,12.1753430543068,78.252187765201,96.2866598962255,81.5238086611869,43.7000439847904,7.47912316534124,7.40293671105969,0.530175156791615,3.75307767870287,4637.5886564926,56.8863100565679,745.601609374648,7.10706969957785,1.0000354,1,37.5,
4348,98.5486227666111,81.6499749028436,69.159669960059,521.937501453404,12.1624382127796,78.9353376311142,96.3903588718727,83.5678744696517,43.855591049826,7.47749519674297,7.40134864968202,0.402701759765067,3.62925308023329,4604.53876927855,55.0993883534841,760.610503998793,7.10848516070797,1.0000354,1,37.5,
4349,101.28657015731,84.970891404435,72.9114766740493,525.214847598549,12.2021751782751,78.7841271192762,96.3775384346053,86.7485975435256,44.0510702748665,7.47858018812929,7.3993781297683,0.299958276833106,3.53580114588911,4614.90143414619,53.1985710988663,768.385236878706,7.10890245700087,1.0000354,1,37.5,
4350,102.678583248746,86.860179403351,75.1683156915373,520.280889297973,12.1503283025218,80.5002430784722,96.6207471151652,86.8312198690521,44.5663161456278,7.47450682428341,7.39429450011362,0.176200104351419,3.46616573856475,4478.50829545316,51.5771666251733,767.174641952678,7.10800376944771,1.0000354,1,37.5,
4351,100.387862818447,84.5659872623636,72.8715575035193,552.981047226862,12.5109626802896,76.2744003895239,95.9174476814758,86.5894739099998,44.9692933940596,7.47528796942975,7.39035390187503,0.108612860819739,3.35170630241071,4467.01989845372,51.5884864146039,757.783787180529,7.10485531989366,1.0000354,1,37.5,
4352,96.5390903767212,80.7725267381945,69.1189797010226,559.245458142743,12.581845556052,75.610912308694,95.8060318314715,86.4182626885198,45.3271737318751,7.47627790702724,7.38688195716652,0.034716616486937,3.20137851000122,4442.60193067196,51.4081374984889,744.17525362174,7.10509327187185,1.0000354,1,37.5,
4353,98.5509069356038,83.279160187196,71.9913473731555,564.58660890955,12.6423385514248,74.9437979718663,95.7062730045634,89.1021167125019,45.4423446824048,7.47882342688014,7.38575468717838,-0.0566929205537092,3.07280461987786,4436.81741110676,49.7947475863302,762.529013565467,7.10704048082396,1.0000354,1,37.5,
4354,98.9809702680313,84.1208507365918,73.1372841263974,555.868980933001,12.5455703077463,76.6830209864748,96.0081014465823,89.5391132575416,45.8392589396814,7.47671821735974,7.38195583670877,-0.159301953282435,2.98194609324293,4338.40321817931,48.4526042345399,758.350384747369,7.10700373862544,1.0000354,1,37.5,
4355,96.7073230489967,81.9543143437866,71.049916605153,578.961660800218,12.8016269333238,74.0534589428355,95.5180996434809,89.5095704818827,46.2786349461465,7.47721460774792,7.37779112677402,-0.237023482263292,2.83454627843935,4305.71116822156,48.1033608477996,757.569238715159,7.10469753470909,1.0000354,1,37.5,
4356,98.2428426399002,83.7049626572657,72.9595731048836,595.413089469261,12.9851595974504,72.2828442764657,95.165591129588,93.8810153739239,46.2977781579472,7.47822432936774,7.37759243366443,-0.294660390901933,2.73100358864357,4450.14005168059,47.4019164999002,774.816732780795,7.1045522956323,1.0000354,1,37.5,
4357,101.098429546403,87.3291504385151,77.1518571848591,572.466798223791,12.7265262620306,76.1399504741304,95.8940245027682,95.2541795385293,46.8627974803662,7.47500596658788,7.37230894221584,-0.410100059717958,2.69323179551714,4276.51564971817,44.8958320825005,765.026317238708,7.10668974019616,1.0000354,1,37.5,
4358,103.074626011043,89.5468446242696,79.5480496862199,596.526090621107,12.9917545844258,74.0150996723065,95.4464591808737,96.5045995059479,47.1978194137818,7.47116036819021,7.3692004626936,-0.460249943910809,2.66468503650325,4256.66439489533,44.1084095129888,790.715913233341,7.10273732076319,1.0000354,1,37.5,
4359,102.999661555446,89.5788321735354,79.6590887173407,592.924092745957,12.947338972646,75.1805430221296,95.6621739094556,95.6804914144478,47.8716005586592,7.46997523696267,7.36302905945803,-0.55071322352387,2.6399018846596,4186.94806696217,43.7596839759745,784.901016484422,7.10181293076194,1.0000354,1,37.5,
4360,102.307158109912,88.9777900488335,79.1256484384708,598.211639472033,13.0026447126526,74.9208176817017,95.6063684271021,95.2685416603576,48.2595691999513,7.46959156321577,7.35950676547644,-0.588504128725623,2.6172496327507,4140.51058417865,43.4614670490077,783.99565263502,7.10110906843117,1.0000354,1,37.5,
