4320,121.203601080057,98.8318000145878,82.2961209661977,494.904938812858,11.4902165454741,90.8972985648643,97.7559927865623,74.0232789023327,44.2110398746552,7.46064265873758,7.39857577273316,3.4961926561083,7.55109675511903,5399.6310873531,72.9450406334667,800.42360248175,7.05657271068154,1.0000354,1,0,
4321,123.461746727801,101.385400004937,85.0681002532556,493.328866801014,11.5117134057817,90.8080861010013,97.7589139488008,74.2231586616688,44.2412210126658,7.46027432075168,7.39812690557908,3.38776039758139,7.56140393774452,5342.70826390638,71.9816881986932,813.137607929396,7.05788727161916,1.0000354,1,75,
4322,121.621144002193,99.4130134255957,82.9983082168066,490.290497802041,11.5115616967907,91.1912870270171,97.8132878954502,73.8372569446138,44.2984262149099,7.45943278257262,7.39741770426702,3.21552438387423,7.51861285717853,5346.65766769515,72.4113799583013,802.065817302877,7.05749815592021,1.0000354,1,75,
4323,121.047033850746,99.1375236758334,82.943537894376,498.741382960974,11.6558060215177,88.1438634517586,97.4671016350716,73.9802573288501,44.2638782986182,7.46086325039995,7.39761274537867,3.00357512423617,7.38927310456342,5284.9797497252,71.4377043355352,802.677115190933,7.05762816662268,1.0000354,1,75,
4324,120.490108215104,98.6499231812395,82.5071777214271,505.126086660244,11.7690347397318,86.2145781721637,97.2365695438336,74.1811039363406,44.1774632100808,7.46183694836869,7.39832098775978,2.80081654209724,7.24308660432111,5282.55986255252,71.2116641872277,809.677719932121,7.05829228780621,1.0000354,1,75,
4325,119.532043583567,98.070229336525,82.2071492408851,502.439402170019,11.7701573891081,85.809324408364,97.2102047104309,74.6999145117941,44.0926963806664,7.46377777434299,7.39901753786314,2.5720475969795,7.06113613827609,5227.34733664742,69.9779560768051,798.696283466011,7.06042782011252,1.0000354,1,75,
4326,119.668052325108,98.4271655403061,82.7273796558875,511.783068618884,11.9119745558325,83.5040409751947,96.9186027026958,75.3823957846901,43.9730490441564,7.46603452790226,7.40006218676935,2.33108887233333,6.84229062537677,5220.80415171007,69.2576044760095,807.643142922593,7.06238557114863,1.0000354,1,75,
4327,119.124607770785,98.3753028659147,83.0388601101409,511.61847711107,11.9406746263861,82.8792768694853,96.8539668615437,76.1106342350971,43.8463258109597,7.46740214195051,7.4011818404839,2.08407497917329,6.60792053849269,5149.24688841264,67.654762572431,809.562457063993,7.06495647546669,1.0000354,1,75,
4328,118.585448994238,98.0872200400563,82.9363551608782,510.106481708145,11.9536639642303,82.4336720337736,96.8189417890352,76.8988597533832,43.75296538423,7.46930071752595,7.40197452574866,1.83765107811488,6.36872167563783,5139.62060489735,66.8361094219116,800.579881050599,7.06721245639964,1.0000354,1,75,
4329,118.503484852495,98.5860470906924,83.8644626580559,517.208830542657,12.0593554118397,80.6115615642562,96.5776268143637,77.6756186240446,43.6433875815908,7.47188158419826,7.40293178545918,1.59319959582228,6.10657610763291,5044.44058570489,64.9423934442072,809.303658301816,7.06944945372469,1.0000354,1,75,
4330,117.511853098097,98.1537680119476,83.8456181656628,513.746154156523,12.0505931700142,80.6090126761924,96.6019733469653,78.4483791260827,43.5298033652339,7.47273260281733,7.40393165099702,1.35187923051305,5.85233856421876,4951.55025131192,63.1185794591596,798.709157839066,7.07189502185098,1.0000354,1,75,
4331,117.199352809408,98.2133373897104,84.1801955577598,518.654084329734,12.1326131752171,79.2375682921215,96.4206521887081,79.2495344481487,43.4372310685375,7.47511214116843,7.40472441645044,1.11532761325465,5.58918928485268,4905.97544964544,61.9054166539655,806.740378169403,7.07374608349314,1.0000354,1,75,
4332,116.474097788238,97.7005537376698,83.8244559611627,513.735969456236,12.1075978102853,79.4354878191245,96.4793716752963,79.8338329091574,43.3626022133783,7.47610502658326,7.40533930624477,0.937822442201605,5.39514812294239,4886.83941972065,61.2126368187954,797.44521583956,7.07595057421347,1.0000354,1,75,
4333,115.610794884186,97.4921122912603,84.1000425486632,514.380134224115,12.1432270730447,78.8506825049783,96.4132160393344,80.7224042128217,43.2741124917456,7.4773153650351,7.40609511735683,0.684580446376642,5.13465098414969,4768.87047599039,59.077408837049,804.84290139005,7.07711027182335,1.0000354,1,75,
4334,114.629538762149,96.9658819786833,83.9101356604693,525.092791858563,12.2909060159794,76.8443932164242,96.1134287599117,81.6448707302481,43.2350944908147,7.47952772464333,7.4063563409191,0.463073740169047,4.87809653040771,4702.23516478483,57.5937609151328,807.148007162247,7.07895391311283,1.0000354,1,75,
4335,112.445910832817,95.1875557050403,82.4313801758141,534.283936059391,12.4231512465745,75.1444416815389,95.8519452723849,82.8721869932477,43.2515486975859,7.48203097476488,7.40606183904812,0.227768905398182,4.55150941876583,4663.40380797034,56.2722425601042,793.78930143003,7.0821351550306,1.0000354,1,75,
4336,108.98534039439,92.0559985822088,79.543006807988,563.020998089761,12.7773909062548,71.0688578896342,95.0912831974474,84.739736187787,43.2910211913141,7.48509026717087,7.40553929614784,0.0297953495526784,4.20715737765524,4677.58839152416,55.1994684189058,804.732932413124,7.08485558505726,1.0000354,1,75,
4337,101.677540736705,85.4807477014767,73.5092050232645,604.915715434298,13.2887045868149,64.86268428042,93.7165428842322,88.4953152304423,43.3307323038986,7.49438807383119,7.40502173995336,-0.232811983598513,3.49983616844544,4673.52031743786,52.8109347400819,789.113943678849,7.09090782519627,1.0000354,1,75,
4338,96.9841323024896,81.4973574545275,70.050610827773,610.41374060104,13.3793750863381,63.8887467616346,93.5076616808927,93.6660534270927,43.3297296214962,7.49719553769287,7.40492458978041,-0.435746024913254,2.94083373744402,4729.74828073872,50.4958638448479,777.915660178931,7.09629659931199,1.0000354,1,75,
4339,93.6187757514313,79.0869826485235,68.3460920942004,620.843378724772,13.525437768722,62.7959459508906,93.2076653598617,99.4756624575502,43.5408022859462,7.49701163283274,7.40272126485984,-0.611733042718781,2.45697468119269,4713.36277633109,47.3820697433652,776.601396728905,7.09782832853422,1.0000354,1,75,
4340,86.8588920294185,72.9486243678627,62.6671221832345,621.04000147101,13.5479637858519,63.377204152654,93.3799036737123,100.734525741991,44.2638905924292,7.49573667456157,7.39548801062291,-0.808938212329674,1.9279131265566,4568.86845909641,45.355536499954,743.543349365726,7.09653040055229,1.0000354,1,75,
4341,53.8569995266858,39.181756961726,28.334838544147,588.404667512974,12.9531338411281,64.6408475141601,93.7991683655317,72.2293780242103,45.6126009458521,7.49863340981118,7.38238408199071,-0.700987557693809,1.16773991170514,3456.16115886917,47.8497981487631,567.959026836807,7.08999398063515,1.0000354,0.970588117455507,75,
4342,50.1431749374356,36.3677512666193,26.1859163794943,591.210938377068,11.7883089891541,57.0976608663668,91.1644411352502,73.3482094902013,46.7613472002229,7.48753625225161,7.37144389931947,-0.785658550535801,0.829319520089884,3294.49841626116,44.9158669197137,546.521789177556,7.07214729935541,1.0000354,0.813798977655467,75,
4343,48.5276378343395,35.2370924210083,25.4136458111549,660.909589648503,12.2599650058251,53.481399508902,89.6217884596552,74.9322835971138,49.7028319582046,7.48662166533142,7.34431053944045,-0.949155788148881,0.610307572961466,3247.18172098332,43.3348827114672,536.075027801438,7.06003932583276,1.0000354,0.760081162601685,75,
4344,48.3017832314388,35.5012947734764,26.0400641741129,816.692559411646,14.3324414372503,51.6724384406917,88.7784750056811,79.4979049376503,53.7778821865898,7.48675693774979,7.30844847167771,-1.12465847727194,0.410469771137116,3318.00508756072,41.7370129459765,542.286381373971,7.05060179279817,1.0000354,0.765608544665652,75,
4345,59.6480637618628,48.3559485285649,40.0096024865621,1424.26840532081,24.4445128043766,53.5627016956897,92.2038593839048,112.248683498552,56.0680732909689,7.61167304225138,7.28706992847475,-1.37956616802363,0.16535939133994,4132.86652159769,36.8188418143095,604.351531997511,7.09598134800609,1.0000354,0.948802113639809,75,
4346,73.2049282406676,62.8157232125029,55.1367455829899,1716.58660154063,29.6791647918917,68.6688359770827,96.7342697046584,139.803503098393,53.7329593969497,7.68896201913673,7.30026996575206,-1.46988683487395,0.166441484906365,4735.8200573543,33.8748311193694,584.713202973042,7.18235399224079,1.0000354,0.992692304133657,75,
4347,83.0761636798684,72.7584336860938,65.1322854298256,1812.18616769137,31.4980968262562,78.4076128329233,98.0389945085507,150.575928795008,50.341325897666,7.715966992562,7.32142107744513,-1.44447121039723,0.419697278909907,5065.64243130328,33.6417810724554,588.82213829132,7.24535486021338,1.0000354,0.997558047786931,75,
4348,87.3839366542398,76.8489781595858,69.0622697070155,1825.18724118859,31.8247262807167,77.5825485401857,98.0021077265969,152.213606830001,47.6038948975131,7.7216355278566,7.33704220615586,-1.39747086884152,0.59269712177105,5228.548341035,34.3500719148877,600.70006626476,7.28338447002023,1.0000354,0.997706565019822,75,
4349,51.4279034950592,38.3056862187202,28.6066560579478,748.380659359955,14.9170228283195,72.2045167270699,95.2904010055243,78.5033366265854,53.6614579778062,7.45452720821017,7.27663062108142,-0.928326888982245,0.561729337612384,3358.84654018575,42.7860354033444,505.749162810661,7.19016933390888,1.0000354,0.935396525766058,75,
4350,49.6178236426798,36.6591696730342,27.0810341302526,1349.74507207224,23.5938769029531,58.2195850120857,93.1764636981876,79.1393759113818,72.3607138617747,7.56256068646524,7.1375596955187,-1.03691761252566,0.465934781356806,3343.85422407737,42.2527242042157,474.624260699831,7.13269655417116,1.0000354,0.944347615592549,75,
4351,49.1516264661475,36.6384814431541,27.3896351218111,1520.62676440358,26.5115149107881,54.2642487746662,92.7153512462931,81.0467585750955,76.0980527668678,7.61131714772738,7.10448368450271,-1.09088836008901,0.342876276484064,3306.71640339435,40.8001067720733,458.693230557181,7.15066017802144,1.0000354,0.956037125265869,75,
4352,49.102100753337,36.7663515943423,27.6486239550854,1540.59987846282,26.9851520388586,58.5103924232531,94.0760731868259,81.5562431653083,77.008681782488,7.61194911398585,7.08584602544939,-1.08790625167565,0.30045289040171,3280.33020885817,40.2216934172555,447.334418673454,7.16438471089697,1.0000354,0.959037120546798,75,
4353,51.9010374882806,39.5910246356234,30.4923194836593,0,27.157617142072,81.2310620798116,93.9941591637049,81.2913070371318,80.9255521421563,7.1531573665224,7.04848715723507,-1.07028663076749,0.331910250341771,3262.85244648551,40.1377781389974,453.12146221669,7.10864255861624,1.0000354,0.978442936538745,75,
4354,15.2936229613897,15.2936229613897,15.2936229613897,0,17.2701153929008,24.0247238281085,38.8510037055882,0,57.9702855057328,7.19224588464024,7.17604548280663,3.96072613428944,0.295871665762407,0,0,158.758770453417,6.84724669772133,0.232421566452895,0.431752884822521,75,
4355,1.15319551598624E-10,1.15319551598624E-10,1.15319551598624E-10,0,0,1.34793053270356,25.6101978398089,0,0.139597840042461,9.80002469986125,9.79416789420527,-1.38750682152633E-05,0.29593116834806,0,0,1.97514466779682E-09,6.85172955962172,0,0,75,
4356,3.9820287154221E-13,3.9820287154221E-13,3.9820287154221E-13,0,0,0.126824320669227,13.0192325300348,0,0.000936334929527927,11.9735443861436,11.9677126799098,-3.3541464299347E-06,0.295743066500298,0,0,6.8477959091957E-12,6.852128978475,0,0,75,
4357,1.59281148616884E-13,1.59281148616884E-13,1.59281148616884E-13,0,0,0.0174772508130638,13.5024113842335,0,6.30528143730906E-06,14.1455126837392,14.139681145857,-1.10256128538211E-06,0.29567386769766,0,0,2.7500295946379E-12,6.85147405672626,0,0,75,
4358,0.000289798241905287,0.000289798241905287,0.000289798241905287,0,0,0.00266588373570068,17.0617127694986,0,4.24585989853973E-08,16.3175178212968,16.3116862845482,0.00974315171240026,0.295648410880816,0,0,0.00502301105379717,6.85043156127409,0,0,75,
4359,0.00146533989120898,0.00146533989120898,0.00146533989120898,0,0,0.000495152296118803,29.918174496914,0,2.85783484143074E-10,18.489902476953,18.484070940212,0.0517625070646281,0.295639045841261,0,0,0.0254954743310534,6.84924595740633,0,0,75,
4360,0.000669815068604381,0.000669815068604381,0.000669815068604381,0,0,4.58566395662667E-05,15.168606354444,0,1.92353315632587E-12,20.6623049674259,20.656473430685,0.0216317318207846,0.295635600635743,0,0,0.0116976760337827,6.84805570919179,0,0,75,
