4320,133.122287686311,112.789892987223,97.7616012531149,512.696867420119,11.7243673252964,90.001059439382,97.6465299674878,76.8122679705729,42.793864751868,7.45594696029339,7.38596330505972,2.84208527756794,7.6775227376926,5092.29953953185,66.2953936145034,779.862209135208,7.07476469560079,1.0000354,1,0,
4321,135.3287555831,115.485449068212,100.818657296338,503.354000454876,11.6927284075143,91.7969912819783,97.8818184357432,77.3535765548424,42.9261021126436,7.45485790535047,7.38439334519166,2.59821795020857,7.68630961830073,5004.82920500788,64.7006826046309,788.087408403405,7.07533787999037,1.0000354,1,150,
4322,133.220029706212,113.502379313285,98.9284638054689,510.481893073363,11.854793304602,88.4648655846916,97.5121834496642,77.2339233741571,42.9645331751787,7.45419414758176,7.38378176814917,2.20573846628722,7.50567524050995,4965.44391264213,64.2909708029101,782.326824514026,7.074584974348,1.0000354,1,150,
4323,131.578026746657,112.149288023371,97.7889159235505,520.382243733721,12.0345899860208,84.6372234698349,97.0627147332942,77.8126594327245,42.9717845454421,7.45792712172207,7.38349205114498,1.75068134627195,7.13687968726591,4929.35037097042,63.3489512748534,779.556013452162,7.07622619576361,1.0000354,1,150,
4324,129.544821245093,111.141375819308,97.5388292002499,528.361125862947,12.1892928714595,81.788429070638,96.7074250824522,78.8528014695084,42.8456877988091,7.46112004387926,7.38455675856818,1.25203277306955,6.58768304783333,4731.63337900234,60.0059007520743,779.642112780705,7.0802981625618,1.0000354,1,150,
4325,127.780541883525,109.727641704754,96.3841937465326,534.241212808887,12.324448094596,79.6115432751002,96.426575320191,79.6821020269095,42.7258410164245,7.46364816268295,7.38556436602373,0.881272740747581,6.19786079310727,4690.3211996053,58.8629200321714,774.252932152674,7.08307983084326,1.0000354,1,150,
4326,126.046565674357,108.714057236625,95.9030727391707,540.766691407299,12.4698796700312,77.4412388133196,96.130397990782,81.0635360359215,42.531266278011,7.46636362872006,7.38734059551116,0.45793995782931,5.74943462544978,4581.22672952077,56.5140253379856,781.417008481788,7.08612773101832,1.0000354,1,150,
4327,124.075388745047,107.369761864244,95.0221246045197,550.451012797532,12.6548418444253,74.7462091142237,95.7411361730316,82.7344680055368,42.4193640677052,7.4716856676654,7.3882812597498,0.0298923285863366,5.27364713413978,4506.548793195,54.4700280527991,773.902886656096,7.09020857240394,1.0000354,1,150,
4328,121.57277901591,105.862244579529,94.250110430899,566.667149001385,12.9206052236799,71.3382659966916,95.1634896422375,84.7339399640302,42.2319853223495,7.47651848963958,7.39000279531454,-0.375758033368308,4.78440665170671,4340.53418957648,51.2254498187981,776.973973838037,7.09560093127713,1.0000354,1,150,
4329,113.820562048536,98.4511768015661,87.0911964016316,626.235765067131,13.7103886056276,62.1638707552866,93.0058314814732,87.979388527857,42.394551961031,7.48637785259721,7.38813902569678,-0.825088559792723,4.02420214729011,4408.92039616112,50.1131056936718,787.515102061008,7.1032933049572,1.0000354,1,150,
4330,82.0979159573327,67.576020831889,56.8424461739523,744.30473865508,15.2687060332401,54.2621022988831,90.6936049907183,81.9662257302504,42.996279562293,7.51290218713766,7.38184003163416,-1.22277319239932,2.18654428837391,3881.08411630477,47.3497965988743,707.001019808775,7.11641473689249,1.0000354,1,150,
4331,46.9986329634851,34.2710928684228,24.8637806242464,786.064141093809,13.9676895121802,47.2907494252112,88.377172467563,71.3232003164481,42.4307181985562,7.55697999582741,7.38742794117479,-1.34755943320148,0.467775406620177,2959.85282989433,41.499158994016,499.214942673591,7.12593014218293,1.0000354,0.74231903202831,150,
4332,44.1208223959787,32.5188073113805,23.943404857547,687.808796675549,11.7583171028625,47.1081757964231,87.5088697931383,75.3606571045481,43.9965851874514,7.5212656679285,7.37120811008277,-1.47242351568412,0.0295171007830017,2850.8405276179,37.8292949816364,472.197103000963,7.11979355917981,1.0000354,0.606396447848752,150,
4333,44.0036629244791,32.8517252081682,24.6089886352428,653.035458808937,11.812541553696,52.5358932521988,89.2734995146873,81.685084663646,49.4309703059939,7.46688385082437,7.31892225797249,-1.46334111893643,-0.136104263634886,2970.21522866081,36.3617818466032,471.514549325995,7.09261495512857,1.0000354,0.660591427325803,150,
4334,69.1280325692773,59.5931726966611,52.545667573423,1750.56481615784,31.5629450720994,55.6647053976853,94.2676223127346,145.823821908262,54.83280428063,7.6792022542091,7.26962345497459,-1.73789380377551,-0.183557457707447,4533.54168264321,31.0891706397276,555.606472592896,7.13010725883801,1.0000354,0.979725112223614,150,
4335,49.5724566602907,37.7000498814797,28.9247926971412,998.854037927147,19.2477280563242,73.2457830348948,96.1250132006405,84.1147132743809,63.1998970944678,7.49844273859024,7.20099343417036,-1.21776031561951,0.184838773941481,3256.15866428074,38.7109286535781,435.944448664834,7.14683010544014,1.0000354,0.966660417806421,150,
4336,48.4948027953843,36.6599269434966,27.9124100094926,1470.7523604213,27.0761608199531,56.4437006319395,93.6784573998844,85.2517917881058,78.2818859653021,7.60806040239489,7.09885526798948,-1.26248225376276,0.118120045269123,3289.74354788818,38.5885560747494,416.090249299114,7.14148465411117,1.0000354,0.965994681195921,150,
4337,48.8299943699229,37.2162321521105,28.6321470345971,1552.47985305167,28.8341886157142,55.3728258465649,93.703379620653,87.2496545877929,79.8844198808235,7.62498383917874,7.07745973337586,-1.30848173735393,0.0546713140415171,3303.93479721971,37.8675974458466,413.146835158453,7.16281731807398,1.0000354,0.966679449794756,150,
4338,49.2777542186338,37.8482098407114,29.4002857352905,1306.7026161953,30.0958297204305,58.0835661688344,94.4588884587073,87.4931595135634,80.79373210591,7.61837776270997,7.05629422159065,-1.32218114943974,0.00433442194379419,3260.6023692988,37.2669404948548,399.965870093464,7.18055344260113,1.0000354,0.970439723463339,150,
4339,51.676977785727,40.3823909915185,32.0342181436253,0,14.6290930561082,62.6300213439042,83.6593588916732,87.1890314933205,94.4693886611935,7.01079622009509,6.96855334208137,-1.3449134852054,0.0413964436941736,3210.90179060566,36.8269005356671,466.060603848672,7.06626334503578,1.0000354,0.991453741452103,150,
4340,5.17842287172472E-07,5.17842287172472E-07,5.17842287172472E-07,0,0,3.68789912124444,52.593011826853,0,0.531078576328592,9.22039223734167,9.21335839892392,0.0576811388763008,0.0312793134349163,0,0,0,7.00424358974522,0,0,150,
4341,2.38921722925326E-13,2.38921722925326E-13,2.38921722925326E-13,0,0,0.535721485264919,56.9491988522834,0,0.00351972046131629,11.399007164104,11.3920864899367,0.0576780505430254,0.0304499596798666,0,0,0,7.00415950335198,0,0,150,
4342,2.38921722925326E-13,2.38921722925326E-13,2.38921722925326E-13,0,0,0.0240785920385273,9.49263159554797,0,2.36937865929056E-05,13.5712339609428,13.5643140367906,0.602995555293807,0.0301448574839451,0,0,3.82190680632522E-12,7.00333700721317,0,0,150,
4343,2.38921722925326E-13,2.38921722925326E-13,2.38921722925326E-13,0,0,0.00516380650908451,23.2213225726036,0,1.59574527792164E-07,15.7431030360974,15.736183116994,2.97049768516189E-06,0.030032616658608,0,0,3.84329706897499E-12,7.00232650375918,0,0,150,
4344,1.59281148616884E-13,1.59281148616884E-13,1.59281148616884E-13,0,0,0.000701999661909626,23.4167163158114,0,1.07474355037558E-09,17.9149480651679,17.9080281460986,-7.17934835581246E-07,0.0299913255665052,0,0,2.57636918510764E-12,7.00125692996665,0,0,150,
4345,1.59281148616884E-13,1.59281148616884E-13,1.59281148616884E-13,0,0,9.11910386166111E-05,21.7866598928908,0,7.23785331292341E-12,20.0868657965069,20.0799458774377,-2.48795464230511E-07,0.0299761354226176,0,0,2.59043608974572E-12,7.00017438656598,0,0,150,
4346,1.59281148616884E-13,1.59281148616884E-13,1.59281148616884E-13,0,0,1.33574223323799E-05,25.0683313416675,0,4.87456182052734E-14,22.2587417761744,22.2518218571053,-9.69103060022292E-08,0.0299705472809726,0,0,2.60441163973732E-12,6.99912333916078,0,0,150,
4347,1.59281148616884E-13,1.59281148616884E-13,1.59281148616884E-13,0,0,3.45333475145258E-06,59.7550390811876,0,3.28276396023037E-16,24.4306612181389,24.4237412990698,3.44438149113557E-08,0.029968491518547,0,0,2.61829810495662E-12,6.9980895212152,0,0,150,
4348,1.59281148616884E-13,1.59281148616884E-13,1.59281148616884E-13,0,0,6.33465737793158E-07,74.9660429753443,0,2.21036074642256E-18,26.6027418036614,26.5958218845922,0.398423709130116,0.029967735245815,0,0,0,6.99703951852516,0,0,150,
4349,1.59281148616884E-13,1.59281148616884E-13,1.59281148616884E-13,0,0,1.71686176878774E-08,6.91211932763922,0,1.48879478377578E-20,28.7745260358897,28.7676061168205,0.116383209972756,0.0299674570286248,0,0,2.64584305384899E-12,6.99609338611788,0,0,150,
4350,1.59281148616884E-13,1.59281148616884E-13,1.59281148616884E-13,0,0,4.9929781387456E-09,30.1605514253173,0,1.00308190978725E-22,30.9460505070541,30.939130587985,0.000605883933638918,0.0299673546782402,0,0,2.65945672701442E-12,6.99523343209273,0,0,150,
4351,1.59281148616884E-13,1.59281148616884E-13,1.59281148616884E-13,0,0,1.4394823976644E-09,71.1083810478275,0,6.75992472300896E-25,33.1173671742703,33.1104472552012,6.4207956285145E-08,0.0299673170256378,0,0,2.67279534705345E-12,6.99444825425307,0,0,150,
4352,1.59281148616884E-13,1.59281148616884E-13,1.59281148616884E-13,0,0,2.16189049048596E-10,75.7917345014073,0,4.55547194083541E-27,35.2887117322865,35.2817918132173,0.199871665350991,0.0299673031740197,0,0,0,6.993677871461,0,0,150,
4353,1.59281148616884E-13,1.59281148616884E-13,1.59281148616884E-13,0,0,1.83214353763195E-11,51.6400873368549,0,3.070571616164E-29,37.4598676125929,37.4529476935238,2.74059249627534E-05,0.0299672980782941,0,0,2.69863567114022E-12,6.99297640191878,0,0,150,
4354,1.59281148616884E-13,1.59281148616884E-13,1.59281148616884E-13,0,0,3.97569625650359E-12,76.0092327090437,0,2.06900267077444E-31,39.631311562711,39.6243916436419,0.131894581402378,0.0299672962036817,0,0,0,6.9922323268164,0,0,150,
4355,1.59281148616884E-13,1.59281148616884E-13,1.59281148616884E-13,0,0,2.28006046375255E-13,30.5756108875565,0,1.39432279259923E-33,41.8026346023023,41.7957146832331,1.18996314579789E-07,0.0299672955140502,0,0,2.72345697974374E-12,6.99153605109553,0,0,150,
4356,1.59281148616884E-13,1.59281148616884E-13,1.59281148616884E-13,0,0,6.2270570049261E-14,68.9283029827602,0,9.39480943900445E-36,43.9741128952981,43.967192976229,8.79181794033457E-09,0.0299672952603487,0,0,2.73551153017069E-12,6.99082917780732,0,0,150,
4357,1.59281148616884E-13,1.59281148616884E-13,1.59281148616884E-13,0,0,8.31236891573622E-16,1.06769708661171,0,6.33075562933695E-38,46.1455053371002,46.1385854180311,3.08459229714231E-07,0.0299672951670171,0,0,2.74732592678532E-12,6.99015356091259,0,0,150,
4358,1.59281148616884E-13,1.59281148616884E-13,1.59281148616884E-13,0,0,1.16212319537787E-15,69.9321933600689,0,4.26509022442076E-40,48.3170875818958,48.3101676628266,-9.72555369571637E-13,0.0299672951326824,0,0,2.75893539473236E-12,6.98946636644045,0,0,150,
4359,1.59281148616884E-13,1.59281148616884E-13,1.59281148616884E-13,0,0,1.65726914387253E-16,72.4435712054391,0,2.87382680306187E-42,50.4885504358675,50.4816305167983,-3.91686683087755E-13,0.0299672951200516,0,0,2.77031832025899E-12,6.98881576133264,0,0,150,
4360,1.59281148616884E-13,1.59281148616884E-13,1.59281148616884E-13,0,0,5.50800993710139E-18,9.43921057143166,0,1.93681245891079E-44,52.6598240679455,52.6529041488763,3.71710373592293E-08,0.0299672951154046,0,0,2.7814780727872E-12,6.98821619502717,0,0,150,
