4320,117.308616637375,95.0827537190612,78.6549419968292,506.626162247965,11.6347957656817,90.4732896466146,97.6831294208531,72.8985112170258,43.1348389098308,7.45396063488514,7.38795949766444,3.45162137538078,7.33617978486006,5282.89661937511,72.4691976719171,765.880797712438,7.07055054736268,1.0000354,1,0,
4321,117.81738986955,95.6029820396258,79.1836371218556,501.806950239873,11.6164183733715,91.2758511853486,97.7896997927092,73.0979374155412,43.1224661060333,7.4531864756623,7.38794065710253,3.37516818342373,7.31906341680268,5294.61865129039,72.4318474431362,774.060601566499,7.07092672228629,1.0000354,1,75,
4322,117.625346318555,95.5179654925955,79.1777274907997,498.294654189441,11.6109996231403,91.9082832758642,97.8727484319832,73.1508257788908,43.153384341358,7.45246645259886,7.38749123316629,3.20585740002944,7.27400035016255,5272.92200380991,72.0828773655692,768.112993278943,7.0712274028361,1.0000354,1,75,
4323,117.116631036843,95.2331516902051,79.0584060861681,501.239099641187,11.6840300430515,90.2287886015446,97.6913699923778,73.3456403025944,43.1838873327492,7.45264803212167,7.38705061994297,2.9933876058715,7.17648118086382,5233.41891170518,71.3528287450245,770.626461050914,7.07087485300949,1.0000354,1,75,
4324,116.446081141525,94.8596568085234,78.9044736058701,501.157784059665,11.7176148069246,89.6469660941223,97.6355566099674,73.7091658166524,43.1895895927631,7.45276368096148,7.3868626448503,2.76144942892195,7.03436581590909,5187.96488445071,70.3842571947632,768.951685383641,7.07122837647863,1.0000354,1,75,
4325,116.016402712864,94.5540773553769,78.6906194824519,501.030443585394,11.7494165316725,89.0045491380212,97.5743947615737,74.2242988952615,43.1933803651498,7.45344227546671,7.38669630413431,2.52329471392798,6.85722990244403,5194.18842393159,69.9796225931504,767.114990138838,7.07169612762547,1.0000354,1,75,
4326,116.04026680908,95.0587556194406,79.5506821314462,509.208670611909,11.8785590424218,86.5522434700822,97.2834120772314,74.8253035301995,43.1587428883737,7.45487241318181,7.38691890960845,2.28145600244221,6.63608854046275,5118.94040986551,68.4118896731172,770.656232230604,7.07260260038792,1.0000354,1,75,
4327,115.195424785258,94.7042241354873,79.5585540900049,507.952890894736,11.8946841744447,86.1276005743666,97.2499420762618,75.4968093751634,43.134145710716,7.45619959309416,7.38704211800588,2.03860098873952,6.4061210925681,5044.18290134054,66.8131930751494,773.000780683048,7.07456998421022,1.0000354,1,75,
4328,115.104571340119,94.9011003883902,79.9681001197209,516.551318496367,12.0188061394548,83.9233040041153,96.9684440424953,76.2930057728942,43.043779559102,7.45751672367276,7.38782928850949,1.79675704867791,6.144130631795,5025.80385027324,65.8750274597103,770.875824284924,7.07611393971532,1.0000354,1,75,
4329,114.496099259176,94.8308967363398,80.2957470455476,516.626022510844,12.0478807398548,83.1692728263123,96.8905305613364,77.0695456304348,42.9821015711134,7.45966632296543,7.38832963775666,1.55483752117825,5.88556199279493,4941.69620938798,64.1199603418513,771.385596466332,7.07897419463885,1.0000354,1,75,
4330,114.051107234401,94.7760551794775,80.5292775736641,514.625392559278,12.0544035792933,82.9845843564133,96.8850225728912,77.7764647504466,42.9117563726967,7.46039915616216,7.38891916441526,1.37258886903697,5.69457713839093,4888.08309568478,62.8478436422723,768.337864372626,7.08049536223036,1.0000354,1,75,
4331,113.854157581256,94.7361936079352,80.6055245841767,514.732103999676,12.0835139932171,82.4031947362485,96.8251932802443,78.4488600321828,42.8707673601169,7.46171152515919,7.38921319718673,1.16663329871863,5.50722374988764,4890.16032340799,62.3356454306902,776.538741644333,7.08171583412693,1.0000354,1,75,
4332,113.870687980494,95.2283016945899,81.4491466137046,524.496107194431,12.2184660526748,80.2066270880927,96.5228575824702,79.1017183568805,42.7973575565993,7.46409172923722,7.38983749659837,0.950384062593885,5.29807508089307,4808.19688027461,60.7849864725016,776.131471913816,7.08383966152937,1.0000354,1,75,
4333,113.139295155094,94.9802611145226,81.5583663888826,521.856946088806,12.2178961380703,79.9919647991289,96.520526146891,79.7625333864609,42.7252567998219,7.46585886331254,7.39044997154804,0.730671192256291,5.08823811547216,4722.65808039701,59.2089779485195,779.477965144937,7.0862682868008,1.0000354,1,75,
4334,112.338952025867,94.6306052351061,81.5418271723696,536.864472279062,12.4133804343624,77.2234046880491,96.099288009782,80.5503343299781,42.6330528944066,7.46852316817004,7.39126860123716,0.463592185954398,4.80953193612298,4650.9341156665,57.739476246166,784.111702328483,7.08843413116704,1.0000354,1,75,
4335,110.339010390419,93.339175643266,80.7740803953706,545.750944066855,12.543041708452,75.1804658863738,95.7949207114051,81.6449473070346,42.5518389007227,7.47337635718656,7.39197758277869,0.205072871310568,4.47644801567776,4525.52360469073,55.4293162523825,774.291619111293,7.09286841093547,1.0000354,1,75,
4336,107.559621497606,90.8240251488216,78.4542365431981,553.446574396878,12.659862888188,73.6505207387432,95.5539106699744,83.1303428113005,42.5673739192946,7.47653890809314,7.39170200534231,-0.00499635128494136,4.14215142121973,4536.23542244382,54.5677458920231,764.802670764196,7.09690830214368,1.0000354,1,75,
4337,101.805135679358,85.7437877469019,73.8723566663912,584.048192376894,13.0389701267969,69.3058340690508,94.6942346838657,85.526421513745,42.6424996891684,7.48087402789888,7.39082502768593,-0.254251925812613,3.57844535429589,4478.95926973205,52.3693051861433,767.944286384182,7.10042675085757,1.0000354,1,75,
4338,97.5080114732949,81.9926040035011,70.524694134523,614.480935123635,13.420984856108,64.858051478674,93.6587320792442,89.6862567786151,42.6239391523783,7.48642810793416,7.39091321600223,-0.412732532431978,3.11555759230208,4537.15802543199,50.5892227906409,770.102389422896,7.10554030458885,1.0000354,1,75,
4339,93.5738451985374,78.5225601822828,67.3976973441816,622.084714766115,13.535571430477,63.9117106949601,93.4367392755279,94.3996936609297,42.8498166915173,7.48803098832505,7.3885289130141,-0.607105654342405,2.67152193610624,4632.75129829136,49.075914535608,754.188409778819,7.10885097437781,1.0000354,1,75,
4340,88.9089436015095,74.6896672290183,64.1797673015248,644.462191801782,13.8240077147404,61.0530730971388,92.6075244585562,99.0447949172308,43.2107501135455,7.48977926019322,7.3848114120366,-0.783348866449708,2.15642786251131,4592.02214978754,46.363084033088,752.089364855591,7.11039428035924,1.0000354,1,75,
4341,71.8197387697353,57.7856913419447,47.4126997648821,640.620358472002,13.7686477573357,61.0929860004325,92.6720385678118,86.977944183444,44.2620199136265,7.49154845064081,7.37431014450981,-0.880404661897538,1.50141502963697,3980.03508061757,45.7591302942655,685.64205663624,7.10930579514448,1.0000354,0.995907078495797,75,
4342,49.6691091412697,35.9980510628132,25.8933559613453,601.509429886544,11.9766221061081,56.7077766111674,91.0861560685649,72.4060626780558,45.0271219727828,7.48923263403781,7.36679490173698,-0.848274704501446,0.78485483150194,3227.54184744423,44.5755745868281,541.710278338691,7.09493931313402,1.0000354,0.822626106113343,75,
4343,47.4541411176562,34.513326731976,24.9483769686472,655.65689390572,12.2299305280543,53.6621475731903,89.7590146675398,73.9893924557277,47.4249123806491,7.48664982195221,7.34388939242272,-1.02556300010239,0.496487577905961,3121.94962395432,42.1945568187003,524.890276624133,7.08241856079583,1.0000354,0.765159254819474,75,
4344,46.314595808382,33.8159007320921,24.5777348061387,708.248008360156,12.8830531744039,52.9429340386107,89.2303548338307,75.8009592909352,51.0717520583103,7.47626720294872,7.31054528563427,-1.1474437950899,0.325410074091224,3089.11585490857,40.7529915690392,517.90678271904,7.07132213655488,1.0000354,0.759248918770447,75,
4345,52.0667379465791,40.2570277371292,31.5281114953619,1105.54913289525,19.076485399143,52.6984891906756,90.3701435370289,92.5936754129557,55.5085186060495,7.53138883108627,7.27188339861529,-1.26688973999911,0.191340515518585,3565.45850040389,38.5065014916236,570.785680759726,7.07390044067215,1.0000354,0.865796989779585,75,
4346,67.0693753940838,56.4259151878939,48.5590098181014,1614.8779804244,27.9318638042771,62.2673488319917,95.2388112061108,128.356753714968,55.6046839386718,7.64825613618058,7.26667432617902,-1.44338176093499,0.134440531629152,4454.47357798859,34.7038503940377,573.093880654389,7.14272190415543,1.0000354,0.989982744354888,75,
4347,80.3967740593142,70.1532263427988,62.5819084653743,1803.39533556213,31.3456442973447,75.7472812036511,97.7093144674601,146.645485137644,53.0344147564774,7.69965523200761,7.28085347217984,-1.47155666529878,0.337239501977137,4897.94510280851,33.3999038443715,566.698899880498,7.21889199832508,1.0000354,0.99903517966545,75,
4348,86.6024860985838,76.2259445452557,68.5563268754045,1841.89031760043,32.1349402565642,76.9574981058285,97.9076547236252,151.286607144363,49.5694491158208,7.71216208158267,7.30225298697811,-1.43322898107492,0.522966042312847,5118.56160291561,33.8335408502572,579.57146803815,7.27041092808825,1.0000354,0.999400084991965,75,
4349,51.8513181459136,38.804214860448,29.1607037364082,765.702831805585,15.2612465879693,77.1658822862762,96.2392134817532,77.9503761993619,53.2847805090506,7.45436063703153,7.26277502708258,-0.943239888020367,0.560170604440581,3316.09632733269,42.5411202487542,491.362229527241,7.21186287091469,1.0000354,0.950639399908882,75,
4350,49.4055915086937,36.7186977329482,27.3414284204407,1349.77367300511,23.6220593703326,59.0737051099973,93.4579540387216,78.4116758920353,70.5684670775718,7.56201529166154,7.13201051526012,-1.05416572824638,0.412446251799209,3243.62666119625,41.3666284299597,466.385878462641,7.15651383588989,1.0000354,0.947232454821213,75,
4351,49.0067757318202,36.5459050480588,27.3356962818003,1575.49444537462,27.42640370189,54.2923931763722,92.9919265208158,80.1154443759318,76.2927338751211,7.62600964764232,7.08737811132882,-1.09148230813546,0.319692748560138,3255.063435765,40.6296621222122,449.418791585788,7.17328784685969,1.0000354,0.957009470923993,75,
4352,49.5251387912803,37.2108428101162,28.1089718675166,1308.84617753002,28.2816457477299,58.02174096105,94.0002524330901,80.714335991927,77.0502629532523,7.6140725704801,7.06993646078898,-1.08987506928364,0.284490512464577,3240.82132527928,40.151743620903,440.459474650824,7.18906123199578,1.0000354,0.960386136538351,75,
4353,51.9886996735647,39.7456053108178,30.6963616513962,0,15.708427099009,67.4546224110479,86.3055538318495,80.8001426828139,88.8503642230534,7.03596706246844,6.99240799122944,-1.09312712187071,0.342730007906483,3225.50816937857,39.9195850685624,491.013911503811,7.06984754815749,1.0000354,0.988104152478019,75,
4354,89.9259027509817,80.9346026893326,74.2888591655049,0,7.28645800842348,23.1906723165684,20.1988933195259,181.284277513403,127.39712496322,6.82437728363114,6.81729261176136,-1.71216331847493,0.360077136312636,5314.68407071452,29.316850548838,1289.80711253791,6.7833533806419,0.724885931914098,0.254539329469684,75,
4355,5.63048549514445,5.63048549514445,5.63048549514445,0,0,8.70061840047768,9.73338357474244,0,33.892556328892,7.43654746228802,7.37804543260569,1.51127999048986,5.20631031868615,0,0,49.5571447869363,6.65512686869185,0.0178832691691623,0,75,
4356,1.54861096742765E-08,1.54861096742765E-08,1.54861096742765E-08,0,0,0.410563142405533,2.63875217049259,0,0.111247749643537,9.89151448791282,9.86202003162448,0.446197416487256,5.14040295610051,0,0,2.64093459189118E-07,6.65886964654719,0,0,75,
4357,1.59281148616884E-13,1.59281148616884E-13,1.59281148616884E-13,0,0,0.0417850373311595,1.39175782698718,0,0.000746731729421526,12.0647001308467,12.035303812013,-0.000484185838413254,5.09586545451762,0,0,2.72839890749798E-12,6.65823203092177,0,0,75,
4358,1.59281148616884E-13,1.59281148616884E-13,1.59281148616884E-13,0,0,0.00770855415450755,2.80018836589915,0,5.02809737505535E-06,14.236738847798,14.2073431877563,-0.000227150145069022,5.07827129412659,0,0,2.74026280942732E-12,6.65699719133864,0,0,75,
4359,1.59281148616884E-13,1.59281148616884E-13,1.59281148616884E-13,0,0,0.00156198013555584,6.80150177404816,0,3.38594172419268E-08,16.4087147671945,16.3793191115888,-0.000184741350913953,5.07155102929015,0,0,2.75190117916022E-12,6.65562911155835,0,0,75,
4360,1.59281148616884E-13,1.59281148616884E-13,1.59281148616884E-13,0,0,0.000249533448396538,9.66992466215672,0,2.27989603268194E-10,18.5807712297976,18.5513755742218,0.0851825154911308,5.06907878201763,0,0,0,6.65420351469811,0,0,75,
