4320,118.221851362977,95.8091480976585,79.24323698851,494.068783460226,11.4736681742045,91.2194337994939,97.7888800447308,73.0027417305678,43.9471456159229,7.4595980317095,7.39725936898581,3.51838289846531,7.45640842729984,5334.92396399521,73.0784055163968,780.465679593638,7.07144738182321,1.0000354,1,0,
4321,118.632003217112,96.2125314277733,79.6416174965225,494.641201472433,11.5020665420485,90.7805288327331,97.7446754248304,73.1622567012613,43.9669161335081,7.45951379871212,7.39699585624069,3.48439683874082,7.45004969805804,5348.19570438579,73.100474828486,786.562525931762,7.0714618830827,1.0000354,1,37.5,
4322,118.624870998326,96.2575386797851,79.7251626182547,492.806029391083,11.4977860748038,91.0196857210679,97.7784707411359,73.1849165253469,43.9734421710352,7.459256663089,7.39686627359636,3.39875483462625,7.42688372286338,5337.41035382801,72.9304699279044,787.475267540178,7.07188025768687,1.0000354,1,37.5,
4323,118.41645582422,96.1623275368556,79.7136240201079,493.733528167914,11.5276097202968,90.5187957184339,97.7255583560037,73.2669851225625,43.9827431353861,7.45912719811481,7.39671160820128,3.29275681214275,7.37542225349882,5316.35202210305,72.5613591607427,787.62602857586,7.07207124242708,1.0000354,1,37.5,
4324,118.250577269031,96.1135358839278,79.7513748601558,494.778831898138,11.5578024009027,89.801084325682,97.6489408384346,73.2898069027802,43.9854126357104,7.45964599996974,7.39662408500471,3.20548118930825,7.3213500994265,5290.02806558943,72.1795879829063,787.793361564115,7.07237054939128,1.0000354,1,37.5,
4325,118.739485362321,96.618201755966,80.2676877860517,501.457890930116,11.6576467275499,87.9560665606616,97.4308997779466,73.6763620926219,43.9256698199525,7.4605454396053,7.3971546950977,3.04153745336211,7.1901754001681,5314.14400574549,72.1282084892416,791.57968725482,7.07278937466107,1.0000354,1,37.5,
4326,118.495869506222,96.5818743040363,80.3845735024208,502.574047830512,11.686414984023,87.2832816059442,97.357110954964,73.736982240403,43.9060097345744,7.46165824187737,7.39729054043198,2.94922863291624,7.09984354374771,5268.67904994876,71.4523281244601,787.732909452602,7.07405970036499,1.0000354,1,37.5,
4327,117.887221887626,96.1728278976434,80.1230584267865,497.560753606079,11.6385076169615,87.9378482052354,97.4488168999563,73.9004974497285,43.8683526464496,7.46182524545283,7.39760477162814,2.84644241360241,7.01415416761096,5232.26699112247,70.8015124618311,782.414712357458,7.07485984812519,1.0000354,1,37.5,
4328,117.596867941777,96.0051063792281,80.045978267779,499.349568886641,11.6747331706042,87.4378240357381,97.3900869909513,74.0284642111285,43.8451578948039,7.46172076052799,7.39777625190785,2.769417650004,6.94981707309712,5211.72674233217,70.4016596571336,782.498334049126,7.07489252682531,1.0000354,1,37.5,
4329,117.306959812834,95.8530351532011,79.9957864917336,494.32536871393,11.6251828463321,88.1988480586588,97.4928463266794,74.2382639752329,43.8280823456817,7.4617172778251,7.39788768566557,2.68165800348801,6.88004539137509,5193.13222390624,69.9522314481755,782.037928201382,7.0750806469859,1.0000354,1,37.5,
4330,117.121287082232,95.8070787507727,80.053098679694,493.629387876065,11.6294095088081,88.2651096580889,97.5052735791795,74.4903688727042,43.8286889887995,7.46148040985321,7.39782432383325,2.58354800842091,6.80628655014103,5176.83297281449,69.4966752233584,783.222113781813,7.07507379845876,1.0000354,1,37.5,
4331,117.018415600983,95.8540614107581,80.2108430962441,497.575937761811,11.6915322964584,87.4086198129118,97.4026639543552,74.7680201236299,43.8387165306215,7.46158298852663,7.39766787735199,2.47859170677414,6.72697448477356,5159.5963067019,69.0080638509678,784.801183356787,7.07515379452196,1.0000354,1,37.5,
4332,117.003655051984,95.9926697391457,80.4628110296565,499.471755115199,11.7272106696838,86.7378981201368,97.3274941400761,75.0697579241692,43.8308565245022,7.46263620620126,7.39768892806899,2.36915243794947,6.64152031980471,5142.87840542842,68.5079924011935,785.651758292688,7.0755983488414,1.0000354,1,37.5,
4333,117.020151942357,96.1814574073158,80.7789440553291,502.195043034685,11.7722900809481,86.0420464650749,97.2440282598902,75.3670760351327,43.8002017523377,7.46314803862666,7.39793595599905,2.25216967170879,6.55509126234757,5120.90827473823,67.946224586862,785.277714239471,7.07644771595318,1.0000354,1,37.5,
4334,117.074718459107,96.4103844991542,81.1367463548411,502.641721149661,11.7892146150145,85.6348028249182,97.2014776821226,75.6598248577245,43.7632135751023,7.46419410624105,7.39824602076825,2.13556332026442,6.46181996485521,5097.78558912811,67.3777080334815,785.407175018181,7.0772574997411,1.0000354,1,37.5,
4335,117.08358506093,96.6192384679394,81.49341707312,506.097843786302,11.8415598699972,84.8402484314733,97.1020529432171,75.9315172425272,43.7231837245434,7.46478470356518,7.39858643103884,2.0184341254992,6.36404887357195,5066.57857410715,66.7256332824796,784.87242120762,7.0781911671811,1.0000354,1,37.5,
4336,117.011251759,96.7575154152368,81.7873624654987,507.237964399955,11.8657852148317,84.3606982686703,97.0474499419019,76.1991268473295,43.6846785829732,7.46578260441105,7.39891199869334,1.90154948793675,6.26295132135555,5032.10817735407,66.0389217770994,793.667016587159,7.0791024370041,1.0000354,1,37.5,
4337,117.409136981011,97.3099992617935,82.4541148606324,512.999431798447,11.9419308397308,83.1363085141907,96.8851995732904,76.5905405180902,43.5979143740655,7.46688313640183,7.3997180568999,1.73960155383951,6.09333796040189,5019.34886728421,65.5348406386905,792.724159837374,7.08077298286062,1.0000354,1,37.5,
4338,117.099898735984,97.3752932945779,82.7962370987559,511.323455576508,11.9334603454297,82.8780497218996,96.8716541546415,76.9352163663463,43.5490801451097,7.46944098694725,7.40014728423518,1.59298418718768,5.92916045606267,4947.98444672052,64.3136482928631,786.999657136255,7.08262334855521,1.0000354,1,37.5,
4339,116.671184315395,97.1829217088601,82.7785536953346,511.031959824285,11.9403290432124,82.6939953708655,96.8547990671442,77.1620630629402,43.4978362306669,7.47003778852954,7.40060034763662,1.50266965982982,5.82388990478908,4903.11156900522,63.5430336408425,791.693865020858,7.0844347201552,1.0000354,1,37.5,
4340,116.24004028298,96.9738772045318,82.7336697117658,505.751148742667,11.8903761168177,83.2404037044801,96.9444287237974,77.4216419376578,43.4322251535215,7.47064219583948,7.40119715358977,1.40664103096303,5.72246884230532,4863.53931882815,62.8188604259312,787.950211253025,7.08532532140776,1.0000354,1,37.5,
4341,115.895082987661,96.8394436905821,82.7548407318717,507.224815804671,11.9173655161066,82.8324890815488,96.8944375734303,77.7077708534537,43.3956905602853,7.47111869589408,7.40150359620919,1.30629833990275,5.62274089402544,4828.17269951796,62.1324308558952,786.742276096523,7.08571897725128,1.0000354,1,37.5,
4342,116.040769190603,97.236122333661,83.3370355263564,515.066274652375,12.0133979695468,81.2273068806571,96.676764873508,78.1851148360315,43.3331773711575,7.47334964790783,7.40207064886645,1.12127487365028,5.40967563076615,4793.84604017022,61.3140499981843,787.585581111362,7.08655877079379,1.0000354,1,37.5,
4343,115.25946014172,96.813209407506,83.1790240822173,514.474887538673,12.0165567724863,81.0546182764079,96.6641518265313,78.5698336371616,43.2809888951234,7.47437351408668,7.40253465619843,1.01001136840409,5.25711186699368,4725.61964045943,60.1454708722246,787.676335197669,7.08903094475249,1.0000354,1,37.5,
4344,114.77427913776,96.5312006231338,83.0471860688447,509.187705175116,11.9687809149124,81.6281294027123,96.7622887957108,78.9257893017904,43.2387379019471,7.4750272568763,7.40289918145407,0.93543591204773,5.16301374231491,4694.74364494783,59.483011655372,783.607097851246,7.08991092954238,1.0000354,1,37.5,
4345,114.838412931494,96.8135321000116,83.4907940941337,520.78183585603,12.1033855480894,79.5649173780966,96.4626465762463,79.3875549209558,43.1711891647624,7.47701044837783,7.40351879390401,0.787432502864477,4.97705901624835,4665.73050420401,58.7715607169103,796.590735922389,7.09047370590313,1.0000354,1,37.5,
4346,113.981190273184,96.2696583124568,83.1785259936588,515.928216972148,12.0603821969564,80.0381965312711,96.5515049441415,79.8014191533498,43.1394913626623,7.47789074428272,7.40377816889751,0.691627331473057,4.85435915976849,4608.52092329872,57.749861746729,784.814265167829,7.09281755953965,1.0000354,1,37.5,
4347,113.447793463363,96.0524831987944,83.1950799597652,523.072811012571,12.1470671356915,78.8045257149413,96.3685847400185,80.3450807267525,43.1018159312397,7.47909383310891,7.40409815649134,0.552136614716359,4.66242368123271,4557.07621926716,56.7187957003296,793.583501052726,7.09342051031985,1.0000354,1,37.5,
4348,112.625332590697,95.2772465042873,82.4547480925935,518.854142499839,12.1106014993272,79.2510952552815,96.4535476500096,80.8675985752751,43.1194212853265,7.47979842829021,7.40386168461985,0.475268415632503,4.5577685611999,4574.26095533197,56.5648175031937,781.666206138908,7.09532460006686,1.0000354,1,37.5,
4349,111.499815575994,94.5840197786484,82.0810402762621,529.651047599308,12.2369970358089,77.5849926787275,96.196224427519,81.4858148100469,43.161887201512,7.48141483734154,7.40337625638858,0.372232588819107,4.41023429472549,4494.37460704386,55.1553005577814,789.663960236585,7.09548859629498,1.0000354,1,37.5,
4350,109.592567017598,92.7691722194001,80.3344891076888,541.043405282893,12.3702920678512,75.887064536578,95.9231928745225,82.5361921246195,43.2238296837954,7.48369088230239,7.40269717651276,0.257594996754355,4.18160001981551,4527.44191163588,54.8540197347607,780.878942461907,7.09754830785064,1.0000354,1,37.5,
4351,108.59312539184,91.8279661209286,79.4363266598202,548.473602772407,12.4600910401775,74.8676202207614,95.7480649194907,83.7892146179871,43.2301722089667,7.48450968990303,7.40257959258936,0.200651531892258,4.06782285167039,4580.26520386724,54.6641381560819,781.400685802694,7.09879684603626,1.0000354,1,37.5,
4352,107.286046109634,90.8577716374393,78.715133984078,559.971331412656,12.5944079825613,73.3425366050356,95.4723410062177,85.2544273550382,43.274544117699,7.48601461382324,7.40208342127589,0.0845190831987703,3.87140369377547,4566.712944391,53.5656984167301,780.147517519001,7.1005149581771,1.0000354,1,37.5,
4353,106.204792775736,90.0127015461464,78.0446341155799,568.780690018009,12.6987125563825,72.2395409951841,95.2650615275787,86.8982487604069,43.3482065237468,7.48721742819499,7.4012974565132,-0.00314477628929044,3.7077448489927,4587.84554097237,52.7956041280168,781.761159430149,7.10177216349619,1.0000354,1,37.5,
4354,105.148007737688,89.2520653372777,77.5028905195834,575.445511097543,12.7785111592531,71.5477720097842,95.1252341151028,88.6224251417877,43.4487142582927,7.48737011352515,7.40024808845143,-0.0707220539714499,3.58670853062151,4593.29916643988,51.8299872644088,773.852237378154,7.10238212742243,1.0000354,1,37.5,
4355,103.988806925627,88.2822301151608,76.6730211682943,592.010221142618,12.9686366995788,69.6081216973456,94.7162292701735,90.4120044759926,43.6595281317403,7.48902044830159,7.39810651015505,-0.195617100393643,3.37697024388046,4630.22890780413,51.2125456640397,775.600946561584,7.10291188590181,1.0000354,1,37.5,
4356,101.775192732739,86.5528518212249,75.3015563648887,605.447393491105,13.12408965998,68.0651403400926,94.3671338992085,92.6543303115734,43.8024590206775,7.49029219154876,7.39665205520825,-0.30975185052178,3.09143047563146,4598.77314990385,49.6336559169908,778.74078793796,7.10451398319713,1.0000354,1,37.5,
4357,101.215861023901,86.2531193269365,75.1937015509197,606.194776053888,13.1356881445466,68.1511048283478,94.3916196043177,95.0608194554462,43.8752505750249,7.490288519009,7.39590002000038,-0.359116854847582,2.97625788733749,4637.75235026542,48.7872119852604,775.408648234383,7.10502010612171,1.0000354,1,37.5,
4358,101.249244866893,86.5464129818113,75.6791024580551,608.866828148377,13.1679128189144,68.190934509458,94.3893982810518,97.1175260474988,44.0455000524568,7.48914163793749,7.39419022339351,-0.437198439965794,2.8684411382402,4655.79043660006,47.9397553261703,779.836780300708,7.1048446924474,1.0000354,1,37.5,
4359,101.312288424381,86.7689324512321,76.0194954276,617.461493878317,13.2663849795763,67.4723859526389,94.203432345245,98.7437794480262,44.24739943648,7.48848914730747,7.39217802057436,-0.498323953770056,2.79644175346244,4682.40744893963,47.4197714034656,785.338215498226,7.10425477041438,1.0000354,1,37.5,
4360,99.5802001803614,85.5240517739469,75.1347246909449,626.331249166569,13.3674865463118,66.8351127099193,94.0406990267993,100.122667541467,44.7032929919469,7.48849017775796,7.38770184861791,-0.675332787353934,2.52667946251214,4588.74122935564,45.831192296741,774.838970739631,7.10379182910648,1.0000354,1,37.5,
