4320,114.600583981688,91.7978529183988,74.9436603933588,495.905302206982,11.5150577104221,90.7030370720101,97.7270653477695,72.1045997265313,43.5301825716454,7.45729234552877,7.39430569757417,3.70656756864437,7.46346024129125,5360.98580379537,74.350122240853,770.0053164476,7.09305610204879,1.0000354,1,0,
4321,114.65279427305,91.7031348626735,74.7403431245693,493.71311501787,11.5081623229499,91.1738997473628,97.7842996837882,71.7520375460724,43.5222999028854,7.45615227553335,7.3943175573043,3.67382114054783,7.45277650073254,5369.147125104,74.8291938282093,773.137010548065,7.0928233862408,1.0000354,1,37.5,
4322,114.299096420674,91.421629304871,74.5121970888423,493.758885740164,11.5283689241451,90.946916568807,97.7633887966475,71.8015068538962,43.5568262406972,7.45585952332856,7.39390968764956,3.61181128554961,7.42708676860351,5355.94760795174,74.5938050972967,773.099189828683,7.09279260088614,1.0000354,1,37.5,
4323,114.03659853317,91.2520489506788,74.411294911446,494.758176209192,11.5594650522199,90.2729937563703,97.6913270818781,71.8611566333798,43.5624831978005,7.45603298243435,7.3937923995972,3.51149294722936,7.38684321567784,5338.62569494445,74.2908400734624,773.569168423187,7.09280583739362,1.0000354,1,37.5,
4324,113.562061757892,90.8996552600003,74.1491808919932,494.178186423955,11.5693908191755,90.0246975668443,97.6694598062779,71.9528304768762,43.5595791759446,7.45627136498542,7.39376272239176,3.39457313044758,7.32951378877997,5316.78048443246,73.8925828100833,771.080724782244,7.09306544803509,1.0000354,1,37.5,
4325,113.295192348365,90.6762744622632,73.9579438507969,499.244251472797,11.6497320741129,88.5068294242433,97.4906438731576,71.9581191972011,43.5319321925386,7.45655830805672,7.39398172668205,3.24504135842141,7.2136867581836,5306.96775811837,73.7507847248568,770.03137617596,7.09318522823062,1.0000354,1,37.5,
4326,112.398793652783,89.987541672571,73.4227032524141,499.823509105425,11.6727561610096,87.8054169908935,97.4174172601823,72.1970334294383,43.5299830783694,7.45815717233207,7.39394598055021,3.13735915983917,7.11393849381267,5275.70244745356,73.0736734856255,771.752002276414,7.0941349067191,1.0000354,1,37.5,
4327,112.407771303242,90.031593053339,73.4926786947148,502.463886417139,11.7205238529398,86.9848143306588,97.317380974354,72.3213549084604,43.4341174908947,7.45818101243145,7.39484900238432,3.01454184704079,7.00198271561508,5276.51635432359,72.959312792221,770.374995533508,7.09503494289101,1.0000354,1,37.5,
4328,111.442534117208,89.311820960643,72.9543373231822,503.130701864705,11.743346727387,86.3403593295715,97.2489785599569,72.6243929288192,43.4153667835186,7.45987267514768,7.3949833552272,2.89252403771253,6.88277556096889,5240.50024964115,72.1589542893319,771.240141809198,7.09606812516635,1.0000354,1,37.5,
4329,111.401206132445,89.3200660379512,72.9992233594125,505.329576305598,11.7841255340662,85.6617245394963,97.165099843685,72.955781380722,43.3106846484994,7.46009008300921,7.39597874254508,2.76922121212195,6.75112097863726,5252.62054596927,71.9973173689733,769.798962571051,7.09683852727665,1.0000354,1,37.5,
4330,110.296303981127,88.6265721973549,72.6098139223926,504.651504763474,11.7898267570549,85.2010505524469,97.1213744299318,73.0864179088905,43.2763117840715,7.46205492984713,7.39627091189979,2.60674779019525,6.57990159220818,5163.98574189957,70.6558877784514,771.290088528242,7.09796038146472,1.0000354,1,37.5,
4331,107.022976034946,85.5983776263322,69.7628048895308,500.319314936769,11.7512751383924,85.31640195126,97.1530350889308,72.5678316275268,43.2243120481195,7.46341109371102,7.39673867821218,2.38820779123902,6.16296311448287,5069.34277562061,69.8566108691289,758.077240688652,7.09921908460164,1.0000354,1,37.5,
4332,105.185824207986,84.1689115120815,68.6346716933697,496.449275269182,11.7177790674285,85.4883596158206,97.1900195748819,72.8925184349464,43.1407114568542,7.46444326335511,7.39752285146559,2.26475540432734,5.89733096643203,4995.12887124269,68.5273191061526,752.352576822472,7.09991932277523,1.0000354,1,37.5,
4333,103.626309247738,82.8116781037662,67.4269507364828,489.786634312566,11.648224425577,86.4437853753193,97.3195382950327,73.0523892184678,43.082443744708,7.46374807418223,7.39805272232413,2.14528076328816,5.63511775393629,4957.90230981367,67.8677639821848,741.829890059447,7.09950653760261,1.0000354,1,37.5,
4334,103.989917498048,83.2720731415593,67.9588838345891,497.935947056311,11.7638497511043,85.2228078374889,97.1588868465932,74.2543984101895,43.0671988441895,7.46316840097125,7.39814886102074,2.05733775267267,5.53328340954501,5016.04670600291,67.5521829467086,751.157211431331,7.0985739390953,1.0000354,1,37.5,
4335,105.040765939045,84.5132809530874,69.3407920504229,498.877202075458,11.7885724045293,84.6758881509983,97.101575586437,75.2242486718725,43.0286307541909,7.46489555064157,7.39848099823079,1.93449841161665,5.41675969444171,5034.8718786298,66.9315010455187,759.72119921836,7.10009815783319,1.0000354,1,37.5,
4336,104.458077363948,84.3710071402031,69.5240421922176,483.253619957776,11.6051555282989,87.2445290648848,97.4437708475173,75.9161607712516,43.036930552197,7.46428650547857,7.3983404732402,1.80149154320179,5.29979900920069,4972.16642252221,65.4954936077997,755.356159307615,7.101371181653,1.0000354,1,37.5,
4337,103.742927496513,83.8356236962643,69.1215295830373,485.2228243398,11.6434680749984,87.1934080770744,97.4339635085689,76.0689817184054,43.1125257441176,7.46278785447762,7.39751988100425,1.6547534506355,5.14439508916501,4937.58822352588,64.9093508547807,755.326111874815,7.1003313620082,1.0000354,1,37.5,
4338,102.806517572567,83.100950630905,68.5359663696764,499.167613156493,11.8296422250095,84.2921757170223,97.0720351987022,76.4262454974137,43.1179402543657,7.46560250562839,7.39740487377813,1.53319147605046,4.97599178907252,4910.50639592225,64.2515717468866,749.844162858282,7.10027481292103,1.0000354,1,37.5,
4339,102.044489964532,82.4848046770513,68.0276459863045,490.081486059275,11.7306898460726,85.7359467636316,97.2670942924538,76.8887221600564,43.0580042116096,7.46449474248617,7.39794613723697,1.41802317901784,4.82353390974326,4903.64845402146,63.7759129851803,753.731673564101,7.10065356956153,1.0000354,1,37.5,
4340,101.057514429551,81.8551435151,67.662086752245,489.893967691,11.7407741266791,85.5520627589719,97.2527458592598,77.3906694760007,43.0642292261189,7.46515598299916,7.39781886753914,1.30077421539288,4.67280087828117,4845.49644851087,62.6108609903353,747.032308887114,7.10128976521051,1.0000354,1,37.5,
4341,100.739306008103,81.6845658437544,67.6006274614101,496.953586205163,11.8394657528647,84.1018166006554,97.0706363892153,77.9484138918898,43.0532029757396,7.46654695526611,7.39786438875854,1.18600139843741,4.51981694132827,4842.89591557208,62.1294991619574,745.760772208497,7.10166454731452,1.0000354,1,37.5,
4342,99.9487490401205,81.1112608209981,67.1878999633859,494.276230879716,11.8190321500419,84.5078257517703,97.1260576884675,78.2921994997571,42.9971729751764,7.4655356380347,7.39836415100859,1.08308460293251,4.3702951796739,4808.79551044352,61.4211318773646,749.660596372924,7.1024679933676,1.0000354,1,37.5,
4343,98.9719917325714,80.5093727362575,66.8630891302864,487.170579866405,11.7431263967814,85.2509030887566,97.2426837226261,78.7149709010205,43.0111847587945,7.46714187394623,7.39815765010192,0.979957078660995,4.24320663727422,4738.5500093658,60.1988408955172,742.247000965483,7.1034000137563,1.0000354,1,37.5,
4344,98.9292528080252,80.6613416939688,67.1589726096663,500.163671723771,11.9118390057528,83.024630258928,96.9488175447475,79.1516955977534,43.0602013173302,7.46827467242975,7.39759936730758,0.884034063263211,4.11540034330292,4714.59003929264,59.5639803252233,745.854731047898,7.10333966974637,1.0000354,1,37.5,
4345,97.6086041607655,79.4873306481392,66.0933458779371,499.47716290603,11.9144110590097,82.9365436442192,96.9489213429871,79.67124966233,43.1041548260337,7.46924882593977,7.39709445480076,0.782611771086827,4.00108489550214,4707.4440436266,59.0858567372562,741.291599838936,7.10463709837582,1.0000354,1,37.5,
4346,96.004188282256,78.2669758492484,65.1568623118079,506.749261121259,12.005310137141,81.5360556633502,96.7589068603093,79.746094253142,43.1262896087294,7.47061932785303,7.39681220802055,0.674735223103049,3.8275447330217,4612.00331576236,57.8335949735951,736.515392336374,7.10587128867598,1.0000354,1,37.5,
4347,92.6609850694887,75.094456970217,62.1105014185814,514.824868932186,12.1016629470808,80.076925558645,96.5558963379691,79.9405602551229,43.2566844953275,7.4727245191529,7.39544470014071,0.602051663839653,3.63376722900641,4578.76067371735,57.2770650981761,735.691062442124,7.1065739096514,1.0000354,1,37.5,
4348,90.3760748145196,73.0451704451118,60.2353715633755,520.771273603004,12.1744384806152,79.153060598771,96.4171547203824,80.4270124040173,43.3131225369849,7.47324247952465,7.39482548975052,0.506947040148996,3.42769720480516,4544.83356809139,56.5087951453532,722.952892152406,7.10764982212007,1.0000354,1,37.5,
4349,86.8752765500012,69.6654055234866,56.9450660691063,531.033419824436,12.2943331357094,77.7660946024674,96.1969474973343,80.7969651586273,43.5167941274714,7.47402333828341,7.39273970934518,0.43026421158779,3.21000379310236,4533.85353012469,56.1141562832645,719.61832373495,7.10729300537684,1.0000354,1,37.5,
4350,83.0687562981581,65.8959701294494,53.2030412221429,542.215956612573,12.4245832815628,76.3159322674879,95.9538552771366,81.1133348372718,43.7321366853197,7.47484136829096,7.39055233429338,0.351933695768837,2.97462072408088,4541.79827455014,55.9932381483491,710.607583992354,7.10692642814709,1.0000354,1,37.5,
4351,79.7750487832832,62.9329504698222,50.4844430207423,556.196572323503,12.5862338482283,74.5826455475553,95.6435625165086,81.9495518700833,43.9528233946926,7.47577031866404,7.38832763980182,0.278077090988899,2.75486535895096,4500.2599717872,54.9150040371371,696.792726105539,7.10670600746457,1.0000354,1,37.5,
4352,76.8647540222156,60.1655366653962,47.822636879921,562.222671338398,12.6559854890648,74.1084954257584,95.5483375437024,82.8246953211348,44.2449196955237,7.47505007885596,7.38541711362952,0.192309137857148,2.54818745528777,4509.73254385797,54.4491292889453,687.273826795092,7.10545101940021,1.0000354,0.999603229364784,37.5,
4353,74.8169720124654,58.4868491171391,46.4167582814631,564.969272933118,12.6837563719397,74.1111590414317,95.541334032526,83.9386103931164,44.5714022683252,7.47390862701549,7.38219519173501,0.110404981504341,2.3835039892753,4469.36732905213,53.2456673766742,679.865160914319,7.10400224671879,1.0000354,0.998608912003745,37.5,
4354,72.4967252681201,56.3333927557313,44.3865817683135,582.745144824707,12.8759647951471,72.2173984516422,95.153802965079,84.9069870510045,45.0185645790862,7.47364898155339,7.37783536407231,0.0444332207467522,2.22017908995148,4474.75394024739,52.7018340382207,677.196282921859,7.10155741429492,1.0000354,0.99711201048718,37.5,
4355,68.7286863346629,52.7093944328317,40.8690482445216,580.939375591427,12.8316553433773,72.6916201143092,95.2437920697022,84.2084455576747,45.485222383672,7.47239926397764,7.37333757468439,-0.0400168029234571,2.00184248660701,4398.3905297662,52.2321781459999,660.157215485478,7.09941674404404,1.0000354,0.993619027809176,37.5,
4356,55.4103967069797,39.2698478195554,27.3398769027635,558.286536096221,12.2706872284314,73.1330266985325,95.3376016279598,68.0233794013595,46.4100504180591,7.47220008742634,7.36458698612739,0.0255957445346007,1.75987755389831,3579.90354300527,52.6275462129381,570.757147043925,7.09285129720969,1.0000354,0.954424782760543,37.5,
4357,48.3089607045904,32.0588716725183,20.0479363009867,512.84308789175,9.9649901170314,66.5703097387863,93.5452495205365,60.8316820047627,47.5489367428202,7.45458310452176,7.35405501080975,0.160659017639988,1.66004965620356,3223.14906548333,52.984710586023,480.921771583183,7.07377018219753,1.0000354,0.726508517735922,37.5,
4358,47.6066136426211,31.4439414943559,19.4976186021599,545.981687055093,9.52600885710897,57.6386209063051,90.13343584519,61.536548212574,49.3765304654894,7.43862430000491,7.33767520472164,0.0900260831202515,1.60002222271138,3242.95645254298,52.699680868358,474.435643871654,7.04990733426103,1.0000354,0.62079639920091,37.5,
4359,47.0109863837044,31.1475284821578,19.422363946232,600.395203080217,9.64761719093785,53.8151718528277,88.2635294174626,63.0382376509226,51.2148929065064,7.43644921483958,7.3217781304455,-0.0183419283434119,1.50243507283374,3260.59415178426,51.724068966521,472.294313282905,7.03294638873185,1.0000354,0.552508105687763,37.5,
4360,46.8287372413185,31.2376078828772,19.7137296614206,644.833428361752,10.0999022433354,53.0987510229527,87.8358946601148,64.9751968353948,52.882887622046,7.43427143814154,7.30771456001354,-0.131713470373988,1.36377256367571,3303.08690623126,50.8361200443786,476.532885868365,7.02342772226744,1.0000354,0.541220814117992,37.5,
