4320,119.596482771022,97.6438018961688,81.4179073364949,503.035779127551,11.5715563294782,90.2419640529413,97.664969518501,73.4333280010441,43.7425803110698,7.45848169972234,7.39359062301179,3.3973807199289,7.45604642157773,5256.24496012164,71.578465843832,783.45787291977,7.06720571555266,1.0000354,1,0,
4321,120.052872563386,98.3353805766031,82.2833212820242,493.636568904941,11.5362612294043,91.7620153386151,97.8671950295366,73.717663882613,43.7526239780364,7.45719516710546,7.39321139105953,3.23563163204868,7.4421799954625,5220.06673973749,70.8116137273402,788.175679007972,7.06757235348583,1.0000354,1,150,
4322,119.467161622681,97.964754052828,82.07167019685,494.403248370037,11.624867801459,90.2062620668304,97.7126020231616,73.9255533391798,43.7963600413248,7.45663185063506,7.39250706286825,2.85637329918778,7.33443811144822,5182.94374551852,70.1103138415281,785.068769710569,7.06739464967324,1.0000354,1,150,
4323,119.265299576917,98.057609839213,82.3823609026493,502.062863073598,11.7945986033369,87.1023537961735,97.3656902449562,74.5102823236959,43.7659408353297,7.45787450696358,7.39254540324147,2.4047653303316,7.07425896396149,5152.33854903881,69.1493628578059,788.854087432806,7.0682652205772,1.0000354,1,150,
4324,118.05526898085,97.3907963401215,82.1170556926266,507.707744487935,11.9315109787983,84.6953150569598,97.0943633109229,75.4009054473811,43.7628700680868,7.46066231964045,7.39231803203356,1.93033175041397,6.7005371822932,5080.3742874543,67.3781602132041,788.191159083329,7.0706992874617,1.0000354,1,150,
4325,116.8706689206,97.1770866453326,82.6209606157869,520.554704254998,12.1381683435119,81.0972530253036,96.6328987554794,76.6039451545466,43.6544159011866,7.46467278836018,7.39314101984746,1.46395665910454,6.2589155966763,4918.93042888522,64.2124947868076,786.358398418583,7.07453458372348,1.0000354,1,150,
4326,116.300856571822,97.4026506968252,83.4344115718272,522.793131852551,12.2308126098603,79.4140285805791,96.4346372408916,77.9335306249248,43.463116751579,7.46806115465786,7.39479617335319,0.986408306002083,5.80145841862999,4802.19453395365,61.6191066341578,788.049851997817,7.07860685544956,1.0000354,1,150,
4327,114.420939442984,96.3998550302544,83.0799230730194,537.286272467663,12.4627690149783,76.1968376631883,95.9652864260274,79.3892083947948,43.3828417059735,7.4721232421251,7.39534917534492,0.533784953560668,5.29312021458643,4664.84496006547,58.7591821909554,788.943723979704,7.0830748549248,1.0000354,1,150,
4328,112.408211837783,94.970167014292,82.0811773621461,541.754438862946,12.5864023773085,74.2521286292202,95.7047023146785,80.9770978852381,43.2552840310395,7.4773367051043,7.3963804161853,0.0964627306587622,4.8209433236112,4604.20677448597,56.8581351360741,785.761161898469,7.08879260131074,1.0000354,1,150,
4329,101.749406873995,85.2515575364163,73.0574949825539,602.698951636747,13.3723749580292,65.1348203183377,93.7816128979289,83.9229461881534,43.3545002266466,7.48584139254215,7.39514419325735,-0.451505031151018,3.79192783623959,4514.42951489238,53.7925528111361,773.467696415206,7.09550634922077,1.0000354,1,150,
4330,87.2682486979156,72.1399708714784,60.9582003041118,704.350274404157,14.6911343574747,55.7688826892984,90.9878006795892,90.679330531555,43.4814107494962,7.50161424570761,7.39365578106067,-0.817253432450164,2.57820204814604,4472.93532278475,49.3269557303165,776.661640301851,7.10596422642873,1.0000354,1,150,
4331,48.2862140581698,34.0636436241858,23.5513089555888,692.811714194466,13.7893097212264,53.2498344887526,90.4428139881338,68.7935117482623,44.0389123670958,7.52292481759756,7.3879304430757,-1.04091711046159,0.958466347904946,3190.21824627317,46.3738245831556,517.085286796824,7.11538514740784,1.0000354,0.890493455946688,150,
4332,43.7598985548948,31.1521460006719,21.8333723736376,647.764831581433,11.0630342235125,48.4674313044004,87.6460009232373,72.8048971228578,45.4517886250172,7.50212018976355,7.37375788193154,-1.29262537195646,0.334158352153692,2992.90609566801,41.1085821688271,477.61201753777,7.09952651042487,1.0000354,0.596323920213732,150,
4333,42.0603723679168,30.2817010870521,21.5757266620651,651.586604650544,10.6518118156297,47.8552658330535,86.4137017748861,77.9721301529719,51.0112579913216,7.46497640487918,7.32192635324964,-1.39005642776565,-0.0028999074176026,2994.54278434558,38.4052965908543,460.262797292388,7.0742505809608,1.0000354,0.522734938205225,150,
4334,62.3175904116232,52.2707461750921,44.8448178263517,1758.98039784154,30.9914665416992,52.179941237781,92.8908143162097,137.718542639738,56.9874722462375,7.66403553857267,7.26935443876718,-1.61149322794842,-0.181771623024107,4511.45790146904,32.7585364686198,580.889145576544,7.10613744775707,1.0000354,0.949134773255058,150,
4335,46.0665822518364,33.9532246375236,24.9998733573793,922.777600953381,17.8346088803941,76.1078514422687,96.4557444328181,81.9841000549451,62.8405393417961,7.4884357179965,7.21938124076067,-1.17708502090803,0.145806403652384,3238.09058757256,39.496568058958,449.811535161894,7.14413173206382,1.0000354,0.948278825009206,150,
4336,44.0824604666316,32.1188578023756,23.2761949635778,1461.10246626696,26.4085393247598,57.8042684931093,93.9905138693011,81.7301885024892,81.1200390456288,7.60943031957412,7.09862486253993,-1.21567207100152,0.0862689760288973,3188.15408632824,39.0082801073087,417.768220894629,7.13492498550204,1.0000354,0.941449325283372,150,
4337,44.8743598869975,33.0313811095699,24.2778750566885,1176.50406087006,28.8899360806034,56.4377596117534,93.7065185124982,82.9458564140486,83.038548307904,7.60975875008052,7.07477859290648,-1.23771915162842,0.0541464796342805,3202.95228038787,38.6149763093577,417.316757806828,7.15968638809045,1.0000354,0.944133235429097,150,
4338,47.5611772326021,35.8878006556696,27.2596527509805,0,15.2865232456942,56.29586144613,77.8365366379949,84.9476047630042,104.484689413984,6.9942751709123,6.95673990191682,-1.24443687750902,0.067212837190139,3233.2735931373,38.0619748156269,516.367631857673,7.01254380622082,1.0000354,0.982726474544378,150,
4339,73.4256231565606,68.7588482745583,65.3094929269913,0,0,20.8311837564871,15.3040511664464,202,154.045824797763,6.76342473643347,6.76356326313457,-0.828550714037454,3.45115636267024,3073.71108139831,15.2163914920708,1066.60576741197,6.70793541149613,0.539334420181255,0.135068454646758,150,
4340,3.41939726847771,3.41939726847771,3.41939726847771,0,0,6.70126839861913,7.69786913499943,0,25.4106203185066,7.55483894755523,7.52464809406796,1.77676877910198,4.89776708917103,0,0,6.66532996490867,6.65966590864029,0.00216048832060403,0,150,
4341,1.91296659488878E-09,1.91296659488878E-09,1.91296659488878E-09,0,0,0.230734855204508,0.896557948185626,0,0.0956669041205778,9.96627320667755,9.94913694350918,0.00797963701172888,4.89339893766786,0,0,3.20530112387983E-08,6.66130583467968,0,0,150,
4342,1.59281148616884E-13,1.59281148616884E-13,1.59281148616884E-13,0,0,0.0403164994204782,1.60671344127423,0,0.000642320539722795,12.1394831591954,12.1223966457435,-0.00029829790739111,4.87528987829069,0,0,2.68380708142567E-12,6.6599254976024,0,0,150,
4343,1.59281148616884E-13,1.59281148616884E-13,1.59281148616884E-13,0,0,0.00817456055831314,3.97713446762902,0,4.32489686406644E-06,14.3115538661269,14.2944676867142,-0.000181763164882831,4.86668595973108,0,0,2.69841677961273E-12,6.65824237929239,0,0,150,
4344,1.59281148616884E-13,1.59281148616884E-13,1.59281148616884E-13,0,0,0.00147373969112951,7.42492356501285,0,2.91211539107848E-08,16.4836157472675,16.466529570104,0.0725832604798402,4.86352075497945,0,0,0,6.65650095995014,0,0,150,
4345,1.59281148616884E-13,1.59281148616884E-13,1.59281148616884E-13,0,0,0.000205253941467435,7.90538116037309,0,1.96045273925516E-10,18.6558477422229,18.6387615650745,0.444843286877702,4.86235634122423,0,0,0,6.65470735861507,0,0,150,
4346,1.59281148616884E-13,1.59281148616884E-13,1.59281148616884E-13,0,0,1.49595691139617E-05,2.02891303910797,0,1.32021330538153E-12,20.8277998765338,20.8107136993855,8.31294216676604E-05,4.8619279773427,0,0,2.74026410292072E-12,6.65304305129972,0,0,150,
4347,1.59281148616884E-13,1.59281148616884E-13,1.59281148616884E-13,0,0,3.07985161793905E-06,5.16371923667925,0,8.89071645624298E-15,22.9997421579441,22.9826559807957,-3.6907786760132E-06,4.86177039107733,0,0,2.75360288173334E-12,6.65141862537806,0,0,150,
4348,1.59281148616884E-13,1.59281148616884E-13,1.59281148616884E-13,0,0,4.68353179328116E-07,6.65705620431696,0,5.98793011740625E-17,25.1715898218116,25.1545036446633,-1.78648243176482E-06,4.86171241833009,0,0,2.76664957570468E-12,6.64986247641455,0,0,150,
4349,1.59281148616884E-13,1.59281148616884E-13,1.59281148616884E-13,0,0,4.67636066556028E-08,3.42698378169924,0,4.03388726093871E-19,27.3432233459028,27.3261371687544,-4.16618903376076E-07,4.86169109134823,0,0,2.77941235843313E-12,6.64841502508347,0,0,150,
4350,1.59281148616884E-13,1.59281148616884E-13,1.59281148616884E-13,0,0,9.16472751737211E-09,7.69071848435155,0,2.71706769001373E-21,29.5149975330535,29.4979113559052,0.00320883818402029,4.86168324559006,0,0,0,6.64695483617842,0,0,150,
4351,1.59281148616884E-13,1.59281148616884E-13,1.59281148616884E-13,0,0,9.5523378856803E-10,4.37300383923306,0,1.83134729088379E-23,31.6861846193491,31.6690984422008,-5.71915470537476E-08,4.86168035929693,0,0,2.80411524169674E-12,6.64573017747133,0,0,150,
4352,1.59281148616884E-13,1.59281148616884E-13,1.59281148616884E-13,0,0,1.62693763117817E-10,7.2119834321497,0,1.23389787948869E-25,33.8576951947001,33.8406090175518,-3.26609712608672E-08,4.86167929748903,0,0,2.81607758607664E-12,6.64442993805716,0,0,150,
4353,1.59281148616884E-13,1.59281148616884E-13,1.59281148616884E-13,0,0,1.045684311666E-11,1.38411317972496,0,8.31701839102638E-28,36.0288458980414,36.0117597208931,-3.99750588186976E-09,4.86167890687173,0,0,2.82779971367293E-12,6.64328527266731,0,0,150,
4354,1.59281148616884E-13,1.59281148616884E-13,1.59281148616884E-13,0,0,1.37142533698428E-12,1.29144219114373,0,5.60341751098262E-30,38.2004028462395,38.1833166690912,-1.48283341161459E-09,4.86167876317166,0,0,2.83927935153643E-12,6.64203383646782,0,0,150,
4355,1.59281148616884E-13,1.59281148616884E-13,1.59281148616884E-13,0,0,2.16491010511913E-13,1.8337976054689,0,3.77525374656438E-32,40.3719441081819,40.3548579310335,1.38362343804488E-09,4.86167871030736,0,0,2.85052917367036E-12,6.64081683121148,0,0,150,
4356,1.59281148616884E-13,1.59281148616884E-13,1.59281148616884E-13,0,0,4.53310813822703E-14,4.85983409682882,0,2.54362711060105E-34,42.5434571027619,42.5263709256135,2.25114397789383E-07,4.86167869085966,0,0,2.86155686698096E-12,6.63963680064392,0,0,150,
4357,1.59281148616884E-13,1.59281148616884E-13,1.59281148616884E-13,0,0,7.8480151629479E-15,8.26484444807547,0,1.71489210181607E-36,44.7144179832887,44.6973318061404,0.192976039473848,4.86167868370526,0,0,0,6.63866088155638,0,0,150,
4358,1.59281148616884E-13,1.59281148616884E-13,1.59281148616884E-13,0,0,8.22430071194375E-16,4.77122507790945,0,1.15594425431462E-38,46.8855453927548,46.8684592156064,1.14422424188909E-05,4.8616786810733,0,0,2.88297684773188E-12,6.6376630749931,0,0,150,
4359,1.59281148616884E-13,1.59281148616884E-13,1.59281148616884E-13,0,0,1.44058453465897E-16,8.32674037688277,0,7.79137267439322E-41,49.056718808797,49.0396326316487,0.165805196667507,4.86167868010506,0,0,0,6.63666527528897,0,0,150,
4360,1.59281148616884E-13,1.59281148616884E-13,1.59281148616884E-13,0,0,8.53822067085835E-18,1.34428799092911,0,5.25056641941307E-43,51.2280620415403,51.210975864392,-3.29558602629731E-12,4.86167867974886,0,0,2.90361305814961E-12,6.63564330754461,0,0,150,
