4320,114.124959180897,91.6333482884975,75.0091141506367,505.403863754084,11.6023483283281,90.709769241865,97.7037022905343,72.0759110103932,43.14999176765,7.45370182680652,7.38810508160822,3.60157354438143,7.36267305300987,5285.73667528004,73.3356901242338,764.063488006919,7.09127558070354,1.0000354,1,0,
4321,114.207311226416,91.6020755617303,74.8938578965281,502.874954557268,11.5917189995471,91.0718830187481,97.7506792741198,71.7076616270282,43.1213425529391,7.45295231653003,7.38832867143722,3.57261950339807,7.35013600764213,5285.29729547475,73.7061727513173,766.854774968434,7.09126228544973,1.0000354,1,37.5,
4322,113.796519666526,91.2430137410774,74.5730311005284,500.386129143744,11.5797491632056,91.462762089821,97.8037091726317,71.7883899768969,43.1488208351988,7.45298038737142,7.38799006003251,3.51289520565874,7.32915624929378,5279.13900166604,73.5375038131512,765.254072047658,7.09143202000457,1.0000354,1,37.5,
4323,113.395720203467,91.0044376944167,74.4543593181621,498.147201400305,11.5693640317194,91.6788898170729,97.8353140891475,71.6947709807218,43.1418896449278,7.45301306074804,7.38800030086645,3.3921154542864,7.27722257600639,5234.3320915804,73.0085614331326,764.971575416561,7.09147242832433,1.0000354,1,37.5,
4324,113.094567397889,90.6614489721056,74.0804483965262,500.660983568465,11.617738373214,90.6385666463814,97.7186054905385,71.7317803797479,43.1501000640639,7.45278713486596,7.38786010057546,3.26644508032291,7.19749354280595,5246.81897947157,73.1449707743894,764.190120310971,7.09127382046558,1.0000354,1,37.5,
4325,112.612485190566,90.3320549766507,73.8639109054961,504.070814612125,11.6759263831192,89.2042738702904,97.55629287279,72.0073187593822,43.1437202382389,7.45385296398231,7.38786862998631,3.16823785166874,7.11215804700327,5231.12423237447,72.6471186887913,761.570756240388,7.09157597951579,1.0000354,1,37.5,
4326,112.488329127123,90.3887193050534,74.054225088741,505.106818166849,11.7037175895674,88.6378012792604,97.4925143424409,72.2265095686793,43.0960012482921,7.45401674483548,7.38829464978239,3.05537580585037,7.02704252714302,5204.46455809998,72.05753938796,762.105170229787,7.09202896354156,1.0000354,1,37.5,
4327,111.757150876936,89.8697346335357,73.6920791492833,503.86429618484,11.7029328800382,88.5512997755391,97.4900219478513,72.4256530764274,43.0728108447117,7.45441615141843,7.38847504870194,2.93458772315428,6.92191030431216,5168.70491736319,71.3656653107276,766.025516749059,7.09254015665438,1.0000354,1,37.5,
4328,110.064131499029,88.3004494284468,72.214249637147,511.919637200179,11.8135754532302,86.2184044297266,97.2042870421875,72.1024317860428,43.0387934346217,7.45669392307587,7.38876531498617,2.71416652573871,6.64638438441923,5116.54863972602,70.9622201773845,758.555814691617,7.09402170962738,1.0000354,1,37.5,
4329,109.092241016569,87.4845019129613,71.5135643146428,514.798868708448,11.8606475793334,85.0577743319444,97.0622835494384,72.5138335662869,42.8815038732256,7.4585059606863,7.39030192399789,2.61474782070439,6.45339780399229,5108.87191519089,70.453755703327,756.770704243419,7.09532609713712,1.0000354,1,37.5,
4330,108.858629564773,87.5111300689685,71.7325434851127,510.072709561475,11.8188778545077,85.4147902266541,97.1246800272422,73.0851295691704,42.7666270351568,7.45936616413275,7.39141390026702,2.50801402026317,6.31401420022118,5087.10679414675,69.6052237183505,752.936669912644,7.09684053552325,1.0000354,1,37.5,
4331,107.887773817515,86.8830797619029,71.357871112103,506.013430806615,11.7836265395277,85.7611896540685,97.1844477606516,73.3814257197949,42.754883698911,7.46024285278225,7.39148029187639,2.36081370373349,6.15529212782349,5025.7088717256,68.4874792555291,753.738845964174,7.09791357386417,1.0000354,1,37.5,
4332,107.186875904642,86.3887221280651,71.016173684508,509.917828722638,11.8425618719808,84.6543984708772,97.0466120836885,73.5788097085027,42.6812909015179,7.46164121483536,7.39217505007073,2.22152262542743,5.96288724217593,4989.67621319399,67.814038212382,758.074888423621,7.09858354074051,1.0000354,1,37.5,
4333,106.387068455184,85.7702821312553,70.5317878918299,501.088992544547,11.7496636406805,85.9999572885261,97.2336581010402,73.8979537788395,42.6317401361031,7.46095662249986,7.39262518688385,2.09650268010301,5.77717068521501,4967.61814306037,67.2226751761946,751.810629496749,7.09904315921578,1.0000354,1,37.5,
4334,105.728631455091,85.2678070858594,70.1445890738189,509.780151831332,11.8655085783073,84.4458481206094,97.0265146756644,74.3117270800081,42.6107861339231,7.46113704880154,7.39278357906088,1.97413454754862,5.60638944680853,4957.64361734331,66.7141487911543,749.217139638222,7.09879328000522,1.0000354,1,37.5,
4335,104.68016325151,84.5789551057848,69.721540389379,496.309634708086,11.7158942507457,86.5221292391156,97.3156783876152,74.7614857160503,42.6117515317445,7.46110831550055,7.39271774146929,1.85071934366881,5.4457339166198,4899.98675145276,65.5415914293527,742.87664266724,7.09912749160783,1.0000354,1,37.5,
4336,103.747696906393,83.8891335731854,69.2110650225534,501.551307458336,11.7922219131995,85.3612088102625,97.1741230350221,75.01796671688,42.6609252474438,7.46235572817946,7.39215967605703,1.72003074185649,5.26550865900745,4857.44550338635,64.7504286768861,748.739704452738,7.09881682905521,1.0000354,1,37.5,
4337,102.747537959751,83.0952047232926,68.5695671137364,498.344507574856,11.7654143478906,85.6083229363527,97.2160557223828,75.4452363359146,42.591875208095,7.46275220380341,7.39280459281089,1.60124167514812,5.08769570786971,4834.3797790762,64.0779990078031,739.183910829199,7.09974248472503,1.0000354,1,37.5,
4338,102.305593876737,82.8241976700713,68.4249048216663,498.011400499466,11.7733516721677,85.5530084160823,97.2139536259504,75.9219777213976,42.5742235704957,7.46268249849755,7.39292564554744,1.48300553711526,4.92312381442682,4822.61300947633,63.5206451967483,738.449088507261,7.09966608609875,1.0000354,1,37.5,
4339,101.376297169691,82.0109767189106,67.697478994421,491.521785694813,11.704944419048,86.751005528194,97.3716135475176,76.4397613364944,42.5955938911552,7.46175076167697,7.39264843307793,1.36594591989325,4.78074064070415,4826.57247709513,63.1421709422684,741.368881525122,7.09973873531451,1.0000354,1,37.5,
4340,101.318962629918,82.3285141696828,68.2920957425525,504.20480407264,11.8706927967305,84.1641835766111,97.0432503940089,76.970233098146,42.5807533999662,7.46398280743586,7.39274067488713,1.25119706990642,4.62466109465142,4765.98689935067,61.9198709359953,743.663519397441,7.10047711325657,1.0000354,1,37.5,
4341,100.997810843883,82.3059487858409,68.490224655984,491.960551968818,11.733981069063,86.0909806157382,97.3058673310662,77.4738881205807,42.5268162521852,7.46326559102525,7.39323220011569,1.13246383909794,4.49325075765618,4721.74730567628,60.9463061712785,742.272913251349,7.10130139870561,1.0000354,1,37.5,
4342,100.362279487665,82.0129177222144,68.4503459825338,494.774823378505,11.7800269819002,85.5651721205771,97.2430740473977,77.6099595762575,42.6072333151399,7.46348665906578,7.39235379769348,1.01698509893992,4.36661063006696,4643.36947435526,59.8295566665359,741.46329520961,7.1011752881237,1.0000354,1,37.5,
4343,99.896839264328,81.7676908627564,68.3678855224643,495.190343000389,11.7961575970041,85.1414311706936,97.1990280369485,77.5303816754679,42.6051504393835,7.46463185943792,7.39231781813159,0.911534736288158,4.23040540028391,4582.93974905412,59.1115334403707,738.668656955332,7.10187350475789,1.0000354,1,37.5,
4344,98.8971937210415,80.9975416181418,67.767363976868,501.444734874591,11.8817930392102,83.6835211571093,97.0173962980062,77.6224793704162,42.6017012881092,7.46670515387644,7.39229631430237,0.823205705000896,4.09824951462238,4530.29958425863,58.363242465368,739.526966477492,7.10291450467711,1.0000354,1,37.5,
4345,97.4709721366685,79.7730033882475,66.6918960524581,502.108758354161,11.8999130673207,83.2264276432583,96.9678418465608,77.9113010202874,42.5747669625543,7.4680982031826,7.39251508846933,0.727186047522413,3.9695389362465,4495.92131812909,57.7056378118804,734.886080950366,7.10440237317856,1.0000354,1,37.5,
4346,95.7937665629484,78.3220237543139,65.4081268957579,510.922473570543,12.0079728828645,81.6333258449234,96.7494649074618,78.3918084527609,42.6076925884324,7.46944501188049,7.39212492517692,0.638150350443285,3.82230082387302,4465.82533590614,56.9680101027043,729.484730488629,7.10535512943146,1.0000354,1,37.5,
4347,93.0529776269532,75.6416029903906,62.7723260851053,508.983891839694,11.9957405054873,81.846971334352,96.7877913951225,78.0607072440826,42.6819079859121,7.46955310379496,7.39131689197726,0.535834819734803,3.6120799149405,4431.59806109464,56.7711748657078,721.600787488665,7.10609104832148,1.0000354,1,37.5,
4348,89.102488842853,71.7122240928286,58.8585501471585,526.086007311198,12.1897467926837,79.050959701525,96.3735217134026,78.1877996510368,42.8047769841587,7.47193352120154,7.39001918161115,0.467665845241891,3.39408680560074,4433.43154353318,56.7023443979779,721.354299196757,7.10640992331432,1.0000354,1,37.5,
4349,84.6606972153062,67.598036101393,54.9865039737179,534.34335361422,12.288544202358,77.7143457464521,96.1654575739212,78.3083472711545,42.8573844500463,7.47326871873336,7.38943992912788,0.392673200320173,3.11331543589359,4356.61964053318,55.6341666291044,709.276802395048,7.10672932675164,1.0000354,1,37.5,
4350,83.2352919642656,66.1357716748681,53.4969958087917,540.952084214855,12.3692687508732,77.0529888585676,96.0466927883981,79.9538105943428,42.9570368333671,7.47226643517822,7.38838915675814,0.337098680528337,2.99004353830333,4457.77265246678,55.754348908821,706.398304083519,7.10604025314302,1.0000354,1,37.5,
4351,80.1835681786141,63.509118008375,51.1845244042852,550.388555505631,12.4804926329075,75.8141165405415,95.8420452574647,80.683584339857,43.1990790839961,7.47383882857205,7.38591031784929,0.219394573414085,2.75128650842545,4386.63528121585,54.3683739029042,698.397715569661,7.10612325071117,1.0000354,1,37.5,
4352,76.6903584752411,60.2158522730711,48.0390433410324,555.471116344315,12.5377866082338,75.2503544370635,95.7446481573021,81.6428920863157,43.4123874540846,7.47413585230101,7.38373737304806,0.149389302940982,2.51528164378049,4385.56556785737,53.7164406574524,682.576357673535,7.10536627208939,1.0000354,0.999255489631513,37.5,
4353,73.89874911296,57.7299975300646,45.7791811427071,565.030763917204,12.6390295299369,74.2597870419704,95.5547068729349,82.5989086580579,43.7251504479484,7.47375738994048,7.38059056315762,0.0642115582837604,2.31890752412025,4354.57344166868,52.7195033495624,673.587542088328,7.10389594398728,1.0000354,0.997848108363661,37.5,
4354,71.4429717570285,55.5441252855747,43.7928039805872,568.762816005887,12.6720448005177,74.0310049070641,95.5072981697178,83.4501743381525,44.057721586909,7.47308641353314,7.3772758855667,-0.0188818982252013,2.12344029375389,4326.01165911492,51.8394562195315,669.062544787619,7.10207179146804,1.0000354,0.996040220457481,37.5,
4355,68.645019337257,52.8633172915097,41.198580996827,574.839328818761,12.719883789844,73.541235447758,95.4015663194969,83.2629496127802,44.5121930137019,7.47196804728625,7.37280026021814,-0.092570497901399,1.95011715599052,4284.50302003656,51.4574974819162,657.039728091703,7.09985940422034,1.0000354,0.992875594569204,37.5,
4356,57.3303402240272,41.4916151500246,29.7847313996748,555.573617385104,12.2942946531177,74.3606877374986,95.5620422879309,70.3193642033882,45.310643356866,7.47119483490949,7.36506989069846,-0.0600447246742659,1.72096794087506,3631.53285424043,51.6434256108568,583.406728933625,7.09459095681332,1.0000354,0.965639592940345,37.5,
4357,48.2488434983752,32.2110089933174,20.3569574026225,508.966791777748,10.0563215858567,68.5749053499123,94.1068912425695,59.9868913636396,46.30205472765,7.45733508933805,7.35566430744118,0.101840731902045,1.59578973267614,3136.87278173821,52.2926377818536,484.378709456876,7.07790162002988,1.0000354,0.747639123759213,37.5,
4358,47.3155174181118,31.3876266780217,19.614837870129,524.042823421798,9.35586369154913,60.377260607229,91.236023359586,60.5456117364081,47.9763597564275,7.43876758574796,7.34023585244782,0.0398255594098882,1.53186991204377,3144.38532813551,51.9341573725431,474.422989420172,7.05379377241659,1.0000354,0.635573402245364,37.5,
4359,46.3720141674052,30.788901187354,19.2709481151423,583.344910338629,9.51474636424078,54.852849167277,88.7249094077316,61.6928413555898,49.7842961185615,7.43439172304391,7.32416425712796,-0.0614559602551936,1.42763243372713,3134.61215903161,50.8099820036509,467.273935148589,7.0346867071448,1.0000354,0.566146936458904,37.5,
4359.36259595005,45.2344201016983,30.1367633592338,18.9776257669775,576.507955473982,9.23938308023752,54.9642884884509,88.7320348068611,NaN,50.3975971517748,7.43213692332721,7.31882983525605,-0.119183627658036,1.24252521388398,3065.43016151076,49.2271132452125,456.167502119376,7.029454698313,1.0000354,0.54028875527534,37.5,
