4320,116.800633887126,94.6394741766149,78.2594865644979,484.250061258345,11.3811054873782,89.8240626611219,97.6620581886419,72.6625920020246,44.637540276899,7.4662974507552,7.40589913573559,3.31348129201075,7.17614071486905,5250.47011854497,72.258227705374,790.603098267678,7.08162568817477,1.0000354,1,0,
4321,116.665816420309,94.2929708808138,77.7565198298822,481.17074569466,11.3610235407094,90.3889135718827,97.7343601310994,72.617135015467,44.6728435561554,7.46580660627184,7.40547213346962,3.29417106186121,7.16911736768706,5297.30716863753,72.9484462242862,791.533255236251,7.08134752260076,1.0000354,1,37.5,
4322,117.004886200123,94.7464917967959,78.2946350639018,485.484940851422,11.4372888922916,89.0164940211469,97.5792119228164,72.6329103149352,44.6651913872564,7.46626621079004,7.40546673418048,3.20949127086373,7.12971025633124,5271.35301684436,72.5752691718926,797.569256189571,7.08154466656949,1.0000354,1,37.5,
4323,116.613552678796,94.5000364135291,78.1552635218101,483.051067811277,11.4233831348732,89.2978887665551,97.6194381637519,72.7199022061814,44.6515206957378,7.46604376170153,7.4055232239515,3.10367757539782,7.07109135118046,5243.31456087423,72.102882454489,794.802530372583,7.08214127763694,1.0000354,1,37.5,
4324,116.032311863943,94.086638767467,77.8659238700718,487.172802097246,11.4946017715692,88.2904167137177,97.5031372143948,72.9182829450067,44.663922453111,7.46623096479568,7.40532957751793,2.99342636655889,6.98812120538562,5217.7126846981,71.5556164238423,792.667827303414,7.0821164430068,1.0000354,1,37.5,
4325,115.647685138702,93.8723841512083,77.7775964647996,488.04062395295,11.5222984511065,87.7671819123881,97.4484594656442,73.1936153683239,44.6400823869581,7.46700143781069,7.4054911555832,2.87431598398501,6.89702336744787,5196.7543458946,71.0001045821219,790.063570262206,7.08261319465409,1.0000354,1,37.5,
4326,115.671877786614,93.8629765436786,77.7433538858567,487.317186581769,11.5286743563998,87.6009578200939,97.436887285937,73.5095832749122,44.6059621347884,7.46749366120062,7.40575506657474,2.75322883753054,6.79601454576914,5227.24153908461,71.1096608932702,789.097636748775,7.08315219301357,1.0000354,1,37.5,
4327,116.571727279987,95.0447833477735,79.1335639196156,500.09788398715,11.7055986157786,84.9763983380544,97.1082289358005,73.7976162562597,44.5298609595032,7.46961266295549,7.40643068951844,2.62957992558261,6.66768753053023,5179.87804985425,70.1903166068034,796.755267828627,7.08425481167064,1.0000354,1,37.5,
4328,116.824802120328,95.7484541932079,80.1702839862061,497.65418098247,11.6895181607312,84.8624219476056,97.1080252396928,74.0523730478905,44.4091932281297,7.4709117716475,7.40754477563727,2.5294242024517,6.57260325651505,5088.96145283068,68.7211124151227,803.929208094165,7.08694210794431,1.0000354,1,37.5,
4329,116.395690454956,95.522129018122,80.0938444778533,483.894311548914,11.5274889141501,87.1448928598057,97.4084331467091,74.2285476440978,44.4120485962283,7.46937375158608,7.40745385429374,2.39906792593992,6.46928703868681,5051.98833884953,68.0599108994049,798.952755063395,7.08792778760547,1.0000354,1,37.5,
4330,117.108110728034,96.3917249076485,81.0796136491027,487.06994235996,11.5819334807766,86.4762463956839,97.3300837853459,74.3807860217447,44.4329466541345,7.46974761836977,7.40718841642319,2.29886970249472,6.3957641228478,5024.23073434831,67.547427273483,809.670250505719,7.08767813427233,1.0000354,1,37.5,
4331,116.991730953396,96.6140108715994,81.5522177676626,490.365082259827,11.636827757874,85.5537830803545,97.2246590917361,74.4512743041575,44.4506463179975,7.47147523221463,7.4069554206417,2.14146095072638,6.24764064029536,4946.77946729958,66.4431806377199,806.013378865838,7.0892463179444,1.0000354,1,37.5,
4332,117.296047851171,97.089668900914,82.154519242028,489.301130726621,11.6355628052509,85.4121873812062,97.2166102595947,74.6022904093271,44.3997974741296,7.47228234138994,7.4073930583781,2.04737880829384,6.16263313736603,4915.13529035932,65.884509220709,808.268910002376,7.09010248949457,1.0000354,1,37.5,
4333,117.581154970592,97.5702766809648,82.7796275103707,487.684133627223,11.626792343624,85.4731294404172,97.2322308247921,74.6483720149115,44.3823463337665,7.47257247688093,7.40750512993319,1.94699804674033,6.08186487408729,4870.58708644687,65.2470637333381,810.347099461831,7.09106950842418,1.0000354,1,37.5,
4334,117.550852146815,97.7484550424716,83.1119006610008,486.8786067889,11.6280475950259,85.4299564475128,97.2340581239786,74.6569217716348,44.3871352600929,7.47291008437114,7.40740024748766,1.84146606533871,5.99732406554114,4820.39543289085,64.567294210653,810.697495406959,7.09177502818252,1.0000354,1,37.5,
4335,117.221112958658,97.6293850067104,83.1485426074449,488.029457955903,11.6541323892733,85.0569762444383,97.1937657362315,74.7178729670998,44.3985084411797,7.47358940817822,7.40723137131608,1.73277849568968,5.90628656345509,4773.00691343624,63.880390646799,808.852928473982,7.09230472022594,1.0000354,1,37.5,
4336,117.05528923562,97.6769719331116,83.3538678399533,483.613989702446,11.6085633003938,85.6456563759136,97.2759422879448,74.8012153952151,44.388501177697,7.47333881686722,7.40727198663286,1.62871251373052,5.82132525632948,4726.28100055307,63.1845482133089,808.891806627134,7.09281278070674,1.0000354,1,37.5,
4337,116.773598692351,97.6130581169336,83.4509194307556,485.144338231912,11.6393722248338,85.2822887052287,97.2359938187557,74.925874682876,44.420812113525,7.47381908887831,7.40689930463182,1.52123421327456,5.73353073959153,4680.95429778235,62.4744698356142,809.651018146113,7.09285574608546,1.0000354,1,37.5,
4338,116.397252830937,97.4591679955123,83.4614531171549,488.603511236539,11.6944094508621,84.5012006913655,97.1443365113746,75.1249282465107,44.4375792616584,7.47510832892676,7.40667916562757,1.41035806955764,5.62865503458513,4638.89934843368,61.7491351633889,807.278114662853,7.09337074624302,1.0000354,1,37.5,
4339,116.353433135432,97.5457905968517,83.6444895900752,489.707929670787,11.7190783407464,84.1893274079246,97.1089215241429,75.3750652412231,44.405183368006,7.47540583810616,7.40693981571453,1.33171728623053,5.56212871506584,4622.28675673367,61.3238176569526,806.504139037087,7.09416037887017,1.0000354,1,37.5,
4340,116.269764661534,97.6966889929821,83.9687634988349,492.99880597163,11.7705249787848,83.4715398337256,97.0217795823251,75.5385118256751,44.404876330046,7.47649188837193,7.40688726259512,1.20957051851824,5.45512989208023,4574.53626023764,60.5589936798673,806.466340824651,7.09484465870266,1.0000354,1,37.5,
4341,116.107564237637,97.6839051484935,84.0664179956479,497.456351446168,11.8350299308761,82.6145649034599,96.9121154161145,75.7672842399816,44.3933042808026,7.4774992859175,7.40694503158838,1.12882082791987,5.38323685011772,4551.47782827438,60.07180901269,804.578782399058,7.09571411753523,1.0000354,1,37.5,
4342,115.949629167015,97.6934635937088,84.1997759960478,499.558361010596,11.8699605797801,82.0629275365465,96.8457174118782,75.9768522512536,44.3780224714009,7.47867252501985,7.40703951193784,1.03954692796432,5.30982706878807,4522.5740265007,59.5256830533681,802.814684543914,7.09660194727925,1.0000354,1,37.5,
4343,115.558070639643,97.179632903617,83.595570229163,502.112721938471,11.9090683400335,81.5728129857887,96.7840906270522,76.2104117014927,44.4215076931068,7.47942405980811,7.40655971883745,0.946250739389274,5.23441909784318,4566.86023695293,59.9243611862482,806.132015147104,7.09785390143194,1.0000354,1,37.5,
4344,114.385257231349,96.2024242283061,82.7629389651875,514.457230908209,12.0537013928794,79.533365805688,96.4917745854154,76.6229641532667,44.4812830152563,7.48167629421119,7.40592225472396,0.785132172534561,5.06278452914817,4542.71321540714,59.2865763626749,805.30117319994,7.09910045143098,1.0000354,1,37.5,
4345,112.940559270675,94.8870733197765,81.5431923995474,530.56164061382,12.2364440387124,76.9375978980047,96.0916405286333,77.4699965666752,44.4601499750239,7.48510866183965,7.40607632358427,0.662738907046123,4.89015110097666,4560.25817713685,58.8648299888852,798.76495093277,7.10139258429456,1.0000354,1,37.5,
4346,111.771008666986,94.1822928564794,81.1819376921916,550.705221242063,12.4644391203757,73.9878906893678,95.5821103907596,78.6428649483353,44.3586999366365,7.48838005976246,7.40701804435581,0.559871144326563,4.70857363812561,4510.12189757299,57.3494098992443,811.949104160824,7.10458379925791,1.0000354,1,37.5,
4347,110.256366164699,92.8175797571207,79.9280419776063,561.104623200079,12.5860173367044,72.3769418616921,95.2984280359065,80.0563942696238,44.3126169482286,7.49174377871943,7.40742106489241,0.42797401656078,4.45420900970479,4552.05085977226,56.860553130101,797.624838206067,7.10849266293843,1.0000354,1,37.5,
4348,109.212583294397,92.0961323632403,79.444842544559,568.487597940359,12.6740038912771,71.3601924923955,95.1056980020637,81.7440597321813,44.2614139855854,7.49326276825579,7.40787718331661,0.341765319025108,4.25291771942204,4562.09940265407,55.809552615822,806.577896007594,7.11134651037274,1.0000354,1,37.5,
4349,109.351017243837,92.5042341362591,80.052264013267,575.157141501161,12.7534179052731,70.5473763221624,94.9393286612573,83.293303147783,44.2384662352666,7.49384102863355,7.40805942617737,0.270222597631484,4.13609747918254,4575.32439588033,54.9302791817797,807.111488508736,7.11261156208332,1.0000354,1,37.5,
4350,108.929864003802,92.3686525782668,80.1277571767844,577.40892164866,12.7826651391877,70.4414174458921,94.9193722749142,84.5524231034805,44.3888725960753,7.49381219822305,7.40654492450008,0.187245196678371,4.02229432454592,4565.75897376007,53.9991499495196,804.398717871077,7.11336326677348,1.0000354,1,37.5,
4351,108.132709036111,91.8623588517934,79.8364478459933,577.509299336707,12.787060390309,70.7182442427652,94.9746219484729,85.6850412297589,44.6004594673589,7.49298948767581,7.4044417487999,0.100370841914895,3.91079569928615,4545.65773072168,53.0507736879393,801.600594075474,7.11311530711347,1.0000354,1,37.5,
4352,107.876552288902,91.7179107483549,79.7745670009938,593.314667386183,12.9663711510857,69.071429078483,94.5945815548645,86.8231349104464,44.7846006024868,7.49244126188453,7.40261716325039,0.013893996307325,3.78822752263485,4574.410461909,52.6865387506137,805.010799365734,7.11202116320128,1.0000354,1,37.5,
4353,107.010736170718,90.9871838818065,79.1436887117414,600.517849089645,13.0492104785677,68.4018832141853,94.4442326308782,87.9859610976551,45.0532337374961,7.49308286092294,7.39998689395939,-0.0737103535485404,3.66663440575817,4596.92063656782,52.2460694776718,811.135903702511,7.11208892167462,1.0000354,1,37.5,
4354,106.29824480739,90.6378238503491,79.062730099493,615.519496470885,13.2197744667082,66.7223530087748,94.0328819699123,89.2519450913489,45.2354447900563,7.49384890258309,7.39820330979494,-0.162368685773058,3.5362144706067,4557.38735647162,51.0620508248549,807.564481364817,7.11247642196774,1.0000354,1,37.5,
4355,105.788965666156,90.2703121751656,78.8000030731294,623.66829839239,13.3129437738453,65.9309266600367,93.8214057952379,90.62255639652,45.357549728237,7.49363839247884,7.39700380326396,-0.247997355613961,3.40418741253001,4585.48383645901,50.5998067014924,814.991779959,7.11323367977977,1.0000354,1,37.5,
4356,105.060781342102,89.9207150757481,78.7302313136603,632.848191726159,13.4175686195587,64.8209700733075,93.5490840120506,91.9632941453407,45.5898676351522,7.49600044359546,7.39475777583137,-0.334876275224392,3.26975484402464,4539.80414586961,49.3653928783239,810.455732025191,7.11392614852095,1.0000354,1,37.5,
4357,103.790074490676,89.1050521583922,78.2509052171393,643.920224502629,13.5437596241916,63.577981123641,93.2031083160778,93.3627163631022,45.7786882032257,7.49695145170714,7.39293656540575,-0.460796246437093,3.04970158782443,4470.36425590336,47.8816858596682,811.75509731378,7.11502662446931,1.0000354,1,37.5,
4358,100.699557725851,86.4566789242441,75.9293337230563,646.670382317863,13.5752851402561,63.327858627592,93.1605241350168,95.2937622422204,46.0124879802212,7.49900580523167,7.39069980812563,-0.576007914142309,2.6983925808629,4425.44628604382,46.4400416345731,808.600157004688,7.11641022249418,1.0000354,1,37.5,
4359,99.7280413089886,86.0971212123396,76.0220933148164,641.13082983419,13.5123412216719,64.2734488310558,93.4351545740164,97.7188760801042,46.0650107098371,7.49867174370844,7.39018222483825,-0.663088030437343,2.43454439857018,4343.08627807493,44.4447014977405,804.46266962942,7.11673567661934,1.0000354,1,37.5,
4360,99.6530630993043,86.4029973211945,76.6094704417221,632.131693118866,13.4093686566339,65.9973845717018,93.8788545262456,99.4001876293979,46.3491195898377,7.49612358445752,7.38748958633594,-0.740776921305563,2.29983805561099,4294.37593217183,43.2028956341905,799.565404195597,7.11586733747104,1.0000354,1,37.5,
