4320,123.492765443425,102.603117376909,87.1629427190491,511.707327754103,11.7048864559872,91.5824467859663,97.8134088871296,75.166203370203,42.748316025946,7.45190478752559,7.38154919100016,3.03578149001402,7.42218125124287,5119.74770205414,68.1123626377501,758.017093139991,7.07609689781629,1.0000354,1,0,
4321,126.001548071062,105.358068825055,90.0998450345282,507.198816605972,11.7319833989802,91.4914647920336,97.8288106601949,75.4785547473624,42.7827623570169,7.45111440546465,7.38095412373459,2.8738142768512,7.41675969707818,5080.43959928588,67.3097095763273,769.963276131897,7.07678425190026,1.0000354,1,150,
4322,124.382681120172,103.996932630585,88.929205486108,505.047158915145,11.782609421897,90.8634046983989,97.7790263522245,75.3992529901185,42.8733819761266,7.45000408082131,7.37979885159704,2.52492142254077,7.31086769316205,5011.73993248811,66.4693579012636,766.220505796968,7.07685178794951,1.0000354,1,150,
4323,123.88109183445,103.893248973107,89.1196259886364,515.1700314452,11.9706985785472,86.6744011061754,97.2998730737601,76.1257212952285,42.8657281833622,7.45171189783047,7.37964659934824,2.04596859672072,7.0133337355485,4961.26207370827,65.1719548832602,769.261320299209,7.07732434875961,1.0000354,1,150,
4324,122.501214652319,103.031814856739,88.6413889208756,526.717931858635,12.1620134271822,83.1653466449439,96.8577776099114,76.7955831368238,42.8362158243111,7.45357155532866,7.37972179877363,1.59768974069482,6.65382799504414,4875.10111032657,63.4815299421685,768.596115807321,7.07953675403792,1.0000354,1,150,
4325,120.723425517254,102.095535393779,88.3270948677314,540.246611450663,12.3795542545463,79.5330171298263,96.3682356126863,78.032742735946,42.7466779472756,7.4583244195404,7.3804105206699,1.07703342355156,6.14983943762236,4739.53092434113,60.7377205794133,773.639007392324,7.08313219499581,1.0000354,1,150,
4326,119.444794642655,101.230348220163,87.7674965165813,540.871424669565,12.4585832473203,77.9679988834429,96.1881954030195,79.1163085474675,42.6233455956095,7.46283473487145,7.38144763261038,0.739787932001061,5.76361493673905,4698.69022494149,59.3896544367007,768.171595711499,7.0879250649353,1.0000354,1,150,
4327,118.029418786821,100.532554163726,87.6000890075254,544.632914671165,12.5742850544924,76.3157173828678,95.9610719035306,80.3862661328888,42.409726288791,7.46464660838681,7.38341434281952,0.346795132425626,5.35472537640241,4586.03019516537,57.0499217812166,767.468006841997,7.0918889280474,1.0000354,1,150,
4328,116.04143068038,99.315613555649,86.9530530721522,556.408110407898,12.7849030212802,73.4766564918549,95.5188058956245,81.8432265110267,42.3064448564148,7.46908607165277,7.38426050234692,-0.0476915138453768,4.93975084560082,4463.39073906546,54.5358599524923,771.94839300708,7.09579522085903,1.0000354,1,150,
4329,109.002239711314,92.8649876068005,80.9374534425946,599.722634163295,13.3735295012249,66.6979946226229,94.1277225409197,84.0157438083357,42.4404634416403,7.47594187892995,7.38267878232448,-0.627044237237084,4.15491707316471,4420.6393190795,52.6167967894715,759.766451088627,7.10174185090262,1.0000354,1,150,
4330,91.5308731879913,76.3560738585042,65.1399178323615,813.63274122982,16.1363076097151,52.5246544977348,89.804826028665,89.1897782802643,42.5753848254005,7.50815594564575,7.38110646321993,-1.06638382486319,2.79137018631197,4412.98918087319,49.4786427992465,767.350298104037,7.11595091816559,1.0000354,1,150,
4331,45.6075728127604,32.4505967278418,22.7258752737716,719.565393438816,13.2177235134187,49.7172254165465,89.2388874626058,69.2319917879736,42.1934478385092,7.53907933682753,7.38484808271746,-1.23928783628361,0.612413205181788,2970.00878096471,42.8993692693474,478.640401638728,7.13036698972151,1.0000354,0.763058954394201,150,
4332,42.3957691876227,30.4204177061376,21.569070958953,603.895912812213,10.1111858361814,48.3183420873777,87.3865060539284,73.220960255917,43.6828118503214,7.48980351303054,7.36945895724938,-1.41679467100317,0.109147735220249,2859.028672645,39.0465880623842,449.387416409733,7.1093223710958,1.00003539932962,0.53783663324217,150,
4333,41.3091315083919,29.8953385150715,21.4590567373999,607.756387625115,9.90490389106762,48.4326175599609,86.4283006420112,77.3484742674319,48.9970509563769,7.44654553118384,7.31829879091016,-1.43916576321217,-0.112442500031627,2878.56847505791,37.2155818498148,436.592782900542,7.07641864902086,1.0000354,0.491936768620954,150,
4334,54.2628292187715,43.8380769234189,36.1328252268539,1478.61137705144,25.5551639017801,49.9059680090604,90.504023038491,119.341712575118,57.3641741708002,7.57674848285292,7.24634241351428,-1.5760931826843,-0.214500604539032,4056.51262415048,33.9907358175136,552.369514249869,7.0710568085647,1.0000354,0.857001338528487,150,
4335,48.2088807857817,35.9258979815204,26.8471715609794,830.973709802665,16.8569380260225,88.8944068242479,98.1537292230995,83.8011170141951,61.0860072271693,7.50296935008384,7.2123342499359,-1.15235880142841,0.244569383360047,3356.2049460963,40.0496445116334,430.977114006664,7.15672155806679,1.0000354,0.978872079987123,150,
4336,44.6736670670224,32.5765762620668,23.6352482757953,1512.89844631111,27.4762434923926,58.9725606878719,94.3097321604243,83.1141434263041,80.5179371566092,7.60458403534137,7.08369260463034,-1.21237215347674,0.114787035998565,3278.31511245099,39.4435288304188,402.406303811013,7.13789320295347,1.0000354,0.942112441750864,150,
4337,44.6470742485484,32.7522851949775,23.9604845901643,1623.60702883091,29.7306519351245,53.688873638504,93.4033684002414,84.8470667819994,82.5107901839238,7.64093906742888,7.06101495546266,-1.23643744005691,0.0592514688594825,3290.70081895149,38.783907844527,401.995096747831,7.16481766514378,1.0000354,0.940659382681913,150,
4338,47.5900540666614,36.0490132676045,27.5186787639538,0,30.23431039049,74.6635515131843,93.8207237882606,86.7497476967313,85.7775685688482,7.24530514929841,7.0278324413622,-1.27657210643336,0.0205338108049751,3264.43494615247,37.6304834633596,400.637765888514,7.1559072453965,1.0000354,0.960339907898726,150,
4339,2.44276755141826E-08,2.44276755141826E-08,2.44276755141826E-08,0,0,1.77340511030645,20.6786145417243,0,0.440760083987483,9.33874286157998,9.31281816237153,-1.80395516888865E-05,0.0259832425135307,0,0,3.94663913287491E-07,7.11606605150691,0,0,150,
4339.33859444386,2.38921722925326E-13,2.38921722925326E-13,2.38921722925326E-13,0,0,2.18611861810887,66.8911923136929,0,0.080192046944012,10.0785024202925,10.0528575238182,-2.91433354786541E-05,0.0257678972983433,0,0,3.86713526179797E-12,7.11609957726071,0,0,150,
