4320,115.558284591696,93.3292236497753,76.899048170964,489.93689176135,11.4222854641134,90.0734321428055,97.6694197647241,72.0112967830432,44.247127871658,7.46324553067151,7.40080141539597,3.47440218548845,7.45072036968228,5219.35179256145,72.4796250828032,771.564989610374,7.0963801112797,1.0000354,1,0,
4321,115.347176555181,93.0251883476056,76.5263274985282,488.210249803177,11.4211258468227,90.484472962663,97.7194716899554,71.6221895902546,44.2666170306689,7.46192547238701,7.40054660744643,3.44450216804569,7.44600948762659,5212.85074027985,72.7826218397147,774.120821107386,7.0958050179952,1.0000354,1,37.5,
4322,115.000593526464,92.7139387115575,76.2411938483655,486.618263955569,11.4200804331211,90.5919710602046,97.7403737949563,71.6855206297983,44.3220466532366,7.46209259933283,7.39994319106944,3.39157015031893,7.4272439577325,5209.20144100216,72.6674144964889,774.420195510516,7.09563075575363,1.0000354,1,37.5,
4323,115.014712565243,92.715501675576,76.233476235387,487.435265027338,11.449318606011,90.2420398706782,97.7035325005948,71.8588835840916,44.3217637954099,7.46165188260467,7.39988860991225,3.3313061519726,7.40952972816113,5224.74118728987,72.7083545790926,776.956198188431,7.09559223981052,1.0000354,1,37.5,
4324,115.029227478757,92.786961904741,76.3470264804681,489.533581967215,11.4940432657859,89.4828395058951,97.6193920147946,71.9615340697769,44.3295482147631,7.46174804328962,7.39975760303864,3.25655003313237,7.37490445651529,5218.8432960148,72.5226798382924,779.219561112639,7.0957528274557,1.0000354,1,37.5,
4325,114.863771796231,92.6943670262626,76.3082852397641,488.198558886586,11.4932521977704,89.5269952507495,97.6310942691092,72.0378910501713,44.3299882735753,7.46172682160211,7.39970049426507,3.16146787381887,7.3346207715411,5207.26697806627,72.2851113789497,778.786230218288,7.09616494908424,1.0000354,1,37.5,
4326,114.547792118734,92.4803012749947,76.1695471731002,491.811438542993,11.555704673083,88.4847988000696,97.5109682136823,72.1210676151509,44.3346299818591,7.46207121108688,7.3996036443382,3.05753848767619,7.28177530961799,5189.31368418235,71.9528128989067,778.050675369177,7.09633821692949,1.0000354,1,37.5,
4327,114.1057225,92.1587621320384,75.9370957731099,493.129014634318,11.5877580840424,87.8970062976113,97.4461370146797,72.232783622924,44.3212204674217,7.46259149005871,7.39968458078605,2.94758979917465,7.21756340068189,5168.96453729256,71.5598136751319,775.23690209705,7.09674290622727,1.0000354,1,37.5,
4328,113.417346283293,91.6579642671002,75.5749427768711,501.174875911335,11.7032725985618,85.9030069348847,97.2022027422096,72.2262148457031,44.2810721011864,7.46448033393973,7.40002839416261,2.74589097293884,7.04562156935982,5124.31990052929,70.9481995072894,769.449090362213,7.09728211302029,1.0000354,1,37.5,
4329,111.98206870737,90.5251482878072,74.6656853689995,505.557043983267,11.7708928218983,84.5349423975788,97.0350436048698,72.2818183915529,44.1824524467559,7.46680334210386,7.40094639089076,2.54890130464489,6.80759037607448,5056.98053221009,69.9619993622223,775.599072054423,7.09870465642378,1.0000354,1,37.5,
4330,109.575779893764,88.4770257702113,72.8822944614981,506.748863672518,11.7992953815373,83.477194112334,96.913316342775,72.3435780852061,44.0065624305573,7.47006651187969,7.40262680043115,2.34781282025376,6.44619398629948,4976.81638059686,68.7941696045939,766.112810622804,7.10140122310346,1.0000354,1,37.5,
4331,109.043083148692,88.019768195931,72.4807962743253,504.150448121988,11.7822145029793,83.4046102563476,96.9167604894856,73.0545628567432,43.8023952318966,7.47098940856039,7.40459266129943,2.25137428015266,6.246067763858,5007.75836007068,68.5481941749576,756.825687358031,7.10302444898873,1.0000354,1,37.5,
4332,109.309277874539,88.5130748609805,73.1419682857413,504.463658755125,11.7995726268972,83.0505647290477,96.8789009420791,73.7621645064385,43.7075759659721,7.47190703578452,7.40548011699346,2.14596057411128,6.10619005142557,5001.64106949295,67.8076775940648,768.077396307113,7.10430500287513,1.0000354,1,37.5,
4333,108.476593011859,88.0498458350497,72.95181531306,489.665740794431,11.6297977172196,85.054791972718,97.1654885312071,74.1854107063211,43.6672942322769,7.47140542538363,7.40582640298294,2.0023030603401,5.93991134175491,4940.97368298889,66.6030373889658,760.021793401287,7.10566405512287,1.0000354,1,37.5,
4334,107.983891924422,87.7056336396795,72.7173557770439,498.220543873908,11.7500902168753,83.76314606232,96.9934307446928,74.6981790211387,43.6899580052594,7.47159116089634,7.40554519308444,1.87335640629401,5.76565143720282,4938.9597496888,66.1188775203092,761.264752720779,7.10477406050543,1.0000354,1,37.5,
4335,106.464285407309,86.5729544826465,71.8706664078962,490.518353081477,11.6670569966843,84.6031256554485,97.1208839591427,74.7793645925298,43.6668460133081,7.47208754318295,7.40571689300241,1.7119362546035,5.51738274204226,4849.98544135645,64.8572700207318,750.347339982613,7.10515208827073,1.0000354,1,37.5,
4336,105.37450487491,85.7114849669237,71.1779485131947,488.024608389719,11.6483448087657,84.8792332932879,97.1656381947709,75.2706460760166,43.6889846023705,7.47219538638507,7.40543613985518,1.59101781294834,5.3162126318893,4825.81517099551,64.1128437521563,753.660092925236,7.10510185541392,1.0000354,1,37.5,
4337,104.577119325882,85.0770141725573,70.6638929722734,487.675933040209,11.6567646335074,84.805286964922,97.1624088278608,75.7297519862558,43.6739852930703,7.47229384986932,7.40552235488405,1.4729909295438,5.1375885858221,4815.02237398676,63.5816472086247,749.464410447033,7.10498192727091,1.0000354,1,37.5,
4338,103.60771170513,84.4107962517338,70.2217717861802,487.538862447891,11.6677212558779,84.7011048679245,97.155147130038,76.1237928134932,43.6677042513565,7.47241365110474,7.40552003800642,1.3425425780004,4.93544976413258,4764.82212249295,62.593073024711,745.292310742877,7.10478069748912,1.0000354,1,37.5,
4339,102.683347546486,83.6966033148495,69.6629227958138,490.0629427512,11.7122334787593,84.1979745045088,97.0950900680908,76.666264143079,43.6766586259606,7.47283636120232,7.40536464059119,1.22626376118083,4.74883006110248,4746.23921091261,61.9077930033855,749.173124754782,7.10492695961559,1.0000354,1,37.5,
4340,101.600989379046,82.7974940497629,68.8992583715973,483.563826811036,11.6419376790289,85.1638970504017,97.2272671355293,77.1248052463879,43.6651300754463,7.47206335577566,7.40541210777385,1.11500465070563,4.58718058622983,4728.54458850313,61.310295350465,741.492379651174,7.10506966310115,1.0000354,1,37.5,
4341,100.306653261019,81.9286505891685,68.344909483888,487.626442337246,11.7062404836797,84.3430641012313,97.129460785599,77.6626289964976,43.6992061325751,7.47316047442913,7.40500631223599,1.01580104460251,4.43811172327134,4653.77326145009,59.9229426248236,743.760696106291,7.10524413921277,1.0000354,1,37.5,
4342,99.6706713971005,81.4994049992051,68.0684689659781,483.740403882773,11.6690030289472,84.6009237253579,97.1782188761727,78.2914519857742,43.6709976445625,7.47433566596752,7.40521998125207,0.917818562817492,4.2896918033336,4638.67947555771,59.248862524616,737.891770605469,7.10621994765205,1.0000354,1,37.5,
4343,98.7709093261065,80.7938838430708,67.5065171816966,497.343196323297,11.8496872104433,82.5396416503651,96.9007843144592,79.0313826433498,43.706298337354,7.47504669135998,7.40480316325073,0.827619338428908,4.15249758374119,4632.46594866218,58.6155245387445,741.818440487725,7.10637935791555,1.0000354,1,37.5,
4344,97.356048584542,79.7116406478228,66.6701217380738,498.228832254388,11.8709790929323,82.1735734784505,96.8620616883898,79.4296681489658,43.7266145062065,7.4762381980935,7.40453717497533,0.712364907677531,3.98442583822285,4569.66812040348,57.5309985159869,739.731649032184,7.10732357963575,1.0000354,1,37.5,
4345,95.8961939023574,78.3861935935043,65.4440194521781,506.248848820846,11.9725925870401,80.906541460607,96.6836159825046,80.0876243438661,43.761827329151,7.47695258628182,7.40412587527419,0.62563193915283,3.80908822106809,4572.42285344421,57.0927517316777,735.560363871599,7.1081566688821,1.0000354,1,37.5,
4346,94.3883672606168,77.215592854029,64.5226726404641,507.546660295339,11.9951559124367,80.6510528755749,96.6557534650695,80.9218821794051,43.852548373706,7.47772835715337,7.40316835013873,0.530192320547699,3.63816159432112,4531.07511682205,55.9931997970163,732.054798217576,7.10901255708531,1.0000354,1,37.5,
4347,93.1247750068974,76.2429111033415,63.7650116963655,512.592131028371,12.0571194187655,79.8974721224193,96.5507294105359,81.8766951307604,43.9955957938716,7.47869183010981,7.40170059490169,0.430771305255608,3.47837440312186,4506.87508393284,55.0446629133623,731.090166459715,7.10957599452554,1.0000354,1,37.5,
4348,92.3255215292838,75.753413482679,63.5044640569276,522.594568342758,12.1722942479669,78.5683641416541,96.3448402638219,82.8916461277086,44.1623471863161,7.47925155126452,7.40000992652733,0.336756508132542,3.31777358022865,4479.02351110552,54.0346792510892,726.301329713383,7.10982875432643,1.0000354,1,37.5,
4349,91.9610943029162,75.6155241836847,63.5340158346875,531.44417501135,12.2743825042139,77.5430431243975,96.1758064757999,83.953863568907,44.3552293869194,7.4792716138421,7.39807577981252,0.235535538298746,3.1804431187792,4474.40799083431,53.2960342815175,735.74090624814,7.10997860362199,1.0000354,1,37.5,
4350,94.1153943579163,78.3311240104922,66.6644894058743,543.92001955903,12.4155988322323,76.2247422893169,95.949312232719,87.8891362953131,44.448033664382,7.47960081452514,7.39713335828635,0.148575785459027,3.08253188117751,4523.29100661999,51.4658716342535,750.132839322199,7.11099166021757,1.0000354,1,37.5,
4351,98.7961847888592,83.7320297594337,72.5976543029018,533.668512904894,12.3044962655088,78.6414541885918,96.3356597480092,90.2207504519137,44.8820588954197,7.47570169943454,7.39288594726414,0.0040344158652954,3.05231429916072,4431.45183536643,49.1178782394226,755.900688353665,7.11155481455958,1.0000354,1,37.5,
4352,101.140840536155,86.3153508545136,75.3573802202569,543.239108868071,12.4098252899086,78.1017647005475,96.2429559722027,92.3454404540872,45.4157134240607,7.47538029716141,7.38773127165286,-0.0834240452600481,3.04512699281145,4463.95004285818,48.3396908489227,764.690369656413,7.10966206759924,1.0000354,1,37.5,
4353,104.544748634931,90.3659046312267,79.8858894980536,531.74075331832,12.2816676833571,80.7076012122414,96.6430300034917,92.707994816151,45.9396980280876,7.47274877598733,7.38273470369186,-0.166222108112574,3.07701007520763,4286.00658470766,46.2312510717898,778.195850134483,7.10990045476695,1.0000354,1,37.5,
4354,105.871722592074,91.5846611184287,81.0246591596476,561.161867400488,12.6033634055257,77.4754139750948,96.0931799936432,92.6321417250622,46.4771864917968,7.4708018050292,7.37767127693397,-0.217412525770319,3.10151793889491,4315.18520886578,46.5841027585599,782.838400149835,7.10685751277722,1.0000354,1,37.5,
4355,105.846938188199,91.8210067180323,81.4540138922566,550.53376695056,12.4825489557474,79.794998515485,96.4599547706587,91.2266021392362,47.0482796797235,7.46811874626471,7.37235746804134,-0.281788749480196,3.1177548981636,4172.03586894718,45.73266756751,778.114413508676,7.10638362323684,1.0000354,1,37.5,
4356,104.946155410591,90.7712885848035,80.2942131048735,561.237249626346,12.5974896054092,78.6955413979127,96.2825565374802,90.1283116383323,47.5808226516128,7.46876005314716,7.36745955369798,-0.330944567093109,3.1140449722161,4165.57582858925,46.2182831661699,776.166132634065,7.10490311263073,1.0000354,1,37.5,
4357,103.949953064885,89.8407706157083,79.4122444576211,597.794776567866,13.00160370646,73.6113534025234,95.3884720059743,89.6298878569363,47.8860203167399,7.47395360767234,7.36467208318408,-0.395931853869908,3.03768015633013,4123.34358061682,46.0041140205189,775.412674789765,7.10643804641858,1.0000354,1,37.5,
4358,103.428167071105,89.4951630084047,79.1968556577131,611.637719629422,13.1541775741953,71.7109936711257,95.016369289913,89.764313866799,47.9527314623471,7.47673211703816,7.36405565547324,-0.443181119060017,2.98714662698299,4077.96318800171,45.4296703482076,776.030261988133,7.10899940080493,1.0000354,1,37.5,
4359,102.734066255921,88.9626955316803,78.7838563007195,617.521599860628,13.2176033859782,70.9996652461163,94.8739428871582,90.0930039660825,48.0814238120041,7.47817108226869,7.36287852983924,-0.507543224155797,2.93488252931185,4045.41480151131,44.9026519643444,775.11326545665,7.11113537235554,1.0000354,1,37.5,
4360,102.945547204834,89.1966126150907,79.0343566139764,635.583965736732,13.4188619167849,68.7218841363201,94.3601376494015,90.5547847843714,48.1403789939307,7.48011556908553,7.36233165099075,-0.579846109604479,2.86361337322454,4059.52546726334,44.8294971594253,788.011774466261,7.11216574861212,1.0000354,1,37.5,
