4320,121.618181154278,100.353721264307,84.6365117804145,508.294907591886,11.6389443910665,90.8145740344064,97.7246831857098,73.9111467560795,43.30770952141,7.45529343051917,7.38722230568177,3.06416928469244,7.20908138460868,5124.58992610711,69.3344664644321,764.570745741892,7.06745613512195,1.0000354,1,0,
4321,122.992706271513,102.090645555262,86.6412963302066,506.438426942526,11.6985592779901,89.9914416640307,97.6554501630098,74.6758237705403,43.3056697715113,7.45487191566761,7.38697642525499,2.89199419068086,7.2002859232115,5089.36910127146,68.1528350716263,777.006682023102,7.06807410443358,1.0000354,1,150,
4322,123.104397124017,102.587196359533,87.4223088379569,514.888989906654,11.8743688823175,87.1566375512171,97.3264202112682,75.3769760838308,43.2988406644301,7.45425714968018,7.38678793273859,2.43533621340023,7.01566258179822,5042.56657331321,66.8979685216491,784.45216656355,7.06883272631424,1.0000354,1,150,
4323,121.557901660216,101.367835980512,86.4447439563829,511.540491482629,11.9073017987714,86.3201572329149,97.2627970073823,75.5136965575829,43.368377296627,7.45640695505791,7.38584117457327,2.03208731743515,6.73746662953683,4971.16620932575,65.8313185017369,770.59477447444,7.0714684446633,1.0000354,1,150,
4324,119.872395215035,100.157561953646,85.5857286734881,518.100404370178,12.0463319819978,83.6866940061705,96.9458205083891,76.0323659685499,43.2788271287448,7.45834988968437,7.38649331947876,1.62378715460566,6.41241985400517,4887.49622663629,64.2817853209771,772.37975297166,7.07268024423842,1.0000354,1,150,
4325,118.275882498416,99.2245448064994,85.1431212950828,524.648259268376,12.1845331217572,81.2320222459966,96.6406812996693,77.0498917375217,43.1896558559052,7.46147139145315,7.38714735852545,1.18012046443047,6.00586931008802,4786.21639012645,62.1184051293827,770.118895671126,7.07542705144869,1.0000354,1,150,
4326,117.095608213681,98.6352533957074,84.9906433128576,533.880859469957,12.3556887392917,78.5580396250914,96.2806599594503,78.1143613653392,43.0958350202503,7.46504903002698,7.38785296482516,0.814938768308981,5.63411831084129,4701.81732956163,60.1914583615596,768.818492252081,7.07926607712963,1.0000354,1,150,
4327,115.675743046916,97.8777454340488,84.7227037201904,537.322545504585,12.4657688952451,76.7822612476694,96.0498031108266,79.481697600952,42.8906808914294,7.46836643791286,7.38968861265846,0.382075544710619,5.23214082563001,4612.4651758928,58.0317898977229,766.132317260752,7.08286783901484,1.0000354,1,150,
4328,114.053611342373,96.7549846393432,83.9690431631908,552.698227936631,12.7150209177054,73.4446726341136,95.5240118160296,81.1131234757552,42.7870755455718,7.47335135605699,7.39050411786936,-0.018184875244228,4.81631370627397,4575.06821630421,56.4035512412699,771.7782929277,7.08757889989542,1.0000354,1,150,
4329,104.408238702912,88.2214078159267,76.2572284646771,623.943276852745,13.6305456457065,62.711983909961,93.0787852517226,84.3293302595896,42.8927375689995,7.48388622929127,7.38920290795549,-0.647623696079548,3.79121451812267,4450.77153979559,52.7784523616499,783.059074871057,7.09560546087778,1.0000354,1,150,
4330,86.6170026590766,71.7342096039432,60.7338843023228,757.994999016659,15.374964395121,53.9395626515588,90.4366964220613,88.5698041782854,43.033670381869,7.51087559617729,7.38756564071567,-1.06325364141221,2.41214612400825,4297.98553109379,48.5265330658541,749.089541092625,7.11053210193025,1.0000354,0.999999482902712,150,
4331,45.3973982684124,32.2456561535603,22.5248032860609,673.455854800234,12.4268658796462,50.8151722010509,89.5008111082395,69.3285853081347,43.029695835552,7.52961323415273,7.38741475240637,-1.22090927122806,0.540566311038036,2972.96943590612,42.8823034927453,478.314110090119,7.11465283871443,1.0000354,0.742876988714537,150,
4332,42.3082161015639,30.3214074632282,21.4615923827193,612.761597437232,10.2074965185476,48.2167684413673,87.2292274909315,73.1289405791849,45.0777227548155,7.48949289609097,7.3667810377195,-1.41437168816876,0.0992772497989725,2858.16749410465,39.0839450355471,451.952002037286,7.09349386762558,1.0000354,0.54046630471851,150,
4333,40.9881512166963,29.6352010419724,21.2438900432633,623.764733167468,10.0791933643121,48.8536022746141,86.6247097216388,77.7751273560075,50.9295485354736,7.44735746042993,7.31217554081639,-1.43738987207866,-0.145612261019894,2879.01736580925,37.0171989899914,436.20692020016,7.06172116969129,0.999913709469039,0.492474576503307,150,
4334,60.9048026723331,50.9188052759856,43.5378506786852,1761.32206674639,31.0705030875797,51.3308569481336,92.5234806509176,135.911784288489,57.7106118224724,7.65730279488088,7.25375449290824,-1.68132481898382,-0.266852970204012,4425.30679150758,32.5601404960908,570.734816127914,7.0903189628469,1.0000354,0.945707243469823,150,
4335,45.4431197876391,33.4597194405498,24.6024235318315,954.663466790714,18.2965942832858,73.1798694259782,96.0434963603177,81.9971555272522,62.8832594764169,7.49484679335642,7.20944370202665,-1.20889056467823,0.108747100463266,3203.8610848757,39.0728320302633,435.898859395479,7.1368069946019,1.0000354,0.942806056170094,150,
4336,43.4348176547838,31.5548438205358,22.7739935952221,1456.95130459279,26.3017257931463,57.3567356428857,93.8655221407782,81.8722350985042,79.9809322388548,7.60683767304375,7.09564761829269,-1.24880459021119,0.0309451940262386,3171.3702842341,38.7356016410017,409.009109664536,7.13141570367889,1.0000354,0.92883779029499,150,
4337,43.5262668381955,31.750138153631,23.0460430389529,1549.15919703665,28.1966328253733,55.120052101393,93.605697306253,83.1668175438348,81.5869320947182,7.62745391826421,7.07409713809498,-1.27284169616184,0.00227298249957064,3193.3568132683,38.3970062529467,401.186077640262,7.15491707438632,1.0000354,0.930437779145848,150,
4338,46.3885037921665,34.8599267348759,26.3388045620959,0,21.803421935727,76.8074575555219,92.5285361930502,84.7490501433051,87.5997438679804,7.11867755594885,7.0259797023145,-1.29708110633448,-0.0354763437093788,3185.70361131139,37.5898444398441,411.496763280456,7.10782140523628,1.0000354,0.961584908169024,150,
4339,4.2127132137467E-07,4.2127132137467E-07,4.2127132137467E-07,0,0,5.7065265910351,75.0356341688395,0,0.561644401692053,9.2256614112105,9.21383489086422,0.733498613387608,-0.0358667582797083,0,0,0,7.05105076760874,0,0,150,
4340,2.38921722925326E-13,2.38921722925326E-13,2.38921722925326E-13,0,0,0.92169388713066,82.0589264938539,0,0.00371905381442377,11.4045411127422,11.3929145449142,0.658598062000781,-0.0359144748959706,0,0,0,7.05102711202816,0,0,150,
4341,1.59281148616884E-13,1.59281148616884E-13,1.59281148616884E-13,0,0,0.0362880814881933,21.0888749294659,0,2.50436686195349E-05,13.576486276208,13.5648610325676,0.023939456560985,-0.0359320288580958,0,0,2.61252763715253E-12,7.05032396007321,0,0,150,
4342,1.59281148616884E-13,1.59281148616884E-13,1.59281148616884E-13,0,0,0.0112999350799929,64.5043088413717,0,1.68660666210785E-07,15.7483817942819,15.7367565595584,2.89256253171999E-07,-0.0359384865998731,0,0,2.62586727478523E-12,7.04935871606662,0,0,150,
4343,1.59281148616884E-13,1.59281148616884E-13,1.59281148616884E-13,0,0,0.00350951780411268,92.4761987649087,0,1.13567518201459E-09,17.9204287349494,17.9088035002859,0.639090094295145,-0.035940862270309,0,0,0,7.04828487137139,0,0,150,
4344,1.59281148616884E-13,1.59281148616884E-13,1.59281148616884E-13,0,0,3.5626832726939E-05,3.08422009771343,0,7.64880628950284E-12,20.0922772711657,20.0806520365027,0.00533336006481155,-0.0359417362306216,0,0,2.6523605025449E-12,7.04726292885315,0,0,150,
4345,1.59281148616884E-13,1.59281148616884E-13,1.59281148616884E-13,0,0,7.84050727053939E-06,8.88160635319571,0,5.15165991734703E-14,22.2640978147961,22.2524725801331,0.120180263722849,-0.0359420577426532,0,0,2.66544493363355E-12,7.04626646089435,0,0,150,
4346,1.59281148616884E-13,1.59281148616884E-13,1.59281148616884E-13,0,0,2.19905212026003E-06,34.277898357741,0,3.47004834749055E-16,24.4358487251311,24.424223490468,1.8560825816305E-05,-0.0359421760203196,0,0,2.67826049490039E-12,7.04530952198455,0,0,150,
4347,1.59281148616884E-13,1.59281148616884E-13,1.59281148616884E-13,0,0,1.82009529698463E-07,14.4248586890628,0,2.33726119293968E-18,26.6076328705454,26.5960076358823,-3.9759706638165E-10,-0.0359422195322412,0,0,2.69082410451944E-12,7.04437120298903,0,0,150,
4348,1.59281148616884E-13,1.59281148616884E-13,1.59281148616884E-13,0,0,4.46457261158331E-08,39.8650450650555,0,1.57434640031367E-20,28.7793743664955,28.7677491318324,5.49640857272493E-08,-0.0359422355393826,0,0,2.70313233238886E-12,7.04346767017254,0,0,150,
4349,1.59281148616884E-13,1.59281148616884E-13,1.59281148616884E-13,0,0,2.20194981371723E-08,92.8571603240791,0,1.06043132630272E-22,30.9511374503103,30.9395122156472,0.114060783414742,-0.035942241428081,0,0,0,7.04258203471118,0,0,150,
4350,1.59281148616884E-13,1.59281148616884E-13,1.59281148616884E-13,0,0,3.2243850961731E-09,93.9752461189602,0,7.14653319986586E-25,33.1224393069852,33.1108140723222,0.20087892436535,-0.0359422435944121,0,0,0,7.04182653807487,0,0,150,
4351,1.59281148616884E-13,1.59281148616884E-13,1.59281148616884E-13,0,0,4.5007310530413E-10,94.3734050785722,0,4.81517516524143E-27,35.2939335475716,35.2823083129086,0.192476739871431,-0.0359422443913608,0,0,0,7.04105251657236,0,0,150,
4352,1.59281148616884E-13,1.59281148616884E-13,1.59281148616884E-13,0,0,1.27398711047717E-11,31.4826744948376,0,3.24489274876981E-29,37.4652846245997,37.4536593899366,-4.33875158023511E-12,-0.0359422446845419,0,0,2.75004831955122E-12,7.0403371534179,0,0,150,
4353,1.59281148616884E-13,1.59281148616884E-13,1.59281148616884E-13,0,0,7.84174645843182E-13,6.9919137185157,0,2.18633519435088E-31,39.6367794174502,39.6251541827871,-6.93223256575948E-13,-0.0359422447923969,0,0,2.76123222695362E-12,7.03960667357974,0,0,150,
4354,1.59281148616884E-13,1.59281148616884E-13,1.59281148616884E-13,0,0,2.85049074787106E-13,42.2311160174932,0,1.47289696678622E-33,41.8083957640361,41.796770529373,0.000811131350129113,-0.035942244832075,0,0,2.77220311826397E-12,7.03886756765487,0,0,150,
4355,1.59281148616884E-13,1.59281148616884E-13,1.59281148616884E-13,0,0,7.59937817179862E-14,77.6936211862201,0,9.92513431057009E-36,43.9797953049814,43.9681700703183,5.91438009678313E-12,-0.0359422448466713,0,0,2.78298659306023E-12,7.03819688694043,0,0,150,
4356,1.59281148616884E-13,1.59281148616884E-13,1.59281148616884E-13,0,0,2.18766795800962E-14,95.192977912418,0,6.68789987535056E-38,46.1512161551882,46.1395909205252,0.0965672863798699,-0.0359422448520412,0,0,0,7.03753692381236,0,0,150,
4357,1.59281148616884E-13,1.59281148616884E-13,1.59281148616884E-13,0,0,8.35011066689667E-16,51.9045507359178,0,4.50768647173335E-40,48.32241586802,48.3107906333569,0.000223755171972595,-0.0359422448540165,0,0,2.80397215299798E-12,7.03693964437349,0,0,150,
4358,1.59281148616884E-13,1.59281148616884E-13,1.59281148616884E-13,0,0,4.93451046066879E-16,96.9778477580561,0,3.03737922503453E-42,50.4938528251239,50.4822275904609,0.144275666148177,-0.0359422448547435,0,0,0,7.03630630816946,0,0,150,
4359,1.59281148616884E-13,1.59281148616884E-13,1.59281148616884E-13,0,0,2.02951998387745E-17,67.5069798734678,0,2.04678124309038E-44,52.6652355949961,52.653610360333,1.93564126327317E-06,-0.0359422448550109,0,0,2.82424934771224E-12,7.03570110111819,0,0,150,
4360,1.59281148616884E-13,1.59281148616884E-13,1.59281148616884E-13,0,0,1.96949919304977E-18,49.2087535354764,0,1.37926355513313E-46,54.8366115205973,54.8249862859343,0.00353293338634364,-0.035942244855109,0,0,2.83412801980567E-12,7.03510618048248,0,0,150,
