4320,129.819294560141,108.691689514671,93.0756336114983,517.894625156355,11.7808229534476,90.9055851247186,97.7279705069088,76.7595243802706,41.9040154348145,7.44948370905536,7.38006956329885,3.16225371143039,7.58876137056435,5287.82856352479,68.8882403352139,776.525918976563,7.08459705632785,1.0000354,1,0,
4321,132.647327159167,112.045879141738,96.8187219114652,510.029483984298,11.7678602018963,93.088495630962,97.999573454939,77.9487632044443,42.019968782832,7.44812507005425,7.37861362015748,2.88357687997568,7.61007410884421,5236.02603358632,67.1726634052326,791.03798379853,7.08548032206707,1.0000354,1,150,
4322,130.648564253568,110.249497894086,95.1719271066428,511.006430905742,11.8544412120603,90.7002089979306,97.7508145151137,76.9015444886892,42.1202038463362,7.44704081140837,7.3773310870968,2.54082210243004,7.44327321744362,5114.93565462877,66.5127818776264,783.811593191028,7.0856172594063,1.0000354,1,150,
4323,128.499236468137,108.294716171841,93.3609403006646,522.885209042736,12.0542533747121,85.8901984858385,97.18788330227,77.6423939579661,42.0990561597885,7.44948785080063,7.37730677367564,2.08911865479917,7.09957488329476,5114.96048526505,65.8784489313168,781.331211541807,7.08573633199615,1.0000354,1,150,
4324,126.735287056376,107.328688250353,92.9846804372058,534.990506130559,12.252748424192,82.1745809546819,96.7118997369062,78.7193201640211,41.9950147290855,7.45282474912094,7.37814460460334,1.61249481385227,6.62211211703555,4981.10371121097,63.2767623098402,787.580359292321,7.08857817363349,1.0000354,1,150,
4325,124.458993071139,105.698279504692,91.831665129492,538.181982358945,12.3579443814474,80.1065640600983,96.4656418460194,80.0875189441782,41.9062685954852,7.45760984309184,7.37883016854074,1.13331826296117,6.08773103596062,4899.01776421356,61.170802002597,778.924711568444,7.09244012425091,1.0000354,1,150,
4326,122.230448496811,104.331246833038,91.1014021250316,544.614887199734,12.501436037146,77.8015526913325,96.1571355378969,81.6564474315886,41.7336651188198,7.46144073330502,7.380391739254,0.669362418826448,5.51758350792084,4765.615112084,58.3617737726909,779.478320103189,7.09698714896087,1.0000354,1,150,
4327,120.617785789361,103.390807753561,90.6578239879706,549.777473703801,12.6338006713252,75.9631064336028,95.8946105770892,83.2559028573568,41.5141657924154,7.46327992619856,7.38245290986115,0.313692056171077,5.09761856626712,4676.47865608007,56.1699350506393,775.626428318209,7.10104521074829,1.0000354,1,150,
4328,118.773004978207,102.390135537168,90.2810581242256,555.12627555527,12.7709755373981,74.0339497860812,95.6185196060489,85.2971526701302,41.3887471006933,7.46704966449932,7.38354149878931,-0.0837928930059992,4.66787715466456,4556.37359177226,53.4176516934057,776.948635454358,7.10441751981229,1.0000354,1,150,
4329,114.871825910807,98.8207944377136,86.9569885662966,574.599967679223,13.076259393182,70.5067033921785,94.9969216758639,87.7548530144783,41.5373810388189,7.4718806682366,7.38176451097438,-0.474563714077206,4.20733164669456,4592.70881309519,52.3356675480666,765.400893365233,7.10909417364677,1.0000354,1,150,
4330,99.0313608249869,83.9701231171178,72.8379039417363,685.110832423356,14.499004572911,57.133871226001,91.321548673184,93.4580967123724,41.7387653156104,7.48463926895346,7.37945671243032,-1.00659377756956,2.9414970671149,4589.57442648633,49.1083660799476,781.565820050064,7.11718388263317,1.0000354,1,150,
4331,47.4401296517695,33.7665421368426,23.6599774518967,685.639539784565,13.60607239054,53.3978476876971,90.4057868432189,69.7894046031171,42.1552247566383,7.51174286184018,7.37495909729168,-1.1450964106061,0.759563179672052,3111.47839343228,44.5838220160616,504.789185817213,7.12188033350917,1.0000354,0.871735769833409,150,
4332,42.6345501868249,30.3756978899352,21.3148070617994,609.994932624743,10.4640168405961,49.4922213126773,87.9712397221956,73.1390828994034,43.4623343731655,7.48547374964639,7.36141643958535,-1.36290247537868,0.165145665525004,2923.43972774359,39.9709650689021,456.007195695253,7.10492546189515,1.0000354,0.575030802407076,150,
4333,40.8448171754844,29.3463157861936,20.8474234549787,607.78459734185,9.99371893766835,49.0776547853857,86.8379619081824,77.2604498781044,48.2994074996356,7.44629641386171,7.31440911968756,-1.41216206301008,-0.111368369132359,2896.63181479468,37.4917803269948,435.942153405686,7.07673220872091,1.0000354,0.504680957244733,150,
4334,51.1900079207563,40.4658477169455,32.5392945228245,1304.74971767527,22.3260141991442,50.8224971575146,90.0322733919832,110.706317839022,57.088033752269,7.53371049825719,7.23851367786256,-1.51391156557025,-0.214967726434381,3871.0655097415,34.966979168889,544.275374871416,7.06329908450028,1.0000354,0.802117450631112,150,
4335,62.3916828561688,52.6542510155386,45.4570187855076,457.93190092445,12.0871790614261,84.3207982954286,98.4820959812864,86.1156204108281,60.3123536456187,7.68160377580507,7.20787444199547,-1.46312924548581,-0.123849630927114,2734.142761409,31.7496726884779,478.024224907426,7.16035902499284,1.0000354,0.999000930036103,150,
4336,45.6527652221899,33.5621069713506,24.6255334815998,1449.02759401148,26.4060561008682,62.4399050630487,94.8095928544477,85.7056838981718,75.8222382291558,7.57582040407868,7.09984229095861,-1.19016127437039,0.106107496478725,3378.73703514419,39.422554974983,414.53124629849,7.14258633541478,1.0000354,0.948811788071402,150,
4337,45.4286404129812,33.4477660772209,24.5923372203547,1703.35514155716,31.253221140532,53.7677805031821,93.5126101745698,87.6620879351895,83.8138727846769,7.64671795973102,7.04437731759076,-1.21564700770257,0.0501584296662041,3424.4840294526,39.0645957689759,398.974665559867,7.16749731211559,1.0000354,0.953167119424574,150,
4338,48.184097682092,36.5240456445697,27.9057463124881,333.864915883972,33.8879287326477,66.4717347153895,94.2685583273685,90.025375460772,86.4545347720156,7.43875659704838,7.01461979521677,-1.24453767906376,0.0146284010152598,3422.63235604371,38.018529092779,398.795164033119,7.17773254721876,1.0000354,0.965363576072209,150,
4339,51.7729507326111,40.4831770308757,32.1385616861147,0,20.1068666120712,37.5791294316794,49.3460385535052,101.97484387085,119.651633039147,6.88050735861401,6.8532572719615,-1.3636692240371,-0.0218320417646369,3753.8170930496,36.8112070640064,602.677840431547,6.96704686343623,0.9797473882764,0.756772451582975,150,
4340,50.6510360270634,47.1078683849828,44.4890053451841,0,0,13.4124074078342,9.32714733254598,202,106.772051042212,6.95801191954558,6.87720480533447,0.528525890866824,5.17892116420975,2333.66166572884,11.5527805234101,710.056893658813,6.6947311931237,0.226154638424265,0,150,
4341,9.78344635092055E-08,9.78344635092055E-08,9.78344635092055E-08,0,0,1.11463464715277,5.17055078331635,0,0.649940796254469,9.10037692632164,9.08478235019336,-0.00254507678359595,3.95163373849326,0,0,1.62029415904097E-06,6.69236253544383,0,0,150,
4342,1.59281148616884E-13,1.59281148616884E-13,1.59281148616884E-13,0,0,0.164382146383734,6.33270016442701,0,0.00429031147740606,11.2806972532957,11.2654056936142,-0.00147345862728931,3.92405763692262,0,0,2.65411833737594E-12,6.69126471971578,0,0,150,
4343,1.59281148616884E-13,1.59281148616884E-13,1.59281148616884E-13,0,0,0.0248029680730049,7.99845729153261,0,2.887755774269E-05,13.4530217366375,13.4377321776331,0.85791213267992,3.90888214745341,0,0,0,6.68962030608961,0,0,150,
4344,1.59281148616884E-13,1.59281148616884E-13,1.59281148616884E-13,0,0,0.0019317703315229,2.38434061215653,0,1.94425631359818E-07,15.6251628104131,15.609873264875,0.000408674289908095,3.90322334699301,0,0,2.68558238812906E-12,6.68789018654832,0,0,150,
4345,1.59281148616884E-13,1.59281148616884E-13,1.59281148616884E-13,0,0,9.78063569705659E-05,0.254212541007441,0,1.30923953935691E-09,17.7971592082288,17.7818696627813,-9.5262338462021E-06,3.90114159064163,0,0,2.70085748682925E-12,6.68619812096513,0,0,150,
4346,1.59281148616884E-13,1.59281148616884E-13,1.59281148616884E-13,0,0,6.1650531816703E-05,8.07011608378884,0,8.81969506899165E-12,19.9688178836722,19.9535283382253,0.45756280409112,3.90037575527872,0,0,0,6.68464205946151,0,0,150,
4347,1.59281148616884E-13,1.59281148616884E-13,1.59281148616884E-13,0,0,7.60973346716346E-06,6.64126572605075,0,5.94008763933448E-14,22.1406669093356,22.1253773638888,-9.18473927269403E-06,3.90009402019338,0,0,2.73038202826322E-12,6.68306247996644,0,0,150,
4348,1.59281148616884E-13,1.59281148616884E-13,1.59281148616884E-13,0,0,1.0261980824139E-06,6.60194045805659,0,4.00022367524566E-16,24.3126116530888,24.2973221076419,-3.12557307591277E-06,3.89999037564763,0,0,2.74461609684308E-12,6.68148260050849,0,0,150,
4349,1.59281148616884E-13,1.59281148616884E-13,1.59281148616884E-13,0,0,1.04192500824816E-07,3.52842019982957,0,2.69378364334954E-18,26.4845823724458,26.4692928269989,-6.92750695474587E-07,3.89995224695006,0,0,2.75853616771105E-12,6.67993168533098,0,0,150,
4350,1.59281148616884E-13,1.59281148616884E-13,1.59281148616884E-13,0,0,1.75707159902427E-08,5.73203195334033,0,1.81390083776448E-20,28.6566083033488,28.6413187579019,-3.99185729360596E-07,3.8999382201861,0,0,2.77214429317467E-12,6.67839966785787,0,0,150,
4351,1.59281148616884E-13,1.59281148616884E-13,1.59281148616884E-13,0,0,2.81194417246205E-09,8.22444603478986,0,1.22157627201495E-22,30.8285217999002,30.8132322544534,0.188451627887392,3.89993306002802,0,0,0,6.67693404854241,0,0,150,
4352,1.59281148616884E-13,1.59281148616884E-13,1.59281148616884E-13,0,0,1.02986280951943E-10,0.442318813342133,0,8.22879242041753E-25,33.0002183532813,32.9849288078345,2.90022379445531E-06,3.89993116171194,0,0,2.79847327435533E-12,6.67557155973428,0,0,150,
4353,1.59281148616884E-13,1.59281148616884E-13,1.59281148616884E-13,0,0,1.69612564657228E-11,0.6942502386461,0,5.54409841309154E-27,35.1717562960363,35.1564667505894,0.138005946993277,3.89993046336049,0,0,2.81123728447826E-12,6.67430021332948,0,0,150,
4354,1.59281148616884E-13,1.59281148616884E-13,1.59281148616884E-13,0,0,2.17877511208106E-12,0.616913393249476,0,3.73689940121986E-29,37.3429229348787,37.3276333894319,1.00641424856107E-05,3.89993020645135,0,0,2.82373866939722E-12,6.67318059663949,0,0,150,
4355,1.59281148616884E-13,1.59281148616884E-13,1.59281148616884E-13,0,0,1.12193618516308E-13,0.0673122402023115,0,2.51831060615116E-31,39.5142547492549,39.498965203808,5.69946574824343E-07,3.89993011193975,0,0,2.83598728868612E-12,6.67203905305688,0,0,150,
4356,1.59281148616884E-13,1.59281148616884E-13,1.59281148616884E-13,0,0,1.01362331013982E-13,5.04884148704129,0,1.69658111272461E-33,41.6858516726492,41.6705621272023,-8.87460327447798E-10,3.89993007717088,0,0,2.84800397907853E-12,6.67085263980104,0,0,150,
4357,1.59281148616884E-13,1.59281148616884E-13,1.59281148616884E-13,0,0,1.69123520445204E-14,7.94019456991858,0,1.14304561398827E-35,43.857401395852,43.8421118504051,3.84764220484612E-10,3.89993006438013,0,0,2.85976291846147E-12,6.66969658018641,0,0,150,
4358,1.59281148616884E-13,1.59281148616884E-13,1.59281148616884E-13,0,0,2.3645649789557E-15,8.5185575078776,0,7.70342844147633E-38,46.0286880041815,46.0133984587346,0.196625334871833,3.89993005967467,0,0,0,6.66864288690755,0,0,150,
4359,1.59281148616884E-13,1.59281148616884E-13,1.59281148616884E-13,0,0,7.99845497009292E-17,0.382815425877159,0,5.19294382288681E-40,48.1997564512567,48.1844669058098,2.49762166504297E-08,3.89993005794363,0,0,2.882599267762E-12,6.66769077042868,0,0,150,
4360,1.59281148616884E-13,1.59281148616884E-13,1.59281148616884E-13,0,0,4.34179966476788E-17,8.59077305302441,0,3.49928219387276E-42,50.3711533567829,50.355863811336,0.211385014739629,3.89993005730682,0,0,0,6.6666600860765,0,0,150,
