4320,129.342875947287,109.057346944109,94.0636950721938,524.593255311614,11.8429612667109,93.725142862279,98.0257234714298,77.3884675575326,41.4509395947776,7.44368036504192,7.36955058973173,2.76057980747504,7.18359176865317,5118.67323751684,66.1425842773212,759.927815915436,7.10099932182844,1.0000354,1,0,
4321,131.239381814915,111.436485556101,96.7995622343691,519.606801390425,11.8643805241941,94.1765772253496,98.0981317902352,77.96053827377,41.5362217734327,7.44304896460299,7.36841502793788,2.55610011232449,7.19112061784379,5033.82789488748,64.5689217435935,768.795040147798,7.10103612143188,1.0000354,1,150,
4322,129.830051561926,110.028883651545,95.3932378047425,521.12277590403,11.9534083053231,90.9577565674172,97.756971107333,77.793130026062,41.5755700818178,7.44154162188036,7.36776901670675,2.19382012770074,7.06341572093986,5022.58012804963,64.5632863257589,765.348137796895,7.10093251305228,1.0000354,1,150,
4323,128.473780718534,109.053069627501,94.6986309949987,526.960316176362,12.0826308640875,87.3165213470594,97.343687864442,77.8489190002415,41.6336156573797,7.44310386645313,7.36693503824407,1.8402240393205,6.81932000143036,4929.60970173355,63.322776540009,762.242266978163,7.10163843883732,1.0000354,1,150,
4324,126.527252073019,107.627992090684,93.658973842871,535.756005304598,12.2447494028244,84.0161402680703,96.9384553416364,78.6816600243564,41.5968024267225,7.44547134717605,7.36709587283236,1.40400626703401,6.46797993331108,4848.56402813733,61.6225436351549,769.960102276884,7.10291995245076,1.0000354,1,150,
4325,124.914929252352,106.394289604596,92.7051211692975,548.010908666364,12.4486054492519,80.4866108733829,96.4697831423168,79.8699416279106,41.5328169788891,7.44979763154324,7.36754525227828,0.948741218940051,6.04658202173521,4823.18778053431,60.3880218543798,767.280261072323,7.10614125110312,1.0000354,1,150,
4326,123.005849716935,105.43429408262,92.4466225268222,565.605417613964,12.7179055694215,76.4458098247078,95.8633134434763,81.3465169285673,41.3377704825676,7.45512300778495,7.36937349188613,0.505432425966315,5.55270916456699,4660.62323294713,57.2934577769292,771.911289906101,7.11110264693441,1.0000354,1,150,
4327,119.439363570663,102.732917435176,90.384674639381,576.125832852519,12.9143073244018,73.5429059688138,95.4164203273571,83.259049508474,41.2010957206753,7.46140339219103,7.37059826281796,-0.0575505228330329,4.8564606724386,4535.34516771234,54.4726992979994,762.354004516018,7.11695041072237,1.0000354,1,150,
4328,114.829027423236,99.430193777829,88.0484471703543,602.450500047222,13.3014402646218,68.3147332446221,94.4244217387047,86.0205406278624,40.9011786085551,7.47095061931573,7.37355830630674,-0.48401268405945,4.08478302633771,4319.0160377361,50.2091245441109,762.295639672319,7.12466954728858,1.0000354,1,150,
4329,109.788697462463,95.077181122889,84.2034516545085,615.17780578073,13.5383759058727,65.0952576664913,93.7587912019434,89.658215384731,40.7057977537143,7.47823917912627,7.37542900662514,-0.847560649087279,3.46210456824365,4300.73170248002,47.9680716822794,760.439864782729,7.13340057867215,1.0000354,1,150,
4330,77.148246817775,62.7256528109437,52.0654746319814,634.527721593536,13.8584451480644,60.6229567662654,92.6216204754107,78.9433906884907,41.4236626821342,7.48654502280713,7.36764130203293,-1.2007605386941,1.91639792224936,3712.39326305297,47.0260173863321,674.602575564925,7.13939785033607,1.0000354,1,150,
4331,44.6053274056092,31.9676736765315,22.6267991811262,632.483911059477,12.0273059269419,52.9747056892153,90.0434819536859,70.4709394747823,41.5045333514607,7.50185918176553,7.36661369853775,-1.36937268464303,0.336810284891246,2903.83098171776,41.2060773328683,477.092110473272,7.13103301100112,1.0000354,0.755227056470621,150,
4332,41.6262931177755,30.0054256662304,21.4160888542189,600.607895891441,10.238532574091,49.6435836829466,87.9100909239136,73.4621005699331,43.1785561122816,7.47784679657423,7.34916091979526,-1.46009189586229,-0.043225994011904,2783.53516168501,37.8907646267913,445.102459920587,7.11443827290112,1.0000354,0.561715893508236,150,
4333,40.7097287484158,29.4931612631345,21.20265486097,593.148148220933,10.0133042617155,51.4961799430591,88.0925495104467,76.8169662304151,47.7530656657903,7.43876784259403,7.30427456493783,-1.42795450590266,-0.210343173038894,2809.389446918,36.5725123599797,431.664363035848,7.08820319204521,1.0000354,0.532819105444866,150,
4334,47.3519759461694,36.4496743737876,28.3914514724619,1111.62910083044,18.9207803269694,52.9828895253823,90.3089796311894,100.356883900097,55.1079118790465,7.49796666843449,7.23902014902343,-1.4471830239861,-0.231226036360203,3567.46877589847,35.5478233007893,504.746279735356,7.07075442883942,1.0000354,0.739924487207554,150,
4335,70.307149978739,60.8746491685345,53.9028007436008,1841.02797948146,33.6830137112548,66.0694216241365,96.5821155089439,154.558298310948,58.0109385041297,7.68992087525895,7.21011206366555,-1.70786040220374,-0.228265700714929,4753.50549614397,30.7554207576784,508.046256954789,7.15880951811543,1.0000354,0.999063102794592,150,
4336,44.8812717195757,32.8260151001215,23.9156080335684,1429.25943179845,26.0649680226043,61.9229024546874,94.7055005034976,82.9152493274813,73.5045141441658,7.57515937225033,7.09871639823113,-1.19941908816095,0.0849132612818306,3259.16008083069,39.3071251339828,406.610905201689,7.15758546603365,1.0000354,0.946784946906986,150,
4337,44.2888805380896,32.3544146391726,23.5332876704078,1700.97177282377,31.1031884904566,52.9479711557364,93.34879541267,84.7641077136987,81.8047412155693,7.65078580690616,7.04051377880476,-1.23474891983021,0.0252815995795781,3298.44923375689,38.9132773614254,392.875230934701,7.18255474722815,1.0000354,0.942830626906161,150,
4338,47.5417554421459,35.973669716481,27.4233454844678,0,28.8975081689022,75.2106425880069,93.9142755942813,87.1086510825772,85.3029126050708,7.23916533073661,7.00619570145757,-1.28533401976605,-0.0225811086127949,3285.62208125291,37.7186656023202,391.953464050368,7.17859565047754,1.0000354,0.962468231666289,150,
4339,4.52661096254322E-09,4.52661096254322E-09,4.52661096254322E-09,0,0,3.68095775006172,59.3604738313904,0,0.401204360858421,9.36032366900667,9.32996652901721,-0.000244921911739304,-0.0172273491576105,0,0,7.37436613257544E-08,7.1459706311768,1.30859859970242E-10,0,150,
4340,1.59281148616884E-13,1.59281148616884E-13,1.59281148616884E-13,0,0,0.624973890722076,71.291821600282,0,0.00266948540487193,11.5369917092467,11.5069953607237,-0.000108037578254283,-0.0207342274059781,0,0,2.60900442899248E-12,7.14581392013543,0,0,150,
4340.21151704376,1.59281148616884E-13,1.59281148616884E-13,1.59281148616884E-13,0,0,2.30158358010108,99.2468936988865,0,0.000926903434152018,11.9964491769408,11.966454406626,1.66314019902018,-0.0211233178837955,0,0,0,7.14568504881919,0,0,150,
