4320,118.512987367776,96.8788958182096,80.8884803250521,501.359803572018,11.5735871783668,89.9360603863372,97.6401381189786,73.3703710524339,44.0464373685678,7.45950079330138,7.3938968733328,3.25541126005538,7.38260573552366,5175.52249213999,70.539679953933,763.710813694779,7.06105193454608,1.0000354,1,0,
4321,119.922713130555,98.2470523481237,82.2259117698049,497.848461854227,11.5711153635051,90.1699711981864,97.682229723234,73.6208894914155,44.0159389859571,7.45908917713373,7.39406322000255,3.16482790368964,7.37276017416704,5203.17254308313,70.67521975118,776.357463392307,7.06206831422221,1.0000354,1,75,
4322,119.136571527364,97.6014025733021,81.6841037811695,495.006159298737,11.5739908913182,90.2768201120886,97.7084213465622,73.4679554279327,44.0604437035169,7.45883582671057,7.39349578199038,2.99556247997817,7.32913711288555,5158.70934050136,70.2171349461565,766.414986022144,7.06212077406336,1.0000354,1,75,
4323,118.605376728982,97.2873649233377,81.5305735887312,499.7628887701,11.670477292729,88.520780602596,97.5108008584896,73.5832279131848,44.0658253134763,7.45920422031312,7.39331802872362,2.79345617237821,7.22885810139034,5114.70223683297,69.5090767541133,767.38232177582,7.06206475348249,1.0000354,1,75,
4324,118.431082679528,97.1826861127164,81.4773495198559,508.725664945584,11.8138123372754,86.2056860390253,97.2287751703252,73.9715490176714,43.9954048784871,7.45980379628236,7.3938910966204,2.55583053512151,7.07453287887085,5124.90356965676,69.2820907188579,767.291618521878,7.06260812109686,1.0000354,1,75,
4325,117.938224810273,97.1044093906009,81.7055023412781,510.840037301881,11.8712439286922,84.9556820376977,97.0893567780432,74.4580152014877,43.9367036040334,7.46224037920022,7.39435210852055,2.31774645446512,6.87740076020189,5057.95648962686,67.9303158422869,769.178040211056,7.06498827928519,1.0000354,1,75,
4326,117.295440081839,96.5648053107193,81.2421622190221,507.697739331082,11.8665898712945,84.7763990515555,97.0892704910862,74.8331386148053,43.8627024648516,7.46353512756404,7.39496659829984,2.12160051389191,6.71640334299278,5058.26272385095,67.593887113138,771.68471207669,7.06651007096066,1.0000354,1,75,
4327,117.077183240687,96.8950469294166,81.9778157428254,515.901260425047,11.9889479044477,82.7938342198468,96.8322945716352,75.6408575773985,43.750708611555,7.46517867341034,7.39596060922174,1.85065433047886,6.46248403869141,4977.58174263672,65.8054641639073,769.07200667171,7.068463753112,1.0000354,1,75,
4328,116.435363628944,96.6556561552932,82.0358723704211,516.321537913294,12.0222561059707,82.0147604711541,96.7480122030568,76.2257478371136,43.6763695887352,7.467225732641,7.3965836323117,1.64401888662441,6.2681339021194,4916.05100333689,64.4933128611866,772.135213978718,7.07058541755159,1.0000354,1,75,
4329,116.528392664975,97.1069567394276,82.7519823596749,524.523843958623,12.1393782057718,80.1179121889624,96.4850126622606,77.1830579295137,43.5177909576635,7.46914025352301,7.39804802867633,1.36465161335436,5.98808490062994,4887.62794289556,63.3251399207208,769.664137593354,7.0727589752106,1.0000354,1,75,
4330,115.859327568277,97.0646577423939,83.1729452623933,524.583031004847,12.1691726887324,79.4120608441235,96.4122970104396,78.0533027620127,43.4492903997872,7.47195694221625,7.39861767754305,1.11714787598183,5.71716586006714,4783.22496349352,61.2815190931477,769.285695812592,7.07658079718619,1.0000354,1,75,
4331,115.048822276362,96.7123134985308,83.1592417931771,521.020146213255,12.1593669439983,79.2863781880649,96.4254073873534,78.7126259514441,43.3300419536574,7.47375716211381,7.39969666918072,0.917786325744289,5.50721931921585,4706.04281099928,59.7876484758915,771.989504477495,7.07856910331288,1.0000354,1,75,
4332,114.944310390159,97.0170430212609,83.7664540964229,529.573450545864,12.2823360298326,77.5199018139233,96.1651755756203,79.6008294469064,43.2047095780539,7.47569959266192,7.40084032937615,0.657798585650918,5.21804018354983,4652.92990950912,58.4532842413736,770.011769655054,7.08044080000439,1.0000354,1,75,
4333,113.937587101279,96.4883057185026,83.5910107834068,525.988677036133,12.2721297665153,77.4331791165403,96.1883201438808,80.2970730810108,43.1540727460814,7.47777900385954,7.40123533825347,0.483849242534729,5.01970991637618,4568.48373212232,56.8947728332916,770.773374539025,7.08338137266112,1.0000354,1,75,
4334,113.27236900603,96.2586039042542,83.6832123072896,538.364418892349,12.4395437456961,75.1210273664707,95.8254608878346,81.2133098572796,43.0491241374589,7.4809839457677,7.40217880234829,0.245909703005021,4.75757827244291,4505.2870282984,55.4747372840213,774.173828962115,7.08562664077699,1.0000354,1,75,
4335,111.748332414368,95.2059257577396,82.9789295332753,549.756574577909,12.598129506273,72.992457425698,95.4738581445219,82.271981757905,42.9742414123699,7.48464219958243,7.40282171980124,0.037552045339547,4.49446427094967,4437.5726184459,53.9378355015682,767.388357278861,7.08954759633058,1.0000354,1,75,
4336,107.611887400781,91.4597180960078,79.5211581750887,580.164748465516,12.9749223389286,68.6389744889913,94.5981911628222,83.9326588024352,43.0115854282492,7.48890430115398,7.40233447973123,-0.223551390592291,4.07105100512392,4420.3500293398,52.665435509968,768.339137780713,7.09350953884814,1.0000354,1,75,
4337,100.34120763642,84.9039651388479,73.4938293797728,615.467314029874,13.4141879774718,63.1040042113545,93.2865441111278,87.5219992352114,42.9687585653826,7.49830640921783,7.40266514872615,-0.448248418543844,3.3590679547223,4405.3637883825,50.3343596681708,766.277642058677,7.10072310033499,1.0000354,1,75,
4338,95.0755312403164,80.4712663110097,69.676809624131,622.469832511585,13.5248284547703,61.7948115109945,92.969460106477,92.6660350155695,42.904378116202,7.50173525680613,7.40322809662155,-0.619474705369602,2.7558394645596,4412.60553347165,47.6183699100783,750.131566177912,7.10664216438693,1.0000354,1,75,
4339,91.8347856047823,77.923740030054,67.6416628661244,620.439340636086,13.5256948944039,62.4117493889555,93.1767759332397,97.9916559802947,43.1553173455596,7.50135760611189,7.40062013258276,-0.826048265711587,2.2889827668554,4444.71268023585,45.3580729478604,734.502450505691,7.10853573291365,1.0000354,1,75,
4340,76.6932421093493,63.0314471883464,52.9335987684747,631.586066613309,13.6636228597491,60.827903711705,92.7094498308486,90.6113778451297,44.1046485621435,7.50159238960008,7.39110857548079,-0.913185617564063,1.65605252380002,4036.31747225279,44.5453713235831,695.715879574252,7.10579197854234,1.0000354,0.997731878313835,75,
4341,51.4677119192441,37.771065019235,27.6474564409675,605.470021587798,12.3446646305389,56.8872125564872,91.4119201399664,71.9725024814111,44.8298545463815,7.50516380339621,7.38397579601206,-0.8544880567721,0.900414891379259,3214.22063457203,44.6590089791889,544.563181845107,7.09499265316901,1.0000354,0.865316423160416,75,
4342,49.6557967675641,36.5320324849633,26.8318588847802,669.301828382136,12.5617013974945,53.085096188614,89.8295898876345,73.4856474481144,46.544973536342,7.50472420791944,7.36750412650611,-1.00175082891743,0.647953359871396,3144.53018504274,42.7910795405726,534.23431175043,7.08387855126803,1.0000354,0.788050865055994,75,
4343,48.9942125500848,36.2317141302505,26.798563124286,725.923293500009,13.2745791267964,51.5909703285143,89.1250148713145,75.5716748476094,49.1234684012999,7.50344873088509,7.34335223393146,-1.13378311293689,0.494211292240057,3144.774942296,41.6131433984684,534.977595361817,7.08030706882853,1.0000354,0.782910794889645,75,
4344,49.5036488183315,37.2164865062991,28.1346708843622,855.576483625911,15.1096537902559,50.7225148719415,88.7328948318284,81.576050992766,52.8428793994585,7.50356648647747,7.30983254426329,-1.2540629200418,0.31940803256392,3268.20353020336,40.0632721298703,544.037391967053,7.0775073101169,1.0000354,0.796936238220671,75,
4345,62.3496525588995,51.4902396740706,43.4637171070231,1394.1188483055,24.1444935362712,56.0975242326597,93.1416524157121,115.900828157843,54.8667447677944,7.61415373374156,7.28994482637607,-1.43633061969833,0.14806932706269,4103.81435796354,35.4079813163597,577.852949962427,7.11695408630441,1.0000354,0.962792432152175,75,
4346,78.9300094582965,69.019587086766,61.6944922904173,1722.82975277221,29.8849710021467,70.5819570415508,97.0452037289503,142.340041157943,53.9403768227361,7.69319551193766,7.29173822943543,-1.54919928390101,0.264559885705316,4599.53653418975,32.3137221035789,566.18393039351,7.19155883995257,1.0000354,0.997507701244722,75,
4347,88.8712031243012,78.9671611723636,71.6467823383227,1817.65332495819,31.6582690418038,78.2514172291171,98.0296001674339,152.289767385242,50.7847589347425,7.71526755791452,7.31051447610317,-1.51403356161077,0.545169230827821,4917.88100648997,32.2929182369119,569.834706921373,7.25030929224973,1.0000354,0.999813749417153,75,
4348,92.8609009178298,82.8352180767231,75.4249307593834,1831.29566147646,31.9828247055674,77.5365515146999,98.0055674663563,153.593429347207,48.1737073691032,7.72170421051395,7.32465544834705,-1.47267482301623,0.710481365958855,5020.89825319199,32.6895380520605,581.041952318428,7.28681615115772,1.0000354,0.999967388922223,75,
4349,65.3975872126597,51.4570333445374,41.1531457028819,251.162971980135,8.26497280445428,207.358476876245,101.274531383115,78.9232802926668,49.0293271408938,7.64828356096219,7.3073751204738,-0.766116481637937,1.24935298277213,3587.40144055334,45.4542870905819,486.479142676634,7.30571992496134,1.0000354,0.999545043505742,75,
4350,53.4430318693069,40.610015865833,31.1247431676132,925.136163430936,17.3724166012884,63.4766189025514,93.5540925470294,77.7134216460784,57.2304518786884,7.48173865071259,7.23183339187438,-1.00385959466799,0.597568753732517,3251.76826628717,41.8430716008921,504.129366845248,7.17897136536508,1.0000354,0.944100862862747,75,
4351,51.134736131874,38.4645654382285,29.0996566646645,1544.85560023911,26.8982289675764,52.9577072471089,92.238417166286,78.053332668599,74.7502918293363,7.61021445244586,7.10602520859949,-1.12794952841266,0.469967897410243,3224.54720066409,41.3121014877732,456.175179383967,7.15086566286708,1.0000354,0.96151661629425,75,
4352,50.6730354454586,38.4763628484144,29.46143092886,1567.54364363704,27.8481061345878,54.6227643601201,93.2254690132722,79.8529715037608,76.9280581611171,7.63202723520219,7.0818836671459,-1.1349076050813,0.339021511986746,3175.61079404086,39.768223201203,436.194587272121,7.17393035779691,1.0000354,0.963376411836917,75,
4353,53.3283628218098,41.3564387907925,32.5076253765624,0,18.7628220624325,74.239645565284,90.3778376604933,80.0885324088954,86.7421344856121,7.0745652619747,7.01545498118836,-1.12831381163028,0.354527398634716,3126.28890606306,39.0354125869314,461.712680972381,7.08019176465163,1.0000354,0.988732470508158,75,
4354,79.3165002555856,69.9778684643799,63.0754014882713,0,10.0295192119653,25.8055339873289,25.6686416111854,152.217251548343,124.454620473429,6.8522808396107,6.84206858396259,-1.68224409164044,0.239841927308866,4634.91687667476,30.4493533389199,1070.42802640002,6.79790215018954,0.808613269308799,0.351778146435264,75,
4355,14.4134471088336,12.3582294742575,10.8391555704404,0,0,13.3573967266819,11.8049221709121,202,77.3891171528287,7.10931710639699,7.0358500709324,1.49360671494962,5.12819518479099,1353.64258568465,6.70120091923095,163.518189003623,6.64798833575384,0.0748176975637758,0,75,
4356,9.00874266433518E-08,9.00874266433518E-08,9.00874266433518E-08,0,0,1.21334311752029,9.71433123298881,0,0.392838024079709,9.36445516470625,9.32762031939304,-0.00306166019397569,3.31174452851438,0,0,1.47559889243931E-06,6.70044727985312,0,0,75,
4357,1.59281148616884E-13,1.59281148616884E-13,1.59281148616884E-13,0,0,0.177762170600208,11.5447369769956,0,0.00261323146667355,11.541364828881,11.5049556312363,0.649598239812981,3.27667056885001,0,0,0,6.69980721635564,0,0,75,
4358,1.59281148616884E-13,1.59281148616884E-13,1.59281148616884E-13,0,0,0.0119919107194189,2.56792443687751,0,1.7590237652508E-05,13.7136667048329,13.6772603398474,0.00403057611436441,3.26376758016856,0,0,2.63401202378299E-12,6.69856226778559,0,0,75,
4359,1.59281148616884E-13,1.59281148616884E-13,1.59281148616884E-13,0,0,0.00185097438163532,3.44777392754991,0,1.1844284005549E-07,15.8857198282295,15.8493134823112,-7.30074363426425E-05,3.25902083590312,0,0,2.64649758862965E-12,6.69723420176593,0,0,75,
4360,1.59281148616884E-13,1.59281148616884E-13,1.59281148616884E-13,0,0,0.000323510228635594,6.05013370649257,0,7.97592793526303E-10,18.0577025992591,18.0212962534692,-4.15498560695227E-05,3.25727460627536,0,0,2.65889755148743E-12,6.69590197374528,0,0,75,
