4320,114.47419604308,92.2625649706065,75.8452724387783,499.271688888226,11.5349111152511,91.5876997310017,97.8179117375707,72.3013435820542,43.1575960070246,7.45540988942263,7.39036283905539,3.42313445332578,7.12992361064482,5236.2652835445,72.4227936041314,754.912633645432,7.0863470054725,1.0000354,1,0,
4321,113.537610071699,91.1507395899193,74.6039222772995,494.881340583457,11.5210746469522,92.7505937855455,97.9582097953212,71.9510645096717,43.2229045424724,7.45416858167195,7.38957684686786,3.34477421993794,7.13335137314237,5252.00864221307,72.9941756665337,753.615674277232,7.08546591115959,1.0000354,1,75,
4322,113.545606105715,91.3015110732755,74.860223440603,498.944854048051,11.6115715127199,90.3793063623453,97.6999156939683,72.0464305744405,43.2266443337572,7.45430819857384,7.38941523418995,3.19182083154465,7.07476011768209,5225.42998184575,72.5286449333071,759.208495599978,7.08556358458704,1.0000354,1,75,
4323,113.087665997154,90.9944825574779,74.6647382759779,497.84106709531,11.6344467194154,89.9317925729435,97.6615744702512,72.2849280541283,43.2320141459608,7.45453010199258,7.38924131118891,3.02571431394701,6.99847333288584,5207.15941140315,72.036585655919,758.900657057783,7.08598422020652,1.0000354,1,75,
4324,112.466216633134,90.5897027840861,74.4201055913115,498.690071757339,11.6801108810749,89.0849375782758,97.5738489761897,72.6011100635071,43.2245181111638,7.45480473477051,7.38920004814408,2.82035649393667,6.88943811956954,5178.64568858452,71.3301171849102,757.070556888409,7.08642752963365,1.0000354,1,75,
4325,111.777725884249,90.1401764139341,74.1472050663101,507.274768267812,11.8178395195758,86.5794300256156,97.2754160491275,72.8506757137296,43.2077921493095,7.45617457756624,7.38925458950532,2.53790420665142,6.68486347006497,5139.68472798384,70.5509547801655,764.062702477035,7.08721033394911,1.0000354,1,75,
4326,108.986697496595,87.6887815914513,71.946843748519,520.143255623777,11.9943847021511,83.1268258140971,96.8333593883176,72.8627858583378,43.1235292087964,7.46028075050812,7.38998992741906,2.15354121479749,6.25503309674795,5059.85069276801,69.4435524686846,757.648347828981,7.08942820658161,1.0000354,1,75,
4327,106.736461214517,86.0000092580027,70.6730665075357,525.075623623438,12.0768852936988,81.1065967850344,96.5751995306391,73.4262977662192,42.8891713081132,7.46465354175928,7.39224366752836,1.87449364573391,5.8345099277231,4964.56158806102,67.6128545098053,752.369858193563,7.09346679819818,1.0000354,1,75,
4328,104.494473872176,84.2227285996311,69.2392647025324,518.540442462337,12.0373217049625,81.3231288795626,96.6411234250316,74.3172495151516,42.7013389567196,7.46634000994365,7.39403640240413,1.61774557156062,5.42946428603942,4912.19490270466,66.0976413248875,739.033796958141,7.09623680146057,1.0000354,1,75,
4329,102.68672157465,83.0881917467994,68.6023218740406,516.357716220431,12.0439154922068,80.9717903235985,96.61514906313,75.3540940980218,42.5152415056325,7.46762751945545,7.39581922812406,1.36000992564451,5.02115052764561,4815.32017532888,63.9025687053585,744.718322611001,7.0980596255513,1.0000354,1,75,
4330,100.383214156819,81.4166694382655,67.3979189941173,508.734544633476,11.9915965312082,81.512521205557,96.7259309715386,76.1915719032276,42.4210964511578,7.46881722460517,7.39666740061224,1.08651802651245,4.59345825254621,4711.83392334438,61.8419308808719,735.599252749349,7.09968854030515,1.0000354,1,75,
4331,98.5663603441369,80.0428507162809,66.3515609913439,501.48713028351,11.9412760119656,82.2176876364765,96.8505655526131,77.318905426902,42.3803636941759,7.46902236929965,7.39696900551424,0.862454225234774,4.24812746560553,4669.85928544321,60.3973796532613,723.36167506607,7.10021045395857,1.0000354,1,75,
4332,96.2836165196013,78.2846060896435,64.980989684892,497.186380954343,11.9228360792941,82.4397526743383,96.9064352441657,78.4115164979938,42.3920126520781,7.46987559278803,7.39673327243299,0.64510775326,3.92657470671319,4601.75299482725,58.6872082106075,717.977764465115,7.1005794551766,1.0000354,1,75,
4333,94.1156031139366,76.8575430207024,64.1015855604859,503.381605943504,12.0226733539037,80.9103578731624,96.7131398429825,79.7525368497101,42.3889142196418,7.47197077677999,7.39664827181649,0.441412539802492,3.62255502705645,4487.7773777546,56.2712805764613,715.054640483832,7.10130143117848,1.0000354,1,75,
4334,91.2731518729751,74.4646867843719,62.0410386754044,510.388036560084,12.1299801737158,79.3604696891229,96.5045415746321,81.1242884756786,42.382177611572,7.47370784443282,7.39660189130521,0.235510939129737,3.28493531053206,4446.0442305487,54.8053402265789,718.941458881702,7.10306713215737,1.0000354,1,75,
4335,87.0614324091261,70.6899713820909,58.5893262751519,531.669473056473,12.3971345208685,75.9900785237846,95.977003532,83.0174843778803,42.4671886176965,7.47639279925562,7.39562168312471,0.0511039897585346,2.92599113080078,4431.51097698792,53.3804536501793,712.479566078791,7.10471710988091,1.0000354,1,75,
4336,83.1927990956192,67.2512396866082,55.4683479495132,542.867435875297,12.5521565160891,74.2626966592194,95.6973248387647,85.6875032788124,42.6055134175991,7.47849682108426,7.39410945321823,-0.128151633360409,2.55360204713054,4453.92718232673,51.978725157091,697.045533164396,7.10637862363362,1.0000354,1,75,
4337,82.9904643994609,67.8462522883627,56.6527042062467,566.636859447972,12.849728450194,71.5217784734791,95.1670831672994,91.5724363799596,42.7799259770013,7.47872559771977,7.392247806593,-0.312475574392775,2.25066738401831,4521.7471618454,49.3789107355778,712.499155956319,7.10718927706932,1.0000354,1,75,
4338,81.8140860298406,67.4097510586287,56.7630686886026,561.086774285851,12.807580991142,72.96288602555,95.4727668705556,95.7856361850512,43.526161296976,7.47798299649347,7.3846630754153,-0.528499941654101,1.93869278700493,4498.71439081513,46.9664823452645,694.654446981292,7.10852203901961,1.0000354,1,75,
4339,86.1637180961996,72.9517956821094,63.1864617238688,575.126280076288,12.9875898740151,72.1000416755655,95.3051982780125,102.343197295834,44.1343771915677,7.47746113150955,7.37857609106044,-0.711181527283653,1.74797546223809,4408.79410153496,43.0785261553914,715.012210996316,7.10899388125301,1.0000354,1,75,
4340,86.2060732500764,73.2022066498118,63.5906530757032,606.690319248846,13.3711504573649,69.2877993090289,94.6637675171174,102.50755898984,45.0994162529004,7.47441725043004,7.36913296953972,-0.819806448110535,1.61339176991851,4346.33522025566,42.4001435902541,726.251307495697,7.10641678854681,1.0000354,1,75,
4341,75.5696635122497,62.4337753794649,52.724640672624,636.550385213219,13.7400255386334,65.6902355823276,93.8152294904893,92.2574160385499,46.5648796626666,7.47783762939089,7.35520711964987,-0.893328688453758,1.36266225341226,3951.44143552259,42.8306103204915,687.488639082209,7.10502352485016,1.0000354,1,75,
4342,55.3996583371497,41.800320611131,31.7486362049432,682.937264242318,13.86484815983,56.3961156824123,91.136946699064,73.8650672280108,47.4404578406836,7.49972601614009,7.34700967727,-0.879269286852266,0.90141672969146,3275.30447308074,44.341724660865,601.062232906701,7.10558660304443,1.0000354,0.940636171395806,75,
4343,53.8161493595432,40.8476786603036,31.2622872739091,725.790813047285,14.2324183351352,54.5852845341755,90.471767999595,75.0375805005721,49.3111818894457,7.50216394043495,7.32944894674247,-1.03071384243674,0.680614010478677,3172.94401392763,42.2847324335496,597.145867118719,7.11118176131786,1.0000354,0.914895772565379,75,
4344,53.3231039145513,40.762498444216,31.4785726617942,893.109990494527,16.4249158725412,52.4855297693934,89.7495932815466,79.2769458941283,52.5621259482465,7.51084049915418,7.29978001389662,-1.16667756850074,0.498717982623885,3246.77585118522,40.9548553437108,590.990984352694,7.11374433153082,1.0000354,0.914209738177337,75,
4345,70.8076565565291,59.9948112241691,52.0027081524247,1459.62210554952,25.2066708014813,56.5897983961306,93.5152239470488,114.439544107819,53.9591973716574,7.63025531067115,7.28455248127034,-1.38437645133549,0.366124798644032,4034.69705776105,35.2561440996284,609.514395515106,7.1616635583481,1.0000354,0.984973664302388,75,
4346,89.3763848665289,79.3166608728954,71.881212703688,1767.00148736427,30.4838795940174,78.3720491566779,97.9830641257672,141.493633088314,52.19046846592,7.7067456829673,7.29288480415523,-1.46326105670154,0.599757947930799,4641.06643188675,32.8005319432995,591.254563368982,7.23690969881557,1.0000354,1,75,
4347,97.6358510770827,89.4207395244884,83.3487005508317,321.907037823663,9.58089891600103,86.3919577116187,98.6831040525166,77.1098798485125,49.2154095350695,7.72315316888379,7.31045062210986,-1.43122612388494,0.93676646568183,2065.46724994647,26.7860260449662,609.478970254453,7.29631349879054,1.0000354,1,75,
4347.24833868722,61.8269277778571,48.8748174100696,39.3015184425745,519.97955001979,12.5087479781685,141.796116124641,100.328634580674,NaN,50.8386123180514,7.47060528614937,7.29450173095484,-0.904532330043712,0.854945034296158,3224.24399879342,42.2313882687656,498.427084151817,7.27550889434118,1.0000354,0.997978948752598,75,
