4320,118.130800995058,95.9777489057131,79.6037538831541,505.329157093883,11.6043771572701,91.2846878895222,97.7758577356519,73.4125351022791,43.1363957497917,7.45431792886129,7.38839360637905,3.57387198964935,7.60457182365991,5302.71897746859,72.2317921603005,771.879434072141,7.06700432668028,1.0000354,1,0,
4321,120.018639743927,97.8390059875599,81.4453636458973,504.53915040983,11.6771111438986,90.222097975407,97.6754672187347,73.7969258458323,43.1302451554109,7.45331427863135,7.3881598224081,3.38959958009481,7.58111798088361,5336.88031066193,72.3184638044557,786.08395975881,7.0676823282975,1.0000354,1,150,
4322,118.861567022047,97.0139914950784,80.8657834968844,498.123708323429,11.675202938451,90.7017525778983,97.7589245510135,73.8668007554088,43.1886706345038,7.45275002651964,7.38728577130946,3.00593651855719,7.45095248966554,5261.9577998359,71.2357614790918,784.025098552652,7.06854794476205,1.0000354,1,150,
4323,117.886992012205,96.3869955470822,80.4956938119913,502.66129520277,11.8048990873094,88.319593734091,97.4990093282878,74.3814347081373,43.1642857217166,7.45259097944497,7.38725136780833,2.55379719435418,7.18146891499651,5214.32097434597,70.1024522423675,783.481568830933,7.06895136899504,1.0000354,1,150,
4324,116.818588025465,96.0844687285853,80.7592501178481,516.706684902361,12.0322456743835,84.1886508024547,96.9960109651044,75.4615456027019,43.1556417077644,7.45517558162553,7.38706455266102,2.00094487442854,6.72933059963357,5101.59655678593,67.6052486871308,788.535584927285,7.07056290856791,1.0000354,1,150,
4325,115.460675384283,95.473982980204,80.7012103337106,524.901284392651,12.1876739937228,81.2666909724266,96.6300953689215,76.5303740744722,43.0504002660018,7.45941275187828,7.38785492749462,1.56859653695025,6.26308544741472,4987.34700888532,65.1682037256488,783.28017807499,7.07454212763143,1.0000354,1,150,
4326,113.888885656852,94.7284683150947,80.5664207146656,532.854771031552,12.3439413173784,78.734052747568,96.2939934760522,77.7874898133675,42.9062731222398,7.46320819275048,7.38904440172737,1.09839432443467,5.78725632211542,4859.70092989533,62.4740680224419,789.036666451517,7.07858184625425,1.0000354,1,150,
4327,112.421029218694,93.8577966539288,80.1371464973635,541.061842722558,12.5068486117876,76.1962815784367,95.9412525903212,79.2332948126106,42.7468690770445,7.46811001497446,7.39039609031149,0.633956874376065,5.30069006757876,4795.74566864088,60.5268994553739,780.211134436484,7.08378034432113,1.0000354,1,150,
4328,110.935438932211,93.0141701993285,79.7680150489373,545.504211013762,12.6304680277849,74.3400578366365,95.6823566637121,80.7047279409813,42.5635379925764,7.47196304246774,7.39199986960689,0.26255859199359,4.91098416305487,4715.87789569072,58.4337252104908,787.270018201548,7.08873877836688,1.0000354,1,150,
4329,105.102678623868,87.7931727886976,74.9991902148761,595.879074153639,13.2934371235776,66.825701925304,94.1361327321368,82.8075677884753,42.6762092825194,7.4775508141162,7.39059473545422,-0.244506549166247,4.27211263778768,4673.57826594768,56.4390235187915,791.391767000952,7.09425519506253,1.0000354,1,150,
4330,89.1129489040755,72.9048265496829,60.9249100268709,713.535081045665,14.8080592967849,55.5942204239941,90.8182634206934,88.3313341186861,42.8144729977846,7.49526492811656,7.38894927488585,-0.709696211199954,2.96775285241195,4668.12329421909,52.847874888279,777.413544774386,7.10540742417526,1.0000354,1,150,
4331,51.3405492078336,36.6276439940914,25.7528879665428,647.62456038641,13.7957476408794,55.9923173513941,91.6481259307376,68.7569606322555,43.3067358867736,7.52586368985223,7.38377291350783,-1.00298406579274,1.20578233001494,3298.45018456188,47.9726002172134,559.234099929713,7.12558300392879,1.0000354,0.964272213751261,150,
4332,42.1350564844848,29.3716313961649,19.9377954613198,535.890327442245,9.25077912358383,51.506030860466,88.7031085393002,71.488686225193,44.2011048868121,7.47588425807003,7.3745551623994,-1.2300087727713,0.332928052894978,2975.08495263981,41.6161648749306,454.56214727929,7.09707854912562,1.0000354,0.546109222966663,150,
4333,40.6233035052284,28.5873355248413,19.6911852784682,611.152953036513,9.51042384139468,46.4281137815936,84.8640258269776,76.1278963449238,49.8459990451534,7.44415359382476,7.32103419124734,-1.35320039852065,0.0547810955288455,2987.58090110773,39.2442329888043,441.217768160923,7.0603543750271,0.993784707269208,0.442497607095303,150,
4334,52.7498813502711,42.0005880394105,34.0554582009484,1514.5138907901,25.4209926764155,48.2930788010106,89.4091164850548,118.11567532603,59.3419804131672,7.56718838724093,7.2416483232134,-1.51411407683349,-0.1653615070349,4139.827760934,35.0489276677884,575.90727629161,7.05339769288561,1.0000354,0.809108697757659,150,
4335,44.9632619561786,32.6578408352994,23.5625295720408,798.666325940466,16.2652125508118,91.4364402709219,98.3762513219326,81.932440663425,61.6842526257667,7.50617170794496,7.2178464621606,-1.14280078571936,0.171586996353957,3287.35945720123,40.1228064315277,434.227567909925,7.14984662752558,1.0000354,0.972530092711445,150,
4336,41.7156280511455,29.5381772418717,20.5374527306693,1524.95500751111,27.2234923353344,59.217331207986,94.3591264267131,80.4410944298675,83.0882713496391,7.60828347375316,7.07945274545129,-1.18829387596265,0.0656369176913452,3193.95781891245,39.705549030006,407.04019319563,7.12936060727424,1.0000354,0.91615559297836,150,
4337,42.9230135379259,31.0084833106976,22.2020914036158,61.6337383148492,32.6617704289177,66.9147242146474,93.7055697077695,81.1583563829387,87.5218862669531,7.40031602621934,7.04396191846535,-1.19205882013172,0.0257417604492103,3152.86218909347,38.8482755148091,404.163449733833,7.14696464380614,1.0000354,0.927386590695834,150,
4338,47.889713676542,36.1831578443999,27.5304861423819,0,17.6568210385017,39.7047903824653,52.7994572778135,94.5565866167983,128.400364054194,6.89320951066447,6.86012712796211,-1.25878427501454,0.022563929163212,3609.23989100309,38.1701584219613,557.30581235411,6.92382107906074,0.969935085607411,0.700686479025927,150,
4339,0.00775674074059904,0.00775674074059904,0.00775674074059904,0,0,2.74643893478475,7.70411665532349,0,3.47744330736215,8.41205218680846,8.41257458767694,0.0081344469749367,0.739067544016732,0,0,0.130949860650198,6.74072888289233,2.55238619648473E-05,0,150,
4340,3.18562297233768E-13,3.18562297233768E-13,3.18562297233768E-13,0,0,0.48502204547899,16.6965287694701,0,0.0211413558239082,10.6283696369279,10.6288411165509,0.0570712591732048,0.738054354199107,0,0,0,6.74054091932021,0,0,150,
4341,1.59281148616884E-13,1.59281148616884E-13,1.59281148616884E-13,0,0,0.0647857207384047,16.2851820157848,0,0.000142319373279978,12.800350265079,12.8008214353442,-1.19610801463388E-05,0.737681622495196,0,0,2.71578111396174E-12,6.73957924647348,0,0,150,
4342,1.59281148616884E-13,1.59281148616884E-13,1.59281148616884E-13,0,0,0.00968044573577119,19.6436600834628,0,9.58358087535922E-07,14.9723483599024,14.972819528085,0.667158613553137,0.737544502164256,0,0,0,6.73810157113671,0,0,150,
4343,1.59281148616884E-13,1.59281148616884E-13,1.59281148616884E-13,0,0,0.00131356309299532,19.7495987066267,0,6.45484260217768E-09,17.1441602484534,17.144631416622,0.567713678747825,0.737494058413539,0,0,0,6.73657439308515,0,0,150,
4344,1.59281148616884E-13,1.59281148616884E-13,1.59281148616884E-13,0,0,0.000178682801381259,19.958193851863,0,4.34657224681093E-11,19.3161653468519,19.3166365150204,0.529852676818026,0.737475501194714,0,0,0,6.73497639348602,0,0,150,
4345,1.59281148616884E-13,1.59281148616884E-13,1.59281148616884E-13,0,0,1.20762760545315E-05,4.81355278458727,0,2.92698339789538E-13,21.4881462245217,21.4886173926902,4.17604364866264E-07,0.737468674375424,0,0,2.76648911627372E-12,6.73341118036858,0,0,150,
4346,1.59281148616884E-13,1.59281148616884E-13,1.59281148616884E-13,0,0,1.48195822804783E-06,3.88679354521549,0,1.97125473351144E-15,23.6600288348544,23.6605000030229,-3.33177787581462E-08,0.737466162928958,0,0,2.77856417208391E-12,6.73191135739092,0,0,150,
4347,1.59281148616884E-13,1.59281148616884E-13,1.59281148616884E-13,0,0,1.63669457772831E-07,2.47519381551902,0,1.32766710952335E-17,25.8318635305048,25.8323346986733,-7.92591903220341E-09,0.737465239019436,0,0,2.79039953084731E-12,6.73046149287265,0,0,150,
4348,1.59281148616884E-13,1.59281148616884E-13,1.59281148616884E-13,0,0,2.11021684408125E-08,2.22379635882676,0,8.94220540533408E-20,28.003680231132,28.0041513993005,1.6781980516356E-07,0.737464899132117,0,0,2.80200203797739E-12,6.72905228191563,0,0,150,
4349,1.59281148616884E-13,1.59281148616884E-13,1.59281148616884E-13,0,0,4.27248968495521E-09,5.44042685755689,0,6.02400322828379E-22,30.1753267128437,30.1757978810122,0.00027380332865512,0.73746477409456,0,0,2.81337836098778E-12,6.72773174027197,0,0,150,
4350,1.59281148616884E-13,1.59281148616884E-13,1.59281148616884E-13,0,0,5.38425400774464E-10,4.66055695523334,0,4.05964216421119E-24,32.3466491861805,32.347120354349,-6.41186215233347E-10,0.737464728095814,0,0,2.82454664046773E-12,6.72655054602238,0,0,150,
4351,1.59281148616884E-13,1.59281148616884E-13,1.59281148616884E-13,0,0,6.65663247262479E-11,3.8239407282793,0,2.73547152237326E-26,34.5180878898756,34.5185590580441,-2.15854889518141E-10,0.73746471117382,0,0,2.83550465208927E-12,6.72536533302011,0,0,150,
4352,1.59281148616884E-13,1.59281148616884E-13,1.59281148616884E-13,0,0,8.87372638930133E-12,3.70264329575445,0,1.84356453522249E-28,36.6893631863606,36.6898343545291,1.93710381068968E-10,0.737464704948567,0,0,2.84626095510964E-12,6.72426502515132,0,0,150,
4353,1.59281148616884E-13,1.59281148616884E-13,1.59281148616884E-13,0,0,1.09441686786303E-12,3.01582593855688,0,1.24250190199705E-30,38.8606133422732,38.8610845104417,2.13953299521563E-11,0.737464702658424,0,0,2.85682172645189E-12,6.72320379977723,0,0,150,
4354,1.59281148616884E-13,1.59281148616884E-13,1.59281148616884E-13,0,0,1.85125005183366E-13,4.94646720716023,0,8.37207551665673E-33,41.0320687829652,41.0325399511337,8.6828874357181E-07,0.737464701815928,0,0,2.86719093609232E-12,6.72210517057492,0,0,150,
4355,1.59281148616884E-13,1.59281148616884E-13,1.59281148616884E-13,0,0,4.14739565780297E-14,14.2457386920298,0,5.64279374597747E-35,43.2032742948174,43.2037454629859,9.25523390327143E-06,0.737464701505991,0,0,2.8773761375658E-12,6.72111393165208,0,0,150,
4356,1.59281148616884E-13,1.59281148616884E-13,1.59281148616884E-13,0,0,1.54059392828449E-15,0.843330613256605,0,3.8031999976069E-37,45.3744919097651,45.3749630779336,0.0379945885598394,0.737464701391971,0,0,2.88737775131993E-12,6.7201348066559,0,0,150,
4357,1.59281148616884E-13,1.59281148616884E-13,1.59281148616884E-13,0,0,9.24377601240127E-16,20.7575845025129,0,2.56236389029261E-39,47.5460362174069,47.5465073855754,0.158009361083273,0.737464701350026,0,0,0,6.71908920161071,0,0,150,
4358,0.000375067282157109,0.000375067282157109,0.000375067282157109,0,0,1.00299742278742E-16,13.6353249926522,0,1.72686865588918E-41,49.7173268053123,49.7177979734808,0.0126312183799255,0.737464701334595,0,0,0.00684499555871108,6.71814430233135,0,0,150,
4359,8.40300500954285E-05,8.40300500954285E-05,8.40300500954285E-05,0,0,8.33470811389578E-18,4.90246911535322,0,1.16341840006139E-43,51.8889011531259,51.8893723212944,0.00261467839546414,0.737464701328918,0,0,0.00153857037506328,6.71714167456647,0,0,150,
4360,0.000567428610849867,0.000567428610849867,0.000567428610849867,0,0,1.97864524743781E-18,15.8398804176075,0,7.8389158053158E-46,54.0603886000118,54.0608597681803,0.0192512140735963,0.73746470132683,0,0,0.0104227783171307,6.71618652872757,0,0,150,
