4320,124.728223612757,103.920647328459,88.5411344226733,517.80264155841,11.7428927077231,92.0089607152024,97.8435031324465,75.677399440757,42.2826785222036,7.44956528918242,7.37833939867355,2.96173028307305,7.32168591297705,5134.31508193408,67.8447610498748,755.814224048493,7.08531170607603,1.0000354,1,0,
4321,127.555808478716,107.321954934339,92.3664979667559,511.338972078666,11.7462628070106,93.0902849248242,97.991491168277,76.2167379132815,42.3823741399438,7.44912134252109,7.37707946566416,2.74617808411127,7.32682719153778,5028.3301037889,65.9740923248391,766.89507296966,7.08618705656667,1.0000354,1,150,
4322,126.561518767691,106.36833862892,91.4429446133075,517.335672240533,11.8901874094709,89.215053117824,97.5639802153943,75.887460338774,42.4102286203279,7.44845154285933,7.37656499269182,2.38407991925015,7.19164604012489,4996.54220461097,65.8414734437757,767.347095178918,7.08590669007976,1.0000354,1,150,
4323,124.59384970717,104.484694215545,89.6214053739083,518.385997920515,11.9705519489465,87.3206336521897,97.3630190913451,76.0098773997352,42.4575292258295,7.44990040285687,7.37585830455319,1.99512126266043,6.94568134972637,4983.77796964539,65.5675043841441,765.209750020553,7.08665245258568,1.0000354,1,150,
4324,123.199404263109,103.76011841536,89.3919506148504,529.557188088527,12.1556373413477,83.3471810195082,96.8766930806372,76.972039213012,42.4055895576457,7.4542881611884,7.37617181861579,1.5178881994832,6.51073098074549,4878.74501004877,63.3833410148763,762.644832614331,7.08982359836669,1.0000354,1,150,
4325,121.596889316362,103.090064481896,89.4111069955512,537.785567362425,12.3124942926021,80.8091563778753,96.540912743562,78.2543081465026,42.2158870293376,7.45601622307158,7.37790451231401,1.02694195230714,6.0158144621303,4722.09796002477,60.3429775544672,760.537363174972,7.09313434399957,1.0000354,1,150,
4326,119.492280488651,101.807254650589,88.735713813761,547.460878753069,12.4891296889405,77.8721636864919,96.1464230689954,79.6948759426866,42.1603946352177,7.46199860533549,7.37826430992808,0.551711793170921,5.4708127901205,4595.48041199849,57.6634364209736,763.326546913331,7.09711045767666,1.0000354,1,150,
4327,117.059417964657,100.244433790954,87.815967227782,552.781368781352,12.6212006690773,75.8192197796046,95.8644812190848,81.3390605949064,41.9904598764101,7.46613096033707,7.37980887178189,0.104937377381061,4.91439510245488,4459.54383241011,54.826596223185,763.466720955564,7.1018540206845,1.0000354,1,150,
4328,114.749634141738,98.5668778981128,86.6057102397811,572.47914181884,12.9217261145362,71.8978534180142,95.1986424466712,83.209755200607,41.8278133606396,7.47155133063683,7.38128719417081,-0.261224878677877,4.46173347564881,4390.57660107972,52.7651666621859,765.503517585987,7.10655853335059,1.0000354,1,150,
4329,109.610724943338,94.2945687666874,82.9739315926413,598.317540124703,13.3035132650786,67.1074779983929,94.2451189606266,85.7886236734007,41.7185099151154,7.47914639076328,7.38222043333788,-0.732700674090719,3.80766736825111,4284.24509553937,49.9395480669977,755.78391166329,7.11415781919318,1.0000354,1,150,
4330,85.8678695724339,71.470184641312,60.8284175183089,642.574647210712,13.9170924289562,59.2920430949647,92.1893323255997,83.7770390036961,42.131112629522,7.49171516875293,7.37775668672578,-1.16135886520938,2.29873807880994,3932.89628695945,46.9447993594754,718.978588382854,7.1233919216309,1.0000354,1,150,
4331,45.255133741964,32.2353357350711,22.6120067734546,659.31206221896,12.4888179876698,52.3389684489439,89.9292499375373,68.9933342804149,42.2884502910191,7.51455640242188,7.37596770943804,-1.30408059115358,0.504023996405065,2928.91118186828,42.4520892114603,480.932229423845,7.11962318230254,1.0000354,0.776965695158744,150,
4332,41.8270423034751,30.0542250867279,21.3525775786974,617.570432509023,10.3369535658847,48.4965742368402,87.4164031970897,72.9506148709629,43.670406482659,7.48890028564366,7.36176630295997,-1.44781093341979,0.0330802501769702,2800.29754533431,38.3862089481707,447.073887633552,7.10442739808365,1.0000354,0.551709207063059,150,
4333,40.9778108257298,29.6524621403071,21.281552242386,588.209913615835,9.66790213046359,49.6389958407329,87.0724698849548,76.7237503380338,48.0084700799934,7.44486907832832,7.3196394861164,-1.45364523406285,-0.150765873852317,2833.19343721156,36.9272021340057,436.774761127766,7.07758662660749,1.0000354,0.501546850741719,150,
4334,48.1541276390724,37.3482584779347,29.361311706659,1096.72727284322,18.3081314216188,50.4688758022792,88.9207399350012,99.3685969217134,55.7432475143237,7.4946168812663,7.25195237063081,-1.47076991641918,-0.216113203484973,3501.09329793882,35.2333977372864,525.554016460743,7.05766366837341,1.0000354,0.703347156543926,150,
4335,71.1301687279475,61.7104540172348,54.7480561875776,1840.24773486878,33.4432084332572,66.2279757459097,96.5932165168726,154.746215555132,57.9006924205121,7.6928534681407,7.22926050517319,-1.68037025297568,-0.187251437231197,4752.8335853854,30.7137306611035,525.905702228926,7.14804367967079,1.0000354,0.998405499399766,150,
4336,46.1828673049206,34.0649502285281,25.1082289111945,1315.10716629038,24.0718729694313,65.2354435309054,95.1342189638442,83.9381674199718,71.4313231644745,7.55201391580689,7.1297626686952,-1.18540628903145,0.138123890747631,3316.51740813559,39.5114345485041,418.675025078998,7.1442216636065,1.0000354,0.953235964284065,150,
4337,45.282575512866,33.3038525496992,24.4500138377933,1650.8503336619,30.0844120332368,53.7871587977978,93.3935719350329,85.4659775077924,81.9439848298212,7.64115902154576,7.05902215193566,-1.21257824871886,0.0732237415185666,3338.09434328439,39.0575810471488,401.709389178279,7.16439749638641,1.0000354,0.951287089724783,150,
4338,46.6403635061301,34.9368036882815,26.2863464316107,1354.74803058267,31.9023902138554,54.5444587385025,93.5143589686646,88.4400595455497,83.4585757224569,7.62602165182376,7.03601317514793,-1.29869389820122,0.0190648653518317,3374.90713545189,38.1603896785448,396.589611067051,7.19025233976842,1.0000354,0.954880529692019,150,
4339,0.022174536541186,0.022174536541186,0.022174536541186,0,0,3.75749940113086,14.7905648116203,0,3.88259982078968,8.41166715078321,8.35648168826135,0.000294396471179237,-0.0109431106172577,0,0,0.35889253796583,7.15363280552103,0.000188228641602212,0,150,
4340,6.61016766760068E-12,6.61016766760068E-12,6.61016766760068E-12,0,0,0.0632899403319077,0.186013945344527,0,0.0233463506650487,10.626975029507,10.5773993410199,-1.09720680194769E-05,-0.013441080459323,0,0,1.0757225218395E-10,7.15370459762867,0,0,150,
4341,5.57484020159094E-13,5.57484020159094E-13,5.57484020159094E-13,0,0,0.0755495229290548,21.7779950024933,0,0.000157196537357428,12.7987061501439,12.7491643891555,-1.12180462692457E-05,-0.0143600322087067,0,0,9.1226811807096E-12,7.15327485607457,0,0,150,
4341.5336232229,1.59281148616884E-13,1.59281148616884E-13,1.59281148616884E-13,0,0,2.38190134725575,99.9889777096677,0,1.09051898251068E-05,13.957575336486,13.9080337895414,1.62589202734357,-0.0145811882671723,0,0,0,7.15286997645654,0,0,150,
