4320,132.380686433999,112.517737880129,97.8364280794433,523.57479003028,11.8405342855116,91.1021205529957,97.74846243532,77.4738935293599,41.622760747965,7.44811876310204,7.37380492749494,2.72726833153594,7.61073080454019,5017.57556703103,64.7647270383996,757.731175714393,7.0979558058253,1.0000354,1,0,
4321,133.377046302445,113.915697559948,99.531222402451,516.669432568613,11.8002482555513,93.5633140877182,98.0402852481359,77.8458044268944,41.7304016825232,7.44785183716805,7.37257242639759,2.63501341624432,7.61421734037044,4939.72722657576,63.4552788418379,763.051451483598,7.09842330564212,1.0000354,1,75,
4322,132.989910155419,113.434071802143,98.9797564975482,520.754544631256,11.8834562614203,90.6547192577343,97.720167738173,77.5925311938347,41.7240451182764,7.44718339510338,7.37253163775256,2.47069710370617,7.55043435874411,4947.56125631716,63.7633697495653,764.298412336719,7.09793042925533,1.0000354,1,75,
4323,131.774481637068,112.226235029548,97.7775310152945,524.589120987664,11.9591535457345,88.8253444397342,97.5098842649915,77.4652913628835,41.7448426299147,7.44704817172627,7.37221194493582,2.29287624457071,7.43546437338194,4937.53047944559,63.738616257388,758.14631275464,7.09809789070568,1.0000354,1,75,
4324,130.717472651848,111.244195135164,96.8509030576151,524.028030888268,11.9844767896651,88.0473416529388,97.4336758237693,78.1210769621485,41.755417618125,7.448419386471,7.37200145684853,2.07841340159921,7.26263486396738,4960.23321940066,63.4941735609203,760.249942997639,7.09828636137966,1.0000354,1,75,
4325,130.693093859656,111.858267118829,97.9368734408256,534.204016433721,12.1216850120504,84.7785878688015,97.0282198527904,78.8420991929152,41.6802655931536,7.45162086357282,7.37268656302835,1.80614441750392,6.98182910225567,4841.88678326551,61.4124539152378,760.230506401481,7.10051430160912,1.0000354,1,75,
4326,129.259493691633,110.611950020886,96.8289829598991,526.052411463781,12.0651416418506,85.7517090697342,97.181467965406,79.3702930104452,41.6634108822083,7.45189832812793,7.37276609616228,1.58464099769892,6.75246243752789,4825.8568829153,60.8018025368788,756.986166266318,7.10222188827249,1.0000354,1,75,
4327,128.310075403534,110.265915845383,96.9289283458797,535.804784666535,12.1985542255722,83.2157149625881,96.8505513088802,79.9700092076004,41.5966395134072,7.45388014947607,7.37336840614616,1.34911597259149,6.48298455461218,4704.98915246161,58.8344205419254,753.235919956921,7.10343930214586,1.0000354,1,75,
4328,127.425442267916,109.606237785975,96.4355214297584,536.402957455584,12.2347618974669,82.4799809551408,96.7655165991498,80.6576077321724,41.50687380797,7.45496909028879,7.37421347239444,1.14770192864582,6.2609136353226,4686.28255192376,58.1009365847398,755.261881041534,7.104893104237,1.0000354,1,75,
4329,127.046603077871,109.485669253014,96.5058485998583,543.810753834535,12.3449127136817,80.7874975210798,96.5275329195282,81.5682316588113,41.3910809553668,7.45590186392489,7.37533495471027,0.930102539383113,6.02393420902428,4670.50106300165,57.258824520528,762.489474074802,7.10617474631922,1.0000354,1,75,
4330,126.000548408862,108.724690627685,95.9555783546413,542.671684708282,12.3627265858683,80.1750107639985,96.473217459195,82.512931287508,41.3703789482241,7.45909919383192,7.37546219836565,0.70440017919018,5.7791757129116,4647.89659744426,56.3293113566543,752.429317753641,7.10873566736702,1.0000354,1,75,
4331,125.223542893437,108.573747988062,96.2673778406106,547.790013258612,12.4493081856437,78.7673681381201,96.2784744616107,83.4998042954191,41.2585874966346,7.46134353573681,7.3765482533459,0.47860830110772,5.51057240802335,4533.03599337905,54.2879834465401,756.42186070793,7.110943469471,1.0000354,1,75,
4332,124.337648070515,108.084320646544,96.070991681,554.387067446463,12.5532544117114,77.1709877168485,96.0455389782331,84.5559658975332,41.1404813599985,7.4639985549892,7.37770474278471,0.25102475041886,5.2421356210179,4481.06621079893,52.9952696209418,759.471959374793,7.11328874822466,1.0000354,1,75,
4333,123.576813669966,107.67646569833,95.9240345888602,559.099798103565,12.6373806774762,75.9080908137414,95.856224894371,85.7228352613454,40.9712637030263,7.46598375379616,7.3794067696865,0.047588681816249,4.97753667250202,4444.24484406074,51.8443519805599,761.603946834845,7.11617352190258,1.0000354,1,75,
4334,122.056474606593,106.720719673011,95.3855964612323,564.505960798049,12.7302007698754,74.4894869681217,95.6417780435043,87.0362335915176,40.8472400705835,7.46924481305053,7.38063614949998,-0.189889206668901,4.66347304646657,4352.11207436047,50.0034513761935,759.370624824568,7.11952810767684,1.0000354,1,75,
4335,120.204290582585,105.466820869446,94.5739084727773,570.751309344459,12.8335200696623,72.9031096434533,95.3954415935445,88.548272271218,40.7489620676619,7.47364509616383,7.38159575315416,-0.39808111102835,4.35462808886725,4254.98309592268,48.0526947255383,754.390038338115,7.1230019211332,1.0000354,1,75,
4336,117.932491392104,103.653303605937,93.0991213292051,577.707018570403,12.9460316401676,71.3333818559443,95.137412817012,90.3916250206406,40.6951544511062,7.47782047251471,7.38208425304777,-0.612632963838653,3.98023015553854,4208.4921436623,46.5584299729241,745.511069847746,7.12689653926332,1.0000354,1,75,
4337,112.738087284866,98.846633742584,88.5790376461148,603.834699133592,13.2812690557339,67.379093973611,94.3168000096064,93.2155046135716,40.6690391613073,7.48338476664682,7.38228053598461,-0.835910551742937,3.46913833836788,4222.12092273794,45.2941915643851,748.285255355723,7.13152448713039,1.0000354,1,75,
4338,107.780662782609,94.4391434422012,84.5780204514652,623.254587640737,13.541376520444,64.3079531530831,93.5913152494135,97.259192744584,40.5709364548897,7.48784049405834,7.38325277918907,-1.00475856287239,2.9546879853192,4230.88063079271,43.5010872638392,741.036409319457,7.1365435512388,1.0000354,1,75,
4339,89.6996517996169,76.0401809185041,65.9440502672468,648.822027146635,13.8769001778926,60.0878021752167,92.397086440431,88.5656697725709,41.2333651881441,7.49288007181504,7.37615052374357,-1.11888001601952,2.22843059119881,3944.519520932,44.537793606272,711.568300929488,7.13975900608653,1.0000354,1,75,
4340,56.5752762242141,42.8588382458928,32.7206014793076,645.666655343514,13.5693494177184,57.419613269429,91.7648208374264,72.3598653482424,41.5439220624358,7.5086053287378,7.37283748270696,-1.06702504277971,1.08504547337007,3236.18928653459,44.7235393675756,578.844539236627,7.14272110213191,1.0000354,0.960783202605041,75,
4341,49.7836132711565,37.1280236735085,27.7738922317686,616.842851920327,12.192481421766,55.6241420682925,90.9601782943486,73.9329435717503,41.68327644415,7.50051617599798,7.3713328640252,-1.15734750426484,0.520826478444184,3050.81028707175,41.2645586620125,528.526333799034,7.13336627521058,1.0000354,0.823640994009343,75,
4342,48.2068941063448,36.0531910645498,27.0700192510491,698.184351798934,12.8772000464136,51.9750491010708,89.526102435198,76.3271515610286,43.1843161894621,7.50740136127993,7.3558773081637,-1.28116416617665,0.321776741194445,3024.7013336457,39.6281175412035,517.6312970245,7.12359837378296,1.0000354,0.776051551208343,75,
4343,48.6872228137071,36.8365115324689,28.0772901506842,724.658880392574,13.227822289773,51.3476347911022,89.2226083181005,80.2297191090222,44.9575261430453,7.50531986729419,7.33792464460381,-1.34976586048777,0.178677064142204,3100.09149008437,38.6401887543908,528.32646195245,7.12200455480838,1.0000354,0.77183219779719,75,
4344,48.8087009044878,37.4137576935241,28.9914083636813,705.004289039819,13.4639529243826,54.1491191660763,90.1485746278354,83.6492972917923,48.2209964809047,7.48476424024022,7.30617865687985,-1.37013291053759,0.0302668871045899,3107.91608235476,37.154120631922,524.987599599417,7.11714011889789,1.0000354,0.830098223795879,75,
4345,52.8764882800489,41.7962174624726,33.6064520755683,939.510696885882,17.2349014667969,60.0881904306877,92.7076081745315,95.1938778755202,52.5463161003822,7.49784315521218,7.26633689974328,-1.35348590627577,0.0263855856216879,3439.17453049524,36.1281062107004,526.381451306847,7.10382879740269,1.0000354,0.912271557192489,75,
4346,70.146509833356,60.1255884854434,52.7188205326384,1536.91501239624,26.9095489427873,65.6763445235487,95.7063735310406,131.781339491623,55.6524657038727,7.61963170509142,7.23697272365947,-1.57944558984829,0.0781119996531521,4305.82517650817,32.674012823962,533.16057183985,7.14341490965282,1.0000354,0.996820784117231,75,
4347,84.6536198769953,75.0670145609736,67.9812628056532,1785.88384009657,31.2670466517419,76.5382682933123,97.720921261562,154.062842690997,53.9519031124464,7.67983311475607,7.24412267060287,-1.61896732211608,0.3084458189014,4815.67951049019,31.2578907825879,534.306874142124,7.20924289493752,1.0000354,1,75,
4348,92.3094820538547,82.6703601243329,75.5457917416428,1830.8649803819,32.150505687681,82.2041449606023,98.3136361186224,160.599871688262,51.1772601842698,7.69391958219446,7.25914332197963,-1.5711646456487,0.556712568856181,5047.51350442841,31.4291253870118,543.910942615829,7.26050439048933,1.0000354,1,75,
4349,57.5064029000023,44.4041760354758,34.719921396478,808.021303442256,16.1015474122432,85.7217248420073,97.5120761843947,82.402392326888,52.5177606125587,7.45468531568756,7.23964935555532,-0.908439032997761,0.732809901603645,3520.3006601988,42.7208550721909,464.635606069464,7.23383247222482,1.0000354,0.979650142486057,75,
4350,52.9295520229657,40.1772450354157,30.7516268272265,1300.33800036302,23.0689221701971,60.3133481471424,93.6606913013186,81.3485343563026,65.2377455463497,7.54515172749441,7.13716986055765,-1.06436476851704,0.5229147326246,3382.4650154721,41.579913421145,452.708134535367,7.18178766633243,1.0000354,0.96015753800138,75,
4351,49.5370577439352,37.3095048453113,28.2717483550241,1600.98619693301,27.9856471251604,53.4617598713606,92.7925186007754,82.3865768086845,73.0362704273168,7.6252616012279,7.07854010467353,-1.15569479271598,0.279629617380588,3284.66308898614,39.8689108859769,426.260165143421,7.1887623685712,1.0000354,0.957673285696488,75,
4352,49.2335931066391,37.2013848301047,28.3080134952749,1597.94496583454,28.0773819778519,58.0212134156725,94.1859212982975,83.1046511286304,73.9588373118778,7.62245840826322,7.06165655340847,-1.16650272626997,0.232004526291671,3260.35952687637,39.2319741747059,415.420670980655,7.20122883864552,1.0000354,0.958072963156373,75,
4353,49.1321969136701,37.0837126644685,28.1783112628847,1652.34430436439,29.1692071955893,59.1518109621303,94.6595683260556,82.9511536160428,74.816728050804,7.63298202361678,7.04321147711164,-1.14922126310879,0.245743571088821,3258.73966001078,39.2850432809476,405.78239156276,7.20945975604558,1.0000354,0.96139105917656,75,
4354,50.0372389105658,37.9420735175292,29.0021686618065,1087.07698773114,31.3169482579968,61.3014692197508,94.6065865578141,82.7553691067952,74.8641354169739,7.58137391049466,7.02753201623279,-1.13733386248936,0.264881766930587,3263.64425241852,39.4372508713822,403.933002209913,7.21598958345845,1.0000354,0.96361990727513,75,
4355,52.1301266253995,40.0686047021255,31.1535667588359,0,14.5638201289923,60.8406812521084,80.7636592492369,83.098615852464,87.0373343509798,6.98070753283724,6.9445154139641,-1.14595463562828,0.328726426187099,3268.0652737183,39.3275536564956,489.477837372065,7.09399320888632,1.0000354,0.983565115819673,75,
4356,101.913379172265,93.9431553598737,88.0521203681061,0,0,20.7570845126092,15.3550610408997,200.764483611834,123.036078553106,6.77778173170683,6.77329981820409,-1.96637860914264,0.343457399681981,5217.37706572288,25.9875500479974,1431.11509703581,6.82264201145905,0.639307056487817,0.171008155221083,75,
4357,34.6571900076743,34.6571900076743,34.6571900076743,0,0,13.1257704672163,4.94160337353955,202,166.66790909089,6.69113838618802,6.61770029128865,1.24319410333806,7.93517928316834,0,0,490.017438233245,6.65431301480923,0.0931477056536142,0,75,
4358,2.86939414393115E-08,2.86939414393115E-08,2.86939414393115E-08,0,0,0.854386468481541,4.87960971852018,0,0.30285666221737,9.39162925179008,9.35664477206542,0.268680090920935,8.15725262710955,0,0,0,6.66205931690073,0,0,75,
4359,2.38921722925326E-13,2.38921722925326E-13,2.38921722925326E-13,0,0,0.116731478282416,5.02350799214173,0,0.00201979171651652,11.5676412449678,11.5329699115489,-0.00317645638584318,8.16665707157818,0,0,3.92102968588116E-12,6.66114047149886,0,0,75,
4360,2.38921722925326E-13,2.38921722925326E-13,2.38921722925326E-13,0,0,0.00666568152981813,0.722446988334989,0,1.35980403101814E-05,13.7398000449656,13.7051308005865,-0.000675635949559883,8.15924534712218,0,0,3.94279392865451E-12,6.65983745727559,0,0,75,
