4320,114.45535896921,91.7694691865084,75.0016376079901,490.333414286248,11.4213724326672,91.8259722853108,97.8547184367434,71.9856219266598,44.2052727736289,7.45934376610499,7.39773598464616,3.65060020534538,7.43311691666404,5324.71540521693,73.96915193206,785.895048909047,7.08928236040592,1.0000354,1,0,
4321,114.830701785594,92.1134659054908,75.3224654723709,492.131773431436,11.4658522093256,91.0305177318472,97.7692216713352,72.1280037163069,44.2392740309789,7.45915727134554,7.39733414070052,3.61267631259424,7.42981590899105,5342.6192125941,74.0713583812417,792.144579219268,7.08924150912848,1.0000354,1,37.5,
4322,114.713844188474,92.0342035299475,75.2709908692973,491.283478938402,11.4744480984978,90.8349068039454,97.7531394750266,72.0837383975295,44.2277014667038,7.45910314657269,7.39738270419918,3.54639048119331,7.41628328156145,5330.50423586436,73.9487761645704,792.011215308469,7.08971591731274,1.0000354,1,37.5,
4323,114.367155503808,91.7566616810754,75.0445575512294,489.610484625562,11.4710577650475,90.8935494597846,97.7669615582026,72.1017022823533,44.2226067088541,7.45914795397149,7.39737003187189,3.44968647033978,7.39037888310651,5315.5766820644,73.7233173947597,790.601916622433,7.08998829022435,1.0000354,1,37.5,
4324,114.231094335376,91.4990437170458,74.6970932600194,487.732258086552,11.4638420190801,91.084538839,97.7952505817046,72.1788552668723,44.214596842987,7.45910413068112,7.39738799692765,3.34238140839037,7.34288597229805,5349.87242926942,74.1196630161138,789.731381884265,7.0900941154843,1.0000354,1,37.5,
4325,114.240399065476,91.7641148540849,75.1512091326219,498.245493206221,11.6147421082452,88.0911580638749,97.4439422379475,72.3369525685047,44.1861764255323,7.46032917734319,7.39760848239548,3.19668309835191,7.23066151812744,5301.26538098433,73.2857162591127,792.002812416789,7.09049937297038,1.0000354,1,37.5,
4326,113.884507414626,91.5420200006927,75.0280075643074,497.53236258706,11.6212846257322,87.8361592741248,97.4212605617996,72.4134814631548,44.1552313444874,7.46089463356982,7.39785464146731,3.12419610942047,7.16743564672126,5275.28310357534,72.8494611360385,787.531719222984,7.09156530401038,1.0000354,1,37.5,
4327,113.405163906878,91.1957309746115,74.7800631551102,491.34579423096,11.5575697178087,88.7499590913195,97.5425376639694,72.5402671188957,44.0975472926588,7.46083214765472,7.39836462579351,3.0344361232675,7.09978859676959,5253.04888211386,72.4156263927723,784.788435781102,7.09191301258869,1.0000354,1,37.5,
4328,113.182296807041,90.8770934492789,74.3906387935414,490.385437588951,11.5595657147282,88.7839483164375,97.5520150153475,72.715843828124,44.0885910928913,7.46073018688938,7.39839487050335,2.93428411964098,7.02728565264118,5288.47014562003,72.7278934989767,783.714613332798,7.09187840461979,1.0000354,1,37.5,
4329,112.96629666873,91.0511538742927,74.8530048523174,499.034255672003,11.6826130230336,86.723067017551,97.3028780842577,73.0849633162343,44.0561822404065,7.46218194865656,7.39865517132673,2.74553255502591,6.8535816351448,5222.36425032157,71.4560699404707,784.874253235828,7.0922167122629,1.0000354,1,37.5,
4330,112.387155788157,90.8186942573224,74.876787908445,502.942447086364,11.7438137179187,85.5836159910572,97.1672641135586,73.5169585538539,44.0006110658034,7.46398598443782,7.39914146629578,2.58610109276505,6.68338932275338,5170.13069338428,70.3256880464793,787.098595627376,7.09371968301195,1.0000354,1,37.5,
4331,112.715472111449,91.4021913801487,75.6488969265791,503.294848259377,11.7606127463746,85.0559158440199,97.1093718438808,73.8574732109282,43.8814172735999,7.46530071496018,7.40025642048617,2.47522921828228,6.55469901218904,5132.62544557693,69.4936507090997,787.16040107536,7.095345808129,1.0000354,1,37.5,
4332,113.712349224096,92.6497545663628,77.0817498193427,504.757884848169,11.7900429812228,84.3246244077482,97.0246533091641,74.0767845725665,43.7823755023954,7.46704921872477,7.40117644614751,2.36168651767789,6.43109700081458,5087.31716796092,68.6762687840118,792.740548623158,7.09722142096692,1.0000354,1,37.5,
4333,114.446726814557,93.8676240608144,78.6569828950048,500.141875825037,11.7452791816028,84.6699687078945,97.0842914600693,74.1419423280709,43.6965362324688,7.4678440827474,7.40196857139362,2.24151032497384,6.31586461863372,4974.90986451563,67.0998048918403,797.045756528991,7.09936858672106,1.0000354,1,37.5,
4334,114.512848711562,94.2640384604297,79.2975265356795,491.192351521481,11.644378625695,86.0375629246004,97.2738472312303,74.282259312852,43.7309790960279,7.46760574865663,7.40156711184871,2.07016987453002,6.1562315477073,4904.32719665337,66.0228598594179,797.294832498586,7.10038889827393,1.0000354,1,37.5,
4335,114.702796796769,94.7062806189101,79.9262469222317,490.54228769122,11.6465533267892,85.9796172254391,97.2737762418369,74.268865427298,43.750440803518,7.46803983243236,7.40131564222477,1.95201871606695,6.04912001842224,4842.34747333282,65.200234923112,800.48714502213,7.10100010526544,1.0000354,1,37.5,
4336,114.711060158612,94.9260357075477,80.3023219828482,490.841621183602,11.6604464970658,85.7786334997025,97.2540794904925,74.1319924607162,43.7784649756461,7.46839399774231,7.40098032392751,1.86183589452597,5.96371919473609,4782.30296679188,64.5106492898609,801.807929714078,7.10159924428999,1.0000354,1,37.5,
4337,114.536413459599,94.9502865208546,80.473584000913,488.947810248928,11.6462496076997,85.9114186267333,97.2784787395873,74.0497347878802,43.7905505808859,7.46873202318953,7.40080390164662,1.76117841608456,5.88390369344238,4728.97364855716,63.8621280967931,801.675675514011,7.10213324181754,1.0000354,1,37.5,
4338,114.384869996601,94.9951176469941,80.6635615625022,486.276960737265,11.6217792979523,86.174254648561,97.3197423819648,74.0325182064537,43.801065971633,7.46908495433195,7.40064393635876,1.6546451791973,5.80353008701124,4680.47150971482,63.2218330958626,801.999613002168,7.10256232707122,1.0000354,1,37.5,
4339,114.23534296663,95.0588897449222,80.8849895375726,486.643774937404,11.6360580097083,86.0774887333821,97.3105366604206,74.0555849173201,43.8202006466766,7.46892623946439,7.40039940997222,1.54902896327955,5.7163780287244,4630.42573948953,62.5263542872452,802.964081604562,7.10285397331188,1.0000354,1,37.5,
4340,114.027566208244,95.0643842090259,81.0481192530824,493.659272135849,11.7340827258505,84.7048773899295,97.1403177723533,74.1279694557659,43.8497380619318,7.47032123480721,7.40005284078556,1.43992003374884,5.62864342875128,4583.40399364434,61.8309664664346,803.352877060087,7.10315367502826,1.0000354,1,37.5,
4341,113.841789660012,95.0814716758589,81.2151496875719,496.598197421822,11.7795327766808,83.9699006211549,97.0515524705292,74.2556560725367,43.8284801914147,7.47154599571673,7.40020995217355,1.32933409304403,5.53899073413498,4542.18225819138,61.1695121749964,800.627234723063,7.10427453100299,1.0000354,1,37.5,
4342,113.671878583679,95.1246081275688,81.4157560513138,496.814487487977,11.7912206783474,83.7261914084613,97.026784407762,74.4079861284024,43.7985951030636,7.47222840970695,7.40045307906072,1.22119613688172,5.44380109497317,4499.81207729249,60.4748537277621,798.56692631419,7.10528715356303,1.0000354,1,37.5,
4343,113.36542277045,95.0354510310843,81.4872110498138,498.510920739532,11.8206507222192,83.2331002007101,96.9698526859136,74.5823905563167,43.7995627392505,7.47340766734893,7.40039092242271,1.11125806196365,5.34850052121879,4457.51606009995,59.7663339409067,796.41254402413,7.10601793369759,1.0000354,1,37.5,
4344,113.092958867655,94.970592924189,81.5758007051054,509.438564047333,11.9558538106701,81.3261674841557,96.7089772212231,74.9654028176613,43.7922140071907,7.4755073173939,7.4004119813514,0.954412016889627,5.17033105162505,4429.66207473864,59.089418695087,803.807249552268,7.10698230515716,1.0000354,1,37.5,
4345,111.997189205392,94.0935955383201,80.8605045670064,512.799976891887,12.0003021411174,80.5470598023707,96.6090384000244,75.2754196300375,43.8181091262655,7.47746584176111,7.4001041785816,0.871034633531947,5.07057891368201,4394.28499099619,58.3760942495327,800.100713471341,7.10911340049704,1.0000354,1,37.5,
4346,111.461726167444,93.61726605647,80.427882496185,525.540767663334,12.1446379488138,78.5071263713432,96.2979084598408,75.8452854970786,43.7880927085007,7.47913295725698,7.40035193546865,0.768008561953972,4.93014406202347,4412.92782984966,58.1832845763318,802.613125859626,7.11047420111744,1.0000354,1,37.5,
4347,110.537607326013,92.8170331446214,79.7192174453321,539.250890783222,12.3000351363914,76.4449255904884,95.9616528503715,76.6009878678593,43.7557138342055,7.48110473686298,7.40062477380019,0.671938228528832,4.79005491627834,4425.95487685946,57.779344627963,800.218801011078,7.11273327604739,1.0000354,1,37.5,
4348,109.511011547937,92.014308878761,79.0819634276312,548.446937526913,12.4067077331884,75.0867146533582,95.7333443446219,77.6019901349736,43.7475710716014,7.48300080436028,7.40065907339971,0.564109742859344,4.61536554628715,4427.14648847575,57.0493937175528,795.587125401016,7.11514952618782,1.0000354,1,37.5,
4349,108.661086217963,91.3884015203271,78.6216345699005,550.450042903173,12.4345515473486,74.6915963763257,95.6816298800401,78.5651016243012,43.803224380807,7.48492500089908,7.40006220559997,0.493141214011271,4.5161160571674,4424.70522940785,56.3189652648425,797.935521589687,7.11681573755837,1.0000354,1,37.5,
4350,108.615416179299,91.3817837873804,78.6438815846577,562.928843429906,12.5765224632357,73.212888145008,95.3935734675907,79.5549733750457,43.8274898911049,7.48487228642085,7.39977872133777,0.413400322010211,4.40514409528311,4470.32379634678,56.1916321091876,796.089468696125,7.11766076450846,1.0000354,1,37.5,
4351,107.711955440666,90.7599014409428,78.2301223976693,566.166190848412,12.6165259839905,72.8399028175781,95.3351164899521,80.5433469153058,43.989975789599,7.48619608152703,7.39813039178939,0.325938588448189,4.29397955193583,4451.91456373451,55.2735233167782,799.700311666394,7.11865203184123,1.0000354,1,37.5,
4352,107.051919450171,90.3205486229695,77.9538832289509,584.828245090284,12.8265549969617,70.5895679335894,94.868164144833,81.6886739791188,44.0889853334043,7.48742994708574,7.39711463991588,0.212815086899379,4.13431191772364,4456.44132599483,54.5539682420843,807.174715953881,7.1192449516311,1.0000354,1,37.5,
4353,106.295544068428,89.7842070551784,77.5801753497332,596.834805182046,12.9634508781334,69.1386621865153,94.5519181171549,83.0092229627586,44.1710183224556,7.48880672758584,7.39626988381342,0.116795955503568,3.97224585786501,4468.92855989497,53.8365304527656,808.918575236353,7.1210889608172,1.0000354,1,37.5,
4354,105.444428408943,89.2331129077182,77.2508362328997,602.294386610883,13.0272220772667,68.4904515438434,94.4186906764274,84.3436898518979,44.3040356320167,7.49042503105192,7.39492842226046,0.0452602261164574,3.85470969943001,4458.26291406011,52.8582863980522,798.786558700026,7.12290713979212,1.0000354,1,37.5,
4355,105.363384976118,89.4231760926606,77.6412825701049,614.067707557005,13.1612506154592,67.117204932403,94.0884478040632,85.7023567186138,44.3845333013622,7.4913668298408,7.39410632543695,-0.0581587115741606,3.69020791477648,4454.32185518824,51.9743216608744,810.826176485326,7.1238425440827,1.0000354,1,37.5,
4356,104.261564196121,88.7541693342091,77.2921818275785,613.272519388302,13.1540130559949,67.3951154448253,94.1650424218305,87.0298968415085,44.5378528163894,7.49158702363096,7.39257656711063,-0.150401502200844,3.53815655650735,4400.50111972267,50.5630970439559,800.966403935135,7.12523216549218,1.0000354,1,37.5,
4357,103.212481734822,88.1483093657687,77.0139210929904,621.840237186707,13.2513790857656,66.4857114994949,93.9508551772983,88.3985924224518,44.7910986808738,7.49311446036378,7.39008398722635,-0.263475571756923,3.31309382297964,4341.95629695456,49.1179347766602,807.598110618686,7.12518927205165,1.0000354,1,37.5,
4358,102.487253096119,87.6776762272376,76.7314672371945,626.334246646847,13.3028553779508,66.097319734086,93.8569394338375,89.8705103837343,44.9406934128359,7.49370029473592,7.38860752250654,-0.340317837754829,3.14468063498267,4339.64975745528,48.2878058545077,801.661119478795,7.12585772838135,1.0000354,1,37.5,
4359,102.108540195133,87.5245859875831,76.745141573307,626.948549339827,13.3102487926484,66.3081867687124,93.902894717173,91.219855309606,45.0622834618553,7.49282988469031,7.38740649273938,-0.391988546369398,3.05423739192711,4337.69980323824,47.5521451828202,801.038343772461,7.12601579683407,1.0000354,1,37.5,
4360,102.371236890602,88.0147675158971,77.403464065028,626.709413276366,13.3075242679424,66.6300366547116,93.9767232050224,92.3113003470154,45.2005054155769,7.49190803481342,7.38604883726074,-0.46920180662691,2.96956032951671,4321.13007096204,46.810412752481,808.329330903016,7.12567250721268,1.0000354,1,37.5,
