4320,113.903089589928,91.4524875119491,74.8585642369215,495.169988820633,11.4908865368804,90.8991290452896,97.7482724270917,72.1052976621846,43.7134263982767,7.45822077322478,7.39530529643505,3.46070830819076,7.1100726222875,5278.25038546185,73.2019776159944,777.546126406349,7.09843953833586,1.0000354,1,0,
4321,113.6647788651,91.0556026763489,74.3444724498804,490.909641914275,11.4784046580528,91.4735573347284,97.8259946545058,71.8606548655712,43.7086188096057,7.457337194752,7.39522143841618,3.387978699244,7.1033784566192,5297.49713546644,73.7190211441351,771.53537629185,7.09815673786419,1.0000354,1,75,
4322,113.440404859322,90.976784064174,74.3732382590645,492.852852921108,11.5429356724161,89.9847180800899,97.6682779075632,71.9204383124263,43.7203237390357,7.45789069014557,7.39497942505824,3.24871847934985,7.04756060362975,5267.77123488325,73.2444261810497,775.859086802469,7.09812590633715,1.0000354,1,75,
4323,112.884842364333,90.5587969164471,74.0569372375753,490.116345811056,11.5451660709888,90.1478935155694,97.6995286277766,72.0710859040844,43.7218537879584,7.45742826015609,7.39484288822359,3.09136602582488,6.97856779976683,5246.47601611809,72.7958507951489,775.086535292384,7.09843896449617,1.0000354,1,75,
4324,112.299003148656,89.9491497085175,73.4296928179805,489.544472545166,11.5737123869731,89.521293041198,97.6414590397721,72.2616804397686,43.7319272909123,7.45802754455305,7.39462525822742,2.89715174326289,6.8793189144398,5265.96002685824,72.873478651628,772.528456810555,7.09863017513567,1.0000354,1,75,
4325,111.873605381973,89.8548050470316,73.5800395820752,497.394841988905,11.707479958965,87.1361045484254,97.3641491605446,72.5467415418243,43.6940585746818,7.45926443653917,7.39488695017019,2.68191372068126,6.73488767295377,5208.42465176321,71.7940536138412,773.288741610245,7.09913162271739,1.0000354,1,75,
4326,109.445125967268,87.7132721187563,71.6505975350734,498.262007151592,11.7515858396341,86.3087163921968,97.2757672905442,72.4977600444548,43.6740927757199,7.46011831907116,7.39497249035171,2.29455780639341,6.39560722267229,5137.07830510681,70.8584417222934,761.032708416757,7.10042719768709,1.0000354,1,75,
4327,107.175668436444,86.1288088971944,70.5724344551402,517.479871152885,12.0048224540361,81.8599272489992,96.6954580178482,73.2365119769498,43.5160760480689,7.46562597183593,7.39643298004424,2.01372555916537,5.9893073530402,5025.85293755305,68.624963175948,763.648138216075,7.10322728411671,1.0000354,1,75,
4328,105.745227980899,85.2056331460315,70.0241934854775,513.685488333339,11.994237673637,81.3780747190085,96.6661514214338,74.0579115832068,43.2709518716796,7.46906903999187,7.39877120507988,1.72907836808172,5.56801786865957,4959.73137265245,66.9709861731655,762.844819540793,7.10726551434819,1.0000354,1,75,
4329,103.173845468662,83.3736726069758,68.7387622309469,510.251966382435,11.9870265909853,81.1596237747575,96.6637245002,74.9765595621131,43.0708914228286,7.47072835839343,7.40066654522455,1.42935414327366,5.05930339235256,4840.4898261113,64.5600418901761,749.112033700305,7.10977572133017,1.0000354,1,75,
4330,99.9188927538888,80.8047608936341,66.6769243012719,488.199834625443,11.7596163533747,83.8835066324561,97.0823222897497,75.7528879111365,42.9940137267192,7.47119239513981,7.40132221661946,1.16255256575753,4.54186112831819,4721.15863565448,62.3231505205812,743.537761210703,7.11073116003693,1.0000354,1,75,
4331,97.6345017498493,79.1427522876836,65.4749374678219,490.84648628979,11.8249583422068,83.3394829977391,97.0196109086476,76.9039751240912,43.0126670445102,7.47071409833163,7.40101152287703,0.946397340608227,4.16808398255744,4636.83467192805,60.2938231014212,731.776758903516,7.11006069367552,1.0000354,1,75,
4332,95.3622237177706,77.4511764903707,64.2125763657708,490.182712910328,11.8490565391315,83.1761390830414,97.015081642747,78.0540314812104,43.0605135392365,7.4709816669603,7.40040488071241,0.735966556934195,3.83553924801613,4558.38643977714,58.4003971771075,728.217235154775,7.10996983245766,1.0000354,1,75,
4333,92.3456452516434,74.8433924443633,61.9069447172433,486.048632168147,11.8307119803163,83.4648815471423,97.0773122882909,79.2464508361656,43.1319035399525,7.47179650160669,7.39956152911113,0.542265000581541,3.50952227610079,4522.39607115763,57.0674903852445,723.938321989134,7.1101172922127,1.0000354,1,75,
4334,88.8906606027026,71.8390920464949,59.2357587658198,497.872222540528,11.9994202623761,81.4097458981098,96.8084181672802,80.9563927037579,43.2636965328728,7.47298096471797,7.39811703493501,0.346272702957723,3.17607824910241,4501.01339691244,55.5979984605158,714.201615311999,7.11027813517432,1.0000354,1,75,
4335,86.5393964739364,70.1761272498783,58.0815369538353,518.070670341061,12.251172425059,78.2363627894933,96.3424628464898,83.4101843032222,43.4238557079388,7.4746947362839,7.3964030250359,0.148799388755736,2.82259714784021,4450.24558891159,53.353743623603,714.400577907292,7.11123493278764,1.0000354,1,75,
4336,90.2149951455926,74.8085309133708,63.421144306946,527.420216510318,12.3806039888301,77.3631334942489,96.2163367911622,89.9800367620309,43.6635718534179,7.47520766432116,7.39391712364579,-0.0567914380730352,2.63151746531006,4520.05758786946,50.2340046806559,732.299622123142,7.11392826000905,1.0000354,1,75,
4337,94.6837434166164,80.0825919572029,69.2904365306799,541.69490192553,12.562047722959,76.2407795254788,96.0274888666955,95.3643884955975,44.1920663006988,7.47442290757618,7.38861221691634,-0.278896641412027,2.49009691534028,4540.12861537062,47.6082181933166,747.550566313648,7.1155761858264,1.0000354,1,75,
4338,97.1696883174697,83.1042165985277,72.7079983714836,566.180253219308,12.8582600053637,73.8839965694034,95.5940903509747,99.3880429728604,44.8690276884797,7.47380250921282,7.38194388753635,-0.428501052737176,2.39614659236092,4558.09384672309,45.8615917003996,764.9152475357,7.11608525342078,1.0000354,1,75,
4339,97.411821620176,83.928642215898,73.9628139605622,581.591761516335,13.0491720796478,72.8841036193948,95.3867652099934,100.680403976085,45.7962619054754,7.47206380876854,7.37300561137909,-0.61154057373663,2.30327760022382,4426.2107065881,43.9629811938326,760.497796105772,7.11679210215885,1.0000354,1,75,
4340,95.7487906890162,82.44945646936,72.6195137852662,629.848049516865,13.6269997733046,67.0155683021749,94.0885743789122,100.69333483216,46.6239776685953,7.47539423519,7.3651791363674,-0.746281460039028,2.13040817174029,4366.41938375759,43.3635393150474,768.540007959463,7.11722826495427,1.0000354,1,75,
4341,88.8370227475639,75.467519439765,65.5857126470441,667.17879745809,14.0860890789455,61.7267646892338,92.6672989349358,95.6943115119215,47.5728937869744,7.48193000622706,7.35638864289768,-0.859216085700914,1.87427809399928,4171.53812330945,43.5923312201245,758.892719815384,7.12046973468001,1.0000354,1,75,
4342,76.7721752433595,63.5357191508782,53.7522516042615,728.568955801578,14.8521045693515,56.3127038278244,91.0384337874746,87.4749986406883,48.2773203824194,7.49926132513393,7.34995277657726,-0.940461487412804,1.43549502611927,3775.29149314966,43.1585201693688,728.699801050883,7.12708119513561,1.0000354,0.999819492394743,75,
4343,58.628539832566,45.2939960477788,35.4380289025014,882.577496867172,16.467220212587,50.1912804188813,89.3204171194395,73.2739290444389,48.8637688038675,7.54698826531537,7.34421538955849,-0.967921879911213,0.948952798570589,3185.82901326305,43.4783429087162,646.961144562888,7.14196067760708,1.0000354,0.950579495785358,75,
4344,57.9607588135901,45.3325400743277,35.9986392670469,795.887143400805,15.2864023453568,53.5025645859161,90.3836850208613,76.4476523745404,50.7985212563817,7.52161594059712,7.32551772799794,-1.11705620659349,0.68098182559153,3147.75607552827,41.1753137965108,635.415387554532,7.15642963231207,1.0000354,0.936205550655868,75,
4345,74.069002342842,63.1392615872782,55.0607575505572,1425.62353983742,24.6142633313664,55.2439285978594,93.0493509049738,109.279638745254,54.2162236432729,7.63006748222255,7.29331930316083,-1.39055830228391,0.493201061238085,3894.43028030017,35.6372909447353,639.508753218232,7.18469081727724,1.0000354,0.98752074380495,75,
4346,94.927728580346,85.1259075553574,77.8810833194963,1775.30913764436,30.5236773834333,81.3361721035177,98.300572948263,141.214475575354,51.6913891592634,7.72358000702874,7.30746219660594,-1.49728192533224,0.703719902462098,4513.16080229442,31.9596187565498,610.100977865802,7.26102097019815,1.0000354,1,75,
4347,65.2649347785238,52.293916578846,42.706642257345,537.960928141237,12.7070134893496,133.728164059073,100.209818395915,75.1114162729321,51.746181575941,7.46583034413831,7.29867686935485,-0.875860375610573,0.991076625506622,3176.69003988408,42.2930387617902,512.11002908795,7.2828483445942,1.0000354,0.999281022214282,75,
4347.63383502269,60.1744517665236,47.6736421764546,38.4339133490122,919.69511870104,17.431968824724,72.4762112477135,95.6788114144752,NaN,60.0617457940155,7.49218515331536,7.22878201859038,-1.00090695449974,0.694024919711976,3046.36349034346,40.7598861097643,527.331255052932,7.2115931726122,1.0000354,0.984301156208586,75,
