4320,114.887063938154,92.8006211322587,76.4758590583361,497.397685278481,11.5418228329515,89.3823973754839,97.585741464703,72.3692323556129,43.6680595659783,7.46050954459452,7.39636908805659,3.30742577342021,7.0603413943817,5211.64184740218,72.0146072821784,771.443428979716,7.09652218252094,1.0000354,1,0,
4321,113.240813059263,91.1777637186752,74.8702924669362,485.283458437414,11.4708120628315,91.2514426644997,97.8302029003418,71.5123708214066,43.7335805297059,7.4587422946994,7.39544406838281,3.10699024601461,7.01178653785626,5144.48060445052,71.938331023848,769.951367006748,7.09593530284316,1.0000354,1,150,
4322,112.074176590221,90.1417263235744,73.9307848221401,494.9494002882,11.6759608571011,87.6390349700086,97.4280460548039,71.6586573560729,43.7672867443751,7.45934505072199,7.39484468719841,2.79043069532222,6.85399971490165,5124.48990136942,71.51250233319,770.065614358666,7.09570861089442,1.0000354,1,150,
4323,108.35378705988,86.9420984392599,71.116067719671,500.430550936177,11.8206093856683,85.1506284709605,97.147138774409,71.3329439733345,43.7512069199373,7.46146633704997,7.39474577687368,2.16277514569876,6.33174687399606,4980.07506366484,69.8145174763357,760.572448057893,7.09727345381897,1.0000354,1,150,
4324,105.445595722775,84.6554753947471,69.288864717509,512.687668393034,12.0323102546095,81.3758919815162,96.6726645009681,72.2212414998017,43.5274402758783,7.46624968050288,7.39671621954354,1.7872484627686,5.88141842892829,4895.72228932727,67.78784451304,756.343729934439,7.10042266815309,1.0000354,1,150,
4325,103.918536201976,83.5486674526863,68.4926775075593,520.627186447346,12.1901880545441,78.7904744749994,96.3287248987312,73.4748496078817,43.2641164871103,7.46935391843908,7.39909543394438,1.38892712885951,5.46400373189696,4880.02175635606,66.4175807422486,762.824142142929,7.10421239465114,1.0000354,1,150,
4326,101.859246284178,81.9808883681761,67.2881890389575,521.423986686106,12.2722064294745,77.3199170859485,96.1609035570154,75.0739502794875,43.0926826232955,7.47322587365584,7.40056429322661,0.960057633059146,5.01975606702965,4865.91587207636,64.8149704919135,760.763850235307,7.10873602178521,1.0000354,1,150,
4327,97.4494335530168,78.4864976704856,64.4704146268756,541.253389710154,12.5718992960874,73.3727336394525,95.5282200495504,76.4949088690868,42.9474553613231,7.4778521765471,7.40177571329757,0.407085227473153,4.38078210598722,4729.69275926784,61.8301639833604,748.818321284811,7.11321014085928,1.0000354,1,150,
4328,81.167770034545,63.4535501533671,50.3604311107574,580.029327731504,13.1003962788849,66.7118655486451,94.2146568332435,77.0575834993184,43.0279459836502,7.48797854859668,7.40071009345961,-0.0857283751532587,3.12947088187898,4450.74014006893,57.7586259256144,715.700295459788,7.11920358138845,1.0000354,1,150,
4329,63.5643518320104,47.4468252163941,35.5338707613734,587.128333346353,13.0861705347917,62.963484574463,93.362430908809,75.6344968820206,43.3183493764782,7.49511772783303,7.3975594878766,-0.456412494698077,1.9310676225058,3974.78040441275,52.5524802605993,642.913497916394,7.12321648375093,1.0000354,0.977512745718366,150,
4330,43.7740426541533,28.6097909196644,17.4014309419988,400.59544822273,7.29795640736087,56.3164562103961,90.3014474328578,59.0168019906709,44.6375170295311,7.45137284401551,7.38430811694405,-0.52475898859206,1.14995328373378,2918.04160182811,49.4442515250044,433.638815840523,7.09807358984119,0.99704888977976,0.489767561246617,150,
4331,34.8809395820105,22.0044946984264,12.4871223931687,438.547075049164,6.93209766244653,54.1190460607751,88.6949111032135,83.2326362721283,49.9828442235008,7.42046117629675,7.33447153579157,-1.09319783429768,0.094677235434971,3494.49517713707,41.9846749262135,314.230015786442,7.05818171768853,0.872628571299564,0.394385749081256,150,
4331.10013601237,37.2287343136466,25.3595114218827,16.5866075453616,473.553410017257,7.20309442326595,51.7727804183689,87.3210050580109,NaN,50.2915698323985,7.41570795910748,7.33165953067533,-1.19910838368376,-0.0688599464674593,2790.84921355359,38.7005473360731,381.66927226465,7.05399382200029,0.960704641454262,0.377886925250409,150,
