4320,116.211788741734,93.722659218093,77.1002591354021,488.859476608753,11.4240555106173,89.9485741771521,97.6600854204039,72.5591579241687,44.6451944510924,7.46406700557813,7.40354336252311,3.46964697795152,7.20380676112383,5320.58886677746,73.327599423604,798.574350979913,7.08949295657361,1.0000354,1,0,
4321,117.769818604559,95.2319868740127,78.5735895079565,488.02536070591,11.4557890943849,89.4231244412121,97.6140739959149,72.8867274225511,44.6040299978261,7.46430542834117,7.40379797582087,3.41073012767676,7.19502982793936,5356.18297656471,73.4863968512806,805.03829071519,7.09014522511668,1.0000354,1,75,
4322,117.991653612266,95.5786780411836,79.0125656625575,489.281717659869,11.5116335471804,88.7239756813147,97.5420195986472,72.9960797518481,44.6086033077853,7.46400464945465,7.40361232537546,3.21443562755847,7.13501363350172,5334.50192858143,73.079293391045,809.525631926334,7.09089035440279,1.0000354,1,75,
4323,117.414278567162,95.2832219720781,78.925484488755,484.625442212447,11.4884613245375,89.0541729246385,97.5997264515672,73.1786703048385,44.6034131869326,7.46439585213257,7.40352220416797,2.98702177536102,7.00692389000459,5280.57827159032,72.1600740980008,806.671204398722,7.09173650468494,1.0000354,1,75,
4324,117.151619134058,95.3950467069264,79.3141018694812,491.049752260957,11.6072429270774,87.2451733443401,97.3924619172245,73.4906619593669,44.5845844181998,7.46521506474852,7.40356272238133,2.74996606170168,6.83585686906964,5213.35690681293,70.9390386182043,807.751223337585,7.09242955499152,1.0000354,1,75,
4325,117.679625424894,96.255553430203,80.4203697819533,492.896113040314,11.6646594286466,86.1717430835339,97.2770672483098,73.7036402525035,44.5297155872904,7.46681553724098,7.40395511675952,2.53707162094009,6.68456415243352,5148.56001075645,69.854894454573,812.330739609931,7.09399821868685,1.0000354,1,75,
4326,117.986921360747,97.1108493888707,81.6807092357445,495.907529395889,11.7348566762411,84.9519755281417,97.1386018021923,73.7381921064526,44.4644098254782,7.46849626939525,7.4044536791142,2.36354353929721,6.55400409206746,5019.21839071338,68.0680966990261,815.784734175794,7.09590430645014,1.0000354,1,75,
4327,117.834094447383,97.2267794480776,81.9952857529387,485.770968323791,11.6387999799381,86.1139838740366,97.3095934768594,73.8208787391353,44.4245241155319,7.46855321217192,7.40470719258864,2.1639701812236,6.4297282749984,4960.15721566837,67.1917931673008,811.957652567834,7.09787754886199,1.0000354,1,75,
4328,118.199476808278,97.9104814383137,82.9142674692099,491.712131083301,11.7450684330453,84.6290258353995,97.1337307900035,73.92951293007,44.4148417126266,7.46988945349509,7.40466844477766,1.95123912624038,6.28780966131815,4890.72461791322,66.1538866425288,817.970297609822,7.09870107843149,1.0000354,1,75,
4329,118.477273909735,98.5530501819036,83.8264500352458,496.624183881224,11.8352164858572,83.1986952708442,96.9637634412298,74.039942428846,44.3708720586783,7.47209729379469,7.40496723404875,1.73031784852178,6.13024044817311,4809.96929312696,64.9645196273544,818.621136184429,7.10070571739899,1.0000354,1,75,
4330,118.529393922218,99.0125458542634,84.5870494562099,494.319721333987,11.8367558016153,82.8719901018915,96.9453706321267,74.1490723432348,44.2923850825847,7.4739287543337,7.40560637614953,1.505759266814,5.96000014740976,4718.56807564525,63.6362388163547,816.235446272132,7.10305784521463,1.0000354,1,75,
4331,118.24378719103,99.1609311890598,85.0562115354295,500.756109179062,11.9408578248809,81.3565271052148,96.7520744034577,74.2638971644886,44.2528125404392,7.47576145134189,7.40586662014196,1.28059801592425,5.78086874317843,4620.78679993154,62.2211730916419,813.697840631655,7.10478223885903,1.0000354,1,75,
4332,117.594623572032,98.9526068395862,85.1737249069088,505.556066575986,12.0212121116797,79.9469456170414,96.5735804794858,74.4623520870845,44.1977847816365,7.47851951940816,7.40628099518171,1.05690320620745,5.59470581785681,4526.10334027954,60.7837815139953,816.52324080686,7.10735144654897,1.0000354,1,75,
4333,116.464088464018,97.920389255417,84.2141767968861,506.63606904731,12.0595486068008,79.2284960795758,96.4952453770974,74.7879931042596,44.2048055655764,7.48080174112942,7.40608881284169,0.838093790650833,5.40663521130634,4521.92208696512,60.4632093905936,811.414984049793,7.1100620309408,1.0000354,1,75,
4334,112.531741091888,94.4289743380902,81.0486684765873,552.727687514898,12.5986900183317,72.3657979395973,95.3281042363952,75.9322247005078,44.2110151211114,7.48716296605058,7.40590990880385,0.475182787790953,4.92692613819658,4481.93859020661,59.0255139749203,812.486184145764,7.11370853174949,1.0000354,1,75,
4335,107.858212864887,90.2897462341374,77.3043578548877,589.533420458195,13.0441114053776,66.7067946053251,94.1614467721399,78.2608046534698,44.0711924403977,7.49645806027821,7.40717434883528,0.253188808794349,4.38487325664932,4483.04386868943,57.2833858345803,810.992430106631,7.12169670797999,1.0000354,1,75,
4336,104.139122332254,87.2039978894751,74.6867319969863,605.701349844283,13.2572127112955,64.0610460501746,93.5367442660081,81.4193293336634,43.9525911067184,7.50111355879198,7.40824226746234,0.0574896745582527,3.89923914150815,4495.83883755047,55.2183231469046,811.526731196335,7.12881369352294,1.0000354,1,75,
4337,101.274016988493,84.9333188058209,72.8554114534108,619.003332700944,13.4366420005547,62.2688532853503,93.0499002519845,84.8913442843593,44.0890976501971,7.50233172016698,7.4068040222299,-0.109800731981351,3.50732330607354,4523.0234675291,53.2801489440241,804.941684615956,7.132433040278,1.0000354,1,75,
4338,100.068310852274,84.2281856179799,72.5202669665453,633.49207129676,13.6288128419231,60.529406281807,92.5166969335572,88.6094023459321,44.3842189109111,7.50226900244564,7.40382609755734,-0.272187788740221,3.23337496915484,4576.49761001282,51.6479909450932,808.098276871517,7.13388052617574,1.0000354,1,75,
4339,99.2064859644086,83.9049483584273,72.595116214876,651.778513630062,13.865195983762,58.919225863727,91.9749600068074,92.3162678121304,44.8607459421481,7.5017806952833,7.39911792479143,-0.427706887124541,3.01483762548539,4605.83243748749,49.891883052082,819.676740871811,7.13431004314857,1.0000354,1,75,
4340,99.2433219898897,84.3697743710366,73.3762826527539,712.237060247424,14.6114310433916,56.0821434575117,91.0032781430549,95.9758651534125,45.4329167134885,7.50661072544104,7.39355331512416,-0.605325108618452,2.77607934195006,4654.48275518066,48.4963875839068,823.620541516485,7.13536539318759,1.0000354,1,75,
4341,97.7754133176249,83.7559163866522,73.3936795246289,838.44501853755,16.2034881197478,52.2765564652369,89.7049556998365,100.172393751299,45.8969550504505,7.52370290551811,7.389088249516,-0.844866582954306,2.41430796022972,4579.04913319828,45.7116872395686,847.037027749109,7.14431913372389,1.0000354,1,75,
4342,82.910557114905,69.4896732699709,59.5698895584979,978.826016576722,18.0226721939217,48.3442122814424,88.8063957405772,91.641369575928,46.0783609885063,7.5701342310685,7.3872984325962,-1.00429227690772,1.7118318106617,4010.21364553684,43.7598615570039,785.899360999114,7.17209480571597,1.0000354,0.994093040552301,75,
4343,59.8319574300472,46.6308379204875,36.8734887177694,860.982848362066,16.0821710717918,49.5366721782413,89.6734934031122,75.209477411867,45.3652323058083,7.57900383956584,7.39347718985073,-1.00964593770616,0.906635436642527,3237.26428139517,43.0433024240689,670.124336553043,7.19394699436805,1.0000354,0.936030722587595,75,
4344,59.0104795828338,46.4616906818065,37.186498885395,778.453027494695,14.9293388945936,53.3323825933092,90.5887693800448,79.58299814793,48.1615144975302,7.53695150368912,7.36550106984099,-1.13813585088334,0.648455743824215,3256.24393428547,40.9163264775815,655.696125523177,7.18199331032615,1.0000354,0.917859689384063,75,
4345,78.7038021362515,68.28135401479,60.5778054032749,1500.39508549251,25.7789290383867,55.1555013084023,93.4366438442024,118.378006773803,52.1078657910173,7.65913601413277,7.32702370157182,-1.45250450527662,0.46534493951774,4022.86618767768,33.9832228748756,654.859699680298,7.20540440623681,1.0000354,0.985480892861158,75,
4346,99.3964468417951,89.6674463262467,82.4764459451892,1793.37025128714,30.862245137159,84.8726153718715,98.6126960692443,146.47370921718,49.9111028207839,7.73939218766282,7.33882642663002,-1.49917509063257,0.822712616900136,4646.46561527539,31.7221816809867,635.935237384332,7.28075199890742,1.0000354,1,75,
4347,63.5479844857243,50.6820203765454,41.1723947306305,583.643469132379,13.1755757101153,91.0750400526386,98.0173932500302,76.4561387505941,52.4814725665546,7.45262875137331,7.30879330556963,-0.944619325126305,0.847746636505974,3207.37336531676,41.9505015258417,540.204384134891,7.24917297886895,1.0000354,0.989252462968607,75,
4348,59.6534459059323,47.0032877611337,37.6531708715,1225.49496118873,21.8059780244927,58.7593273230097,93.0446312117632,76.0179198942834,70.3475420905626,7.55113180754063,7.17257066764885,-1.07964652258616,0.700302369346492,3135.49966142935,41.2468489770547,522.593869010618,7.17248800430566,1.0000354,0.986372301526593,75,
4349,57.4988485460734,45.0913743211848,35.9206325027889,1412.70351816856,24.8418911332189,53.7650213414239,92.3596575610629,76.7049823766202,74.7649571423606,7.60853982019163,7.13489401935364,-1.12460229093938,0.566497714279496,3103.14291802631,40.4555587118178,501.513566564536,7.18588382414497,1.0000354,0.988043676589029,75,
4350,58.780697548927,46.7669331468431,37.8871942409549,0,23.002938886122,71.2343339152198,89.3839782705788,77.2528175373942,87.8259741936778,7.0998012284657,7.05114218327193,-1.12024396506774,0.496532164939268,3026.134734023,39.1718364518963,540.047990254665,7.07502198992502,1.0000354,0.99948978204579,75,
4351,73.0348855958916,62.2945284196308,54.3560035502206,0,13.2456208197003,28.4840909961963,32.0022046644726,117.992933909715,122.989426658798,6.8977043531831,6.88890276642508,-1.44665624155897,0.372571409232472,4132.08784825503,35.0197906886253,1001.15483097258,6.8050965795275,0.881075622560961,0.468063899751606,75,
4352,38.0132184032732,35.4887360796463,33.6228143621829,0,0,13.8888009864153,9.63994400095775,202,104.044348195902,6.9827539100378,6.94230728155119,1.55711543371359,6.32676737693246,1662.71772029359,8.23127584303756,538.729909811314,6.59171343895532,0.175747777329504,0,75,
4353,4.54972743564199E-07,4.54972743564199E-07,4.54972743564199E-07,0,0,0.933176329583028,9.88049591903643,0,0.204109172909913,9.66667059194749,9.64889124254611,1.35003815502624,5.83158449554088,0,0,0,6.61073054437208,0,0,75,
4354,2.38921722925326E-13,2.38921722925326E-13,2.38921722925326E-13,0,0,0.12808634459007,10.2250186117668,0,0.00136602337498111,11.8411545085646,11.823484843915,1.14793989552074,5.81789777516153,0,0,0,6.61037587127777,0,0,75,
4355,0.00377893563975178,0.00377893563975178,0.00377893563975178,0,0,0.00531252807202161,0.745586057623025,0,9.19635025078467E-06,14.0133482060863,13.9956792755783,0.111024322977467,5.79942381740769,0,0,0.0653601605191242,6.60907151291499,0,0,75,
4356,0.00722451393552103,0.00722451393552103,0.00722451393552103,0,0,0.00013254550895181,0.0153969173608229,0,6.19080316623425E-08,16.1856126822948,16.1679437567292,0.171969878139274,5.79017002428237,0,0,0.12544970414051,6.60749526335425,0,0,75,
4357,0.000167694443554974,0.000167694443554974,0.000167694443554974,0,0,0.000130687884455187,1.46264885997515,0,4.17006325155408E-10,18.3573489794286,18.3396800538961,0.00488314815009305,5.78090120182111,0,0,0.00292323025480695,6.60608486002551,0,0,75,
4358,0.0044114012316331,0.0044114012316331,0.0044114012316331,0,0,2.11039982891412E-05,2.18379287376978,0,2.80774281907443E-12,20.5294472044097,20.5117782788775,0.133268134561936,5.7855207857428,0,0,0.0771880277652188,6.60450925355088,0,0,75,
4359,0.00379459073597326,0.00379459073597326,0.00379459073597326,0,0,4.25893301586152E-06,5.31140964563884,0,1.89019951994059E-14,22.7016741482286,22.6840052226964,0.118792926203229,5.78805724678631,0,0,0.0666380081834982,6.6029781307494,0,0,75,
4360,0.00133019753769181,0.00133019753769181,0.00133019753769181,0,0,3.72029677378677E-07,2.01323832187198,0,1.27242728400592E-16,24.8739510901472,24.856282164615,0.0390985999130451,5.78685212603553,0,0,0.02344334863135,6.60145514667281,0,0,75,
