4320,119.144373852685,97.4139299282209,81.3522974623129,498.100373499466,11.5260073428321,90.9963378846385,97.7616298068727,73.2859089020644,43.9446838101818,7.45886466242295,7.39394488259128,3.2172816238315,7.22430834373566,5192.58839723911,70.8538445525486,764.907427930421,7.05971696921282,1.0000354,1,0,
4321,120.43262305528,98.6638196002023,82.5738344377535,498.626326693211,11.5744892446013,90.2556413117833,97.6881731462895,73.777967441676,43.9370580298544,7.45862765250579,7.39388460074452,3.13533006255229,7.20671762511731,5236.68036468069,70.9789188597594,778.323973314271,7.06021539607737,1.0000354,1,75,
4322,120.323884566037,98.678673390781,82.6800390438523,499.130150316523,11.619532983127,89.398197364266,97.60026550045,73.5303631420534,43.9725479871403,7.4587842735562,7.39340433368003,3.01430865709633,7.1724924865683,5189.47423110035,70.5759363798435,779.018441054666,7.06124372997742,1.0000354,1,75,
4323,119.492034305885,98.0076681234005,82.1279192059121,495.063903212543,11.6048163931345,89.8891345323552,97.6706238158033,73.567032183227,43.9724858200217,7.45815093347431,7.39327945286629,2.84040575121527,7.10577905343552,5153.48010601478,70.0514884599322,776.098691592091,7.06151332894534,1.0000354,1,75,
4324,118.73441598428,97.4615577707923,81.7381408303882,494.679621762886,11.6350235357716,89.3193183983466,97.6177840395545,73.8472738821247,43.9769928642117,7.45855296113181,7.3931126364675,2.63541894944147,7.00272310849158,5122.18352415001,69.3618498676885,774.324182673511,7.06161753190996,1.0000354,1,75,
4325,118.77832670448,97.5546950402686,81.867662940634,503.362369178538,11.7758745735729,86.995466246926,97.3409927887477,74.3036844924625,43.9204589498803,7.45889881496798,7.39355175199934,2.41139971901315,6.86089364939887,5141.91474037373,69.2013427799174,776.305580152266,7.06205954446824,1.0000354,1,75,
4326,118.591367547359,97.7547703790855,82.3538072547097,510.55926926859,11.8923789593413,84.827442781146,97.0812767233277,74.8372216239088,43.8958709168046,7.46171750363645,7.3936786047406,2.17553903791332,6.68197510624769,5084.39488373168,67.939385955335,774.397550446898,7.06366002519055,1.0000354,1,75,
4327,118.11839484137,97.6850160494495,82.5820838988996,512.651109160395,11.94620870891,83.7577637276443,96.9574448672119,75.456798352884,43.7981541524042,7.46342692803892,7.39453130938974,1.93381062107708,6.48453110829971,5027.28355748396,66.6246602986412,777.996393166962,7.06560243795884,1.0000354,1,75,
4328,117.663915263335,97.515216384639,82.622699822125,512.253588174686,11.9710490374131,83.3046442897782,96.9122660600178,75.9256993631337,43.726305617674,7.46399095300298,7.39513001474551,1.76369926704393,6.34541378948838,4988.04805773783,65.6964387496945,771.835948014385,7.06765000671882,1.0000354,1,75,
4329,117.604389940909,97.8847840898279,83.3094232433768,521.697072388429,12.1009656797723,81.1848094913139,96.6223878825437,76.895276462491,43.601658649117,7.46564842568644,7.39625661732344,1.4092146989543,6.03377773680521,4944.1622526149,64.2973467300899,782.546663471272,7.06881358956608,1.0000354,1,75,
4330,116.82706400752,97.6536141962059,83.4819339008867,530.040942409301,12.2202357683948,79.1465793020753,96.3446631490701,77.6969413100339,43.568619182568,7.46959862350926,7.39647356316331,1.18791033294442,5.7853125680171,4857.34560419614,62.5165614282535,782.055648097781,7.07224337122168,1.0000354,1,75,
4331,116.340838308577,97.6860762961135,83.8977739390755,532.356648152421,12.2748692665441,78.0620596045017,96.2025301813398,78.6912606239461,43.3385649640015,7.4721068271755,7.39866017087774,0.88742838364177,5.45478003511507,4786.42256565664,60.8253385154198,782.34854184752,7.07543517454109,1.0000354,1,75,
4332,115.002131222333,96.7981712826837,83.3430704577256,530.959982165344,12.2890977292204,77.4462094012797,96.1504503984675,79.6832918771096,43.2482542205465,7.47600079044542,7.39945323442301,0.6405122429676,5.1401501189422,4729.63863679347,59.3554624235114,773.415782371997,7.07932328488537,1.0000354,1,75,
4333,114.124970266717,96.6633854811165,83.756996726542,539.492024538032,12.4133689690234,75.5323693784453,95.861221006751,80.6927095170127,43.0641229265322,7.47950653132044,7.40119270970461,0.425566000629801,4.84873753115128,4594.23046421362,56.9348890589056,775.801481178193,7.08271668773623,1.0000354,1,75,
4334,113.148513726285,96.1715008629854,83.6232739640249,543.677297509722,12.4904793022209,74.2765048867088,95.6786444077992,81.7190177206578,42.9177750561656,7.4827792609409,7.40255744405236,0.216802796691293,4.58072086417411,4523.54835482837,55.3549036809439,773.688800405332,7.08641426475197,1.0000354,1,75,
4335,111.684331489322,95.2373672437435,83.0809154100553,551.026081623596,12.6038952461245,72.6872788014431,95.4215573826274,82.7894232913693,42.8122892619576,7.48600867823614,7.40351337329199,0.0134442253888842,4.31661784855223,4439.71842584016,53.6266379126112,768.514146921598,7.08974317119378,1.0000354,1,75,
4336,106.979782797382,90.8367905493248,78.905013670326,568.357236174821,12.8310772290051,70.0798417443587,94.922844286589,84.4139187656264,42.8420155865404,7.48883457487692,7.40310189695822,-0.262617165758462,3.83493445851714,4443.16991730642,52.635512985042,762.6845139832,7.09295287011332,1.0000354,1,75,
4337,98.6752723256387,83.422483065799,72.1486823085261,601.968148499908,13.2484448386176,64.9016747754475,93.783630963339,88.0639917681743,42.819686491581,7.49776430813104,7.40322691460293,-0.481223851837965,3.05463519982599,4379.6807946289,49.73293518375,760.393701591628,7.09893678804435,1.0000354,1,75,
4338,94.5364506625981,80.0143967868377,69.2807047917105,604.019729011955,13.3007333881706,64.5399307254695,93.7293706265774,92.9899425722889,42.8481315951677,7.49913375436269,7.40285004035363,-0.638221616019383,2.5733914276655,4403.10299981269,47.3503142169358,743.943089387531,7.10295578034043,1.0000354,1,75,
4339,89.7692812397313,75.9227053121914,65.6882796266184,608.600156012298,13.3790893800402,64.2794839763354,93.6760569824808,96.9450829296974,43.2202620237805,7.49885236987488,7.39901883168771,-0.840268790702563,2.09172676940589,4376.86347040873,45.1478645243177,727.791641551606,7.10342322527338,1.0000354,1,75,
4340,66.5603017999187,52.5544750602907,42.2023422527396,596.259491427758,13.2084653253536,64.8530108506593,93.8869066325314,78.6342806311991,44.3215775032342,7.50112331726104,7.38802917642939,-0.864197896267716,1.36217788701672,3591.00069650525,45.6671144910363,637.89067554474,7.10007797277155,1.0000354,0.993674152834988,75,
4341,50.1628426528761,36.4724762064033,26.3535097024886,577.041925430432,11.6120299261008,57.3208123464025,91.4059102474491,71.9335131247314,45.0226359768673,7.49590869858643,7.38115686183917,-0.856618506937598,0.789452392095732,3211.00635986015,44.6385310598181,529.264587999083,7.08467550711565,1.0000354,0.815351706633028,75,
4342,48.9993609782193,35.7077975200484,25.88359844227,648.267662091248,12.0367263757831,53.2918390656024,89.7034240274927,73.3951103877996,46.9239671742231,7.49457579096647,7.36303098832244,-0.981766640220453,0.630176164048904,3180.8121291798,43.3382021278156,524.894473003901,7.07200351075114,1.0000354,0.754038502256362,75,
4343,47.7140765493467,34.9424678854534,25.5025832208365,753.888062621329,13.3512664768209,50.0615216029539,88.3289580955734,75.6424769468888,49.6877745757989,7.50382994992293,7.33745583063683,-1.14121818688145,0.429873193707506,3149.96817554638,41.6428480754019,517.125088739288,7.06789219347827,1.0000354,0.746531234347283,75,
4344,48.8209998402314,36.5640235888257,27.504519403004,867.581091084134,15.1009430481276,50.1720711572787,88.3680812137171,82.1334869831726,53.3373173668298,7.50075904606781,7.30489459696695,-1.26993537868665,0.244489745800256,3282.4523289933,39.9648480730619,537.797685299792,7.06744349519751,1.0000354,0.775357219193038,75,
4345,61.7029517434716,50.9055630670569,42.9248844801417,1358.36145567503,23.5894124635639,57.1556135954913,93.2902512789505,115.19812528425,55.7805459108108,7.60233322425166,7.28193610887684,-1.42673737401634,0.0710930915076511,4055.63598922046,35.2057464408664,573.223695093898,7.10767802120644,1.0000354,0.963435702568453,75,
4346,76.8145184586244,66.5578959015066,58.976914011463,1654.28480989653,28.7026689001246,74.4820037271037,97.4022037647284,139.158917555651,54.6298956350799,7.67361512947758,7.28551583147099,-1.47988381669136,0.23145530471702,4653.82702718629,33.442535404353,551.350844757038,7.17721339323796,1.0000354,0.99792934574842,75,
4347,85.9687329109701,75.7350229973039,68.1709765393766,1780.91444134665,30.9705189276008,77.717932655211,97.9099537055797,149.469376972814,51.5089710711689,7.70121209909942,7.30392921332646,-1.45942181668872,0.486490205229535,4987.46829827897,33.3678269040093,565.335871393695,7.23244948182228,1.0000354,0.99971846501604,75,
4348,90.5055284949754,80.2653295279382,72.6964868131715,1816.6363097551,31.6724041682796,80.2703845072064,98.2201235131072,153.496777186814,48.6833179932878,7.71702976708627,7.31994092962137,-1.43350315224233,0.635436776093437,5125.10158793342,33.3889849797687,575.746300142126,7.27155600998906,1.0000354,0.999764372414586,75,
4349,93.2635914612101,82.9046785561423,75.2480907567443,1816.85320538948,31.7340133977248,79.9716794003646,98.2134339485685,153.884654930113,46.4875182546941,7.71918222321483,7.33046619915362,-1.42366514220066,0.749236703626277,5197.61752841916,33.7760612374227,586.758438803954,7.29572365245774,1.0000354,0.999765175388664,75,
4350,93.7469835058524,83.3652922020206,75.6918681948405,1841.00867807861,32.2121537117405,70.6838583601817,97.3246370172764,153.123925323902,44.3890353557594,7.72521999401056,7.34039066399962,-1.44601100217797,0.755770159668492,5183.29571276617,33.8503320222622,594.833071618963,7.31116205877384,1.0000354,0.999648390566842,75,
4351,93.2713855890511,82.9348667685597,75.2948311186313,1830.9167248686,32.0718137166418,67.503569010838,96.9869293820361,152.429077591067,42.024718479595,7.73334991014578,7.35379892259844,-1.46054478206962,0.74468941489943,5137.32383875665,33.7030435396252,609.859983794201,7.32536270130521,1.0000354,0.998408817431674,75,
4352,93.3361799995829,83.047868067699,75.4434635963065,1818.21554122492,31.8881507526451,67.2262693780211,96.9740033585141,152.56583703412,40.0754445998039,7.73460637938702,7.36395691655083,-1.46949668026521,0.730862127395036,5117.95238335751,33.5458611367427,618.844697106273,7.33716336369448,1.0000354,0.997295875553902,75,
4353,94.108409683707,84.0129908025122,76.5511594555422,1828.04457089643,32.1169836033656,63.3916482235842,96.4780965286988,152.821794017345,38.6749758497314,7.74166675382665,7.36876115126717,-1.51433655134095,0.717226378498081,5030.42245761125,32.9169179694377,638.406314530114,7.34577025613029,1.0000354,0.997263603980937,75,
4354,95.6301549314558,85.5093018345277,78.0286712846244,1791.94522333926,31.5157408340488,69.9247845217456,97.4332467411019,153.493090206005,37.0634270242264,7.74841904672759,7.37653784948047,-1.46894239780832,0.761037437564377,5065.24868532702,32.999848257201,634.578897343509,7.35882991720373,1.0000354,0.996232066516789,75,
4355,98.5864446762952,88.2984147782073,80.6942187665772,1729.36819312628,30.4655686058053,77.0593674214039,98.0871691424038,150.958475120806,36.0218206956752,7.73397719192909,7.37799915644258,-1.43363720430448,0.909050287107482,5063.89322335837,33.5449415430696,636.04194572059,7.36260702245382,1.0000354,0.99843694293142,75,
4356,98.0719136837613,87.7312576480256,80.0881640563948,1709.53498834682,30.1396106256646,74.1272951792899,97.7982161697813,148.02182397646,35.3759352444075,7.72906073352792,7.37500238106683,-1.43888996790618,0.939183824314693,4990.78275126491,33.7165332597077,634.546907719073,7.35927070548496,1.0000354,0.998721338077239,75,
4357,98.3029581857843,88.0136958602515,80.4085889239881,1766.77020703523,31.1653790015018,65.080846483475,96.7691188189298,149.155176380978,34.5981028406141,7.73758780639133,7.37401307780575,-1.46024466141764,0.921505828469642,5004.00104187152,33.5489599709909,648.841429284982,7.35981236839977,1.0000354,0.998102443148593,75,
4358,99.8963502902791,89.8707596152178,82.4605404206071,1789.69285215485,31.6117106913521,66.7918565012376,97.1126345970088,151.970861416445,33.875536887679,7.75040525412616,7.37252557150931,-1.47545034194412,0.928978367101347,4967.81158759381,32.6892375373234,662.462211952694,7.36704854529781,1.0000354,0.997903555120061,75,
4359,103.067188878959,92.899071674212,85.383506783747,1752.33525988967,30.9957749581422,74.0565857560477,97.8797160814869,151.475745923508,33.1869299611193,7.74017847533021,7.37062612575945,-1.44037635710773,1.06962964729623,5022.02031359762,33.1539566481729,658.28002984294,7.37212772517377,1.0000354,0.999547217848403,75,
4360,102.977712952056,92.8131481855963,85.300209010387,1743.98014498015,30.8736105792354,69.0436549404944,97.3211414830302,148.613380572583,32.8840223667101,7.73499330147467,7.36382750120855,-1.4782748627685,1.08269609354446,4925.40018683601,33.1423736399726,651.214240254261,7.36946150428393,1.0000354,0.999940304619548,75,
