4320,114.857178521222,92.8455542680431,76.5760928635196,500.247630625164,11.5617657659659,90.4303065708344,97.692348332227,72.2474784115149,43.5804316355383,7.45713730257472,7.39173390592537,3.26433222517601,7.04426459462942,5185.24887856042,71.7706554272486,762.279267126324,7.08390860115625,1.0000354,1,0,
4321,114.419149680384,92.4432024982788,76.2001111028101,495.020699900817,11.5165090880268,91.6229802236814,97.8373387237104,72.116867894249,43.5843480433822,7.45661401941056,7.39162727137387,3.23559620660769,7.04090854721076,5167.48566987744,71.6543274931873,761.621379566351,7.08384511015529,1.0000354,1,37.5,
4322,114.910523664718,92.7915514191487,76.4427458463363,500.335715884886,11.6032516171885,89.7629462878264,97.62430555791,72.1746524473788,43.5678004972925,7.45659766944592,7.39172761046574,3.15442320605876,7.00863847879557,5205.28444403894,72.1206721131635,767.788302684053,7.08367149676226,1.0000354,1,37.5,
4323,114.593688456196,92.6406453768193,76.4144831007579,498.458738517327,11.5978048969174,89.7320952076221,97.6306183746149,72.230450132459,43.572801692298,7.45713327574976,7.39161585088784,3.04576316449649,6.94312842228821,5170.23011161569,71.5796468405544,765.232759011221,7.0844643414884,1.0000354,1,37.5,
4324,113.332621719848,91.6379913040591,75.6028296923892,498.010627781584,11.6093418606854,89.4076161620808,97.6003308662332,72.2433725643374,43.579694696814,7.45758954445258,7.39148688430817,2.90613291492734,6.83932821868473,5110.28462874877,70.7370717528134,756.466951472461,7.0847491240559,1.0000354,1,37.5,
4325,112.758435514392,91.2159612078418,75.2932628073482,503.117814802613,11.6892854581812,87.7386034233127,97.4052109749451,72.2597533596456,43.5620282935182,7.45896033215006,7.39160423997108,2.7551461820432,6.68623753165549,5075.59405732834,70.2409546302558,753.542146229755,7.0848852142371,1.0000354,1,37.5,
4326,112.195270279296,90.7166711508374,74.841184838498,510.980924114188,11.7997796312462,85.7487666669797,97.1566928962521,72.589928292768,43.452522178955,7.46047105916599,7.39263958165899,2.637769605184,6.53686613012542,5083.66754749969,70.0326845205902,757.020460624479,7.08593504527149,1.0000354,1,37.5,
4327,110.625529893591,89.4819348689382,73.8540602854993,505.389564007586,11.7480043588258,86.1970655259236,97.229989969459,72.6247068598374,43.3646989124287,7.46123815299886,7.39346125889861,2.48021147049171,6.31141293862714,5006.77466584934,68.9403769369038,749.933025822248,7.08751640665904,1.0000354,1,37.5,
4328,110.332621198412,89.216723947514,73.6093216316332,503.695766534691,11.7423076847996,86.2202082160271,97.2407468949683,73.2541604889649,43.2663690465696,7.46134081411129,7.39439040748126,2.3792028187149,6.17329415151224,5043.5537945329,68.8500661377816,754.550980691941,7.08844309914715,1.0000354,1,37.5,
4329,109.276505520352,88.5867321561945,73.2942909739915,496.160635831984,11.6637890194661,87.2894191349505,97.3903346437069,73.543117916371,43.2790288021931,7.46169457900307,7.39420763708215,2.23553130267123,5.98685861879745,4961.26692293297,67.4606552386674,747.978599976587,7.0889890769372,1.0000354,1,37.5,
4330,108.222632047506,87.7937790100953,72.6941919824436,502.537010099944,11.7567055538236,85.7284182099931,97.2010006040844,73.6061252694916,43.3006941169757,7.4633846533087,7.39393433284168,2.09364566095717,5.79811156076623,4902.89691705827,66.6099037153153,752.107927508489,7.08898603569622,1.0000354,1,37.5,
4331,107.720795424303,87.4261360926362,72.4257357170562,496.987005932004,11.7025175526062,86.5111273695807,97.3093690317094,74.1955983202856,43.2243348820632,7.46295794368044,7.39464399765896,1.97585641706743,5.62679368564531,4909.69743002216,66.1723544411368,747.133280522922,7.08973351698105,1.0000354,1,37.5,
4332,106.851670025772,86.7939675896717,71.968709267337,497.915458457174,11.7277944076317,86.1607601673195,97.2709506064124,74.5122396074946,43.2206195324883,7.46320844756023,7.39462353068799,1.8415545335329,5.43488687837711,4873.08091796617,65.3997375952718,743.405514647991,7.08949423617373,1.0000354,1,37.5,
4333,106.150955948156,86.294093512359,71.6172821467702,498.734929661823,11.75141863357,85.8440012409347,97.2361235182923,74.9689953285181,43.1982273978941,7.46337972429981,7.39478948632709,1.71971928103883,5.25847051480126,4853.85881357704,64.7448827652974,740.688634825379,7.08932128763075,1.0000354,1,37.5,
4334,104.910810068176,85.4027910054852,70.9838203939311,493.101968553582,11.694997377065,86.671849956873,97.3518440020892,75.5026797794066,43.2091269930719,7.46342892599704,7.39461960358324,1.59626058884452,5.10152190822566,4802.53301507788,63.60745114093,740.934705006358,7.08992919891911,1.0000354,1,37.5,
4335,104.153879291156,84.8732560876055,70.6223606762854,490.620239983328,11.6770886059902,86.9072034963265,97.3897930978759,75.8826870327777,43.2065700294813,7.46369295264488,7.39458402526628,1.46920166986316,4.92525034533607,4770.44167201831,62.8660088164472,736.07415389894,7.09030236496938,1.0000354,1,37.5,
4336,103.173128707741,84.1217308547459,70.0402628764454,488.753863577867,11.6667123215365,87.1039775789928,97.4206937157253,76.2228181969494,43.2104914356327,7.46367702571203,7.39448266659665,1.34523938446741,4.75301731942782,4734.85485272868,62.1186012893733,731.612337754356,7.08998677835453,1.0000354,1,37.5,
4337,103.105377822176,84.2212247894263,70.263372547829,496.588848032786,11.7775392229688,85.3810829650792,97.2112863010161,76.8543968142663,43.2084707916196,7.46529039564944,7.3944407025971,1.23256713622771,4.59530756030667,4732.17777245278,61.5732862218543,742.603981590011,7.09028976248856,1.0000354,1,37.5,
4338,103.061584729796,84.4885846351683,70.7607150000085,490.521405417183,11.7150981487088,86.3826459757921,97.3443779495645,77.5170098376525,43.160174955404,7.46446318292256,7.39486405904471,1.11064169728399,4.45697058075359,4694.33300750186,60.5587472650637,743.457737719765,7.09117244222525,1.0000354,1,37.5,
4339,104.087948250874,85.8909573698025,72.4410075881405,500.620682179393,11.850811314493,84.6354575535411,97.1213941656646,79.2149043917917,43.1203545101752,7.46518401563142,7.39520340848252,1.02220903446319,4.3591670757533,4700.03726719114,59.3327392525157,755.956710921954,7.09162228673209,1.0000354,1,37.5,
4340,107.994793643492,90.3281460026006,77.2701890506375,485.926360129291,11.6808814388025,87.275098324619,97.4727813629944,80.9476416583992,43.1268595919001,7.46514508878526,7.39507842743505,0.893695174289493,4.33367866397646,4662.86851597484,57.6035128441696,757.385964059685,7.09368569001073,1.0000354,1,37.5,
4341,109.841075676965,92.69296772944,80.0182792464868,494.18293827534,11.7943101293435,86.3330594665869,97.3506713203658,81.5804903976375,43.2804465856662,7.46399022198479,7.39347719552666,0.802538607402929,4.31435251742892,4561.39142786656,55.9127728410744,768.496389152814,7.09388387350558,1.0000354,1,37.5,
4342,111.231086252275,94.3454859148967,81.8648247959645,478.626120092759,11.6064274909874,89.9170998264512,97.7875378688014,81.1860195102398,43.5104687804071,7.46350967281762,7.39111948204654,0.708853400335325,4.32722727160476,4469.84616164861,55.0568458536736,770.164294023161,7.09499225408843,1.0000354,1,37.5,
4343,112.724080146431,96.1240039415804,83.8543823988648,493.263939550107,11.8010881920916,86.9041604481758,97.4302553717802,81.1829603206681,43.5672309675752,7.46367373110338,7.3904988216331,0.643275237407743,4.32329343186977,4394.09849132742,54.125871660395,779.716912191034,7.09436922960664,1.0000354,1,37.5,
4344,113.061135466321,96.4836998529562,84.2308126604691,487.308995724225,11.7355524858141,88.2704053778992,97.6017969804902,80.5592101564236,43.7443020962453,7.46353354661466,7.3886841439316,0.566391265693078,4.32561313455204,4354.39047202508,54.0520502071714,771.46001865425,7.09551503948327,1.0000354,1,37.5,
4345,113.058788234494,96.5524017541089,84.3520291381718,487.599198489035,11.7471317773736,88.3150526463656,97.6113657444185,80.2021065343669,43.87885389009,7.46367327323561,7.38729832663136,0.517332144275183,4.31442856706415,4316.50855992834,53.8203888457556,774.077421320529,7.09542902365522,1.0000354,1,37.5,
4346,112.209452521309,95.8546382633598,83.766297290093,494.6228660259,11.8407540913723,86.9934757874543,97.4539088059121,79.6266460131827,44.073157297096,7.46392638943144,7.38532851137434,0.432007154161818,4.28337870393562,4246.18450237585,53.3261755326586,770.006856883662,7.09533896479573,1.0000354,1,37.5,
4347,110.566083257439,94.2219962750936,82.1415841577077,511.110974611411,12.0344206204575,83.8650977219924,97.0496186189335,79.3307846215477,44.2318786443177,7.46500319053921,7.38371702874977,0.336064608089724,4.21205351205973,4227.63258213599,53.29119839548,767.974193192962,7.09496800507244,1.0000354,1,37.5,
4348,109.013410808666,92.4908592768825,80.2785385794769,531.381043607337,12.2610034215954,80.0815011265878,96.522268697919,79.7399832001198,44.3173010400426,7.46956196191198,7.38283001772211,0.254128572877518,4.10625160086178,4295.8397926532,53.8730962843587,768.867731751291,7.09674612157571,1.0000354,1,37.5,
4349,107.984532684783,91.7590451787029,79.7662935437739,551.71293560028,12.4898252761408,76.7492377847209,95.999276089388,80.7089614617962,44.2504043183809,7.47376825632128,7.38343882226203,0.188809368364902,3.99769247267268,4269.86687632148,52.904495349536,763.891833459566,7.10044843084885,1.0000354,1,37.5,
4350,107.613831201331,91.4841697916522,79.5622461410202,567.924228369796,12.6740883677377,74.2965487539023,95.5734034598617,81.8063309501235,44.1641598652564,7.47689379567138,7.38424127397565,0.108181989309766,3.88068732473659,4302.3623796402,52.5920467239058,777.000389923389,7.10363814837625,1.0000354,1,37.5,
4351,106.682142463112,90.619209431875,78.7466067566129,567.716029501005,12.6759592897844,74.2807907736884,95.5827311134742,82.9583298868039,44.183244420317,7.47777656605681,7.38401116983529,0.0155765110063144,3.76705036123531,4344.89885250618,52.3744735270679,770.028151246102,7.10691696394696,1.0000354,1,37.5,
4352,106.54005735273,90.7544532184022,79.0868327712906,583.527812047717,12.8554860096296,72.1925733779552,95.1821666262087,84.1398391719966,44.2176607491847,7.47984442983191,7.3836334635835,-0.0524765908186215,3.66247701620111,4330.69607945712,51.4702205527683,767.755996612144,7.10829358714744,1.0000354,1,37.5,
4353,105.716220839867,90.1986337163364,78.729112798944,590.050537541978,12.9309589394097,71.5087776569065,95.0434228370645,85.2469565327538,44.3561309996805,7.48034973038713,7.38223841474081,-0.132679210605752,3.56208419531868,4313.18312081728,50.596329725391,768.477215282549,7.11020927872274,1.0000354,1,37.5,
4354,105.461155036609,90.0471806500599,78.6542430600017,602.854105248389,13.0765457079298,70.0112901080341,94.7185855278018,86.3925315120628,44.4456159212071,7.48113872592569,7.3813287104723,-0.216037383374738,3.45068313927965,4341.95836573569,50.2584921374764,777.174220480448,7.11087169773034,1.0000354,1,37.5,
4355,104.525624696222,89.4211648097753,78.2569988067494,609.938478329357,13.1575252423388,69.2276255671879,94.5535336242313,87.5493251009364,44.6431891759951,7.48256670730882,7.3793703511342,-0.302951179399411,3.33875610146465,4311.74257733261,49.2492954384465,768.227191629964,7.11221099276058,1.0000354,1,37.5,
4356,104.211804491537,89.2328552331783,78.161457955261,626.511562133517,13.3458003734782,67.2564635980807,94.0790673686584,88.8022031402966,44.73068130706,7.48364674175925,7.37849062129484,-0.387835235932492,3.2150881609463,4337.10475466118,48.840058031095,777.23626936238,7.11316267196035,1.0000354,1,37.5,
4357,103.233628939185,88.5975004454141,77.7794924282791,635.744968046483,13.4509819501528,66.1938619770862,93.8213758559534,90.1182025679772,44.9228481492682,7.4852864159168,7.37660142467321,-0.474218998958392,3.0923424858821,4300.64461827513,47.7222636018634,776.795004895047,7.11533957750129,1.0000354,1,37.5,
4358,102.658725598873,88.3007242965616,77.6882885513751,650.207557512169,13.6159668166573,64.2999331816456,93.330318968198,91.570551146427,45.0497190627702,7.48810046838745,7.37535138848572,-0.582904672293984,2.92077420931311,4286.91268748175,46.8154077245501,783.740024907633,7.1169664509077,1.0000354,1,37.5,
4359,99.8196163020981,86.080952243214,75.9262875040388,663.346376900505,13.7666752231787,62.4950121585311,92.8423150998017,93.4733172603917,45.2488844089954,7.49190711437035,7.37341258162659,-0.708454293062133,2.60301469946276,4187.23158695169,44.7960092748948,783.020555402477,7.11998188910154,1.0000354,1,37.5,
4360,100.060111748827,86.6170223442096,76.6808258277535,667.219757623511,13.8112594565326,61.9171982266484,92.6784300178051,95.5184143060319,45.1446440298266,7.4930920970377,7.37439326558391,-0.788661278926858,2.42499504600009,4186.78840567481,43.8322645543585,782.952508397568,7.12207497177265,1.0000354,1,37.5,
