4320,127.024037289346,106.226089579388,90.8536934459401,520.239212893411,11.7979271786668,91.0685037303657,97.7427567076531,76.4459045615979,41.7979637604934,7.44884341293184,7.37753312749518,2.9726127914246,7.39071087173478,5184.0541293742,67.8133663157461,759.861321624867,7.0889611755221,1.0000354,1,0,
4321,128.965537218359,108.664027056611,93.6585630240145,511.600412546195,11.7762576306065,93.2852695383483,98.0180679815444,76.7953352113445,41.9273580257108,7.44770562068614,7.37594253651851,2.77670749947421,7.40567282437072,5083.44357046703,66.1946921186964,767.336632915766,7.08962801939756,1.0000354,1,150,
4322,127.155378191063,106.724769061658,91.6238840529674,515.464139268513,11.8955834025898,89.9297435369617,97.6560037324976,76.6426152489804,41.9631479600983,7.44668894024325,7.37533119469518,2.42551335967192,7.26716754588652,5105.59606848331,66.6156295932404,762.384461006102,7.08869196427093,1.0000354,1,150,
4323,125.701349922139,105.761452811793,91.0232679911031,526.439238645,12.0823490103974,85.6113811355924,97.1430417472224,77.1850006502605,41.9388008496958,7.44872110542418,7.375349435527,1.99380596719942,6.95564747156759,5018.23097611463,65.0156239403711,772.710169841527,7.08995734003635,1.0000354,1,150,
4324,123.921570699596,104.664732788837,90.4314178113196,537.418733663209,12.2686422974009,82.1187638729422,96.6982894722302,78.1368813153555,41.8774657035381,7.45241548427366,7.37575643109404,1.53435836007279,6.52962427633431,4906.09405422874,62.7884549733698,771.571110471438,7.09258391421882,1.0000354,1,150,
4325,122.237705779641,103.578665027401,89.7872001235709,540.8950702434,12.3768248176841,80.203975178609,96.4636471999554,79.365964784662,41.7652471619602,7.4556966803316,7.37669685843454,1.06787949726895,6.02948981318497,4828.56892286377,60.8392896875226,764.055702393262,7.09661249890636,1.0000354,1,150,
4326,119.909892850018,101.990819467094,88.7462869666725,549.649448493508,12.5461264937075,77.4771306735855,96.0910612652542,80.8364800925141,41.6253393506328,7.46066664736244,7.37793201087578,0.603970823560749,5.49020366586544,4722.99802800726,58.426567096959,762.911638728257,7.10083261044911,1.0000354,1,150,
4327,117.218898982429,100.370070154346,87.9165879770677,567.695526354868,12.8258918606121,73.6238751875789,95.4760798150842,82.7913969638101,41.4322293218975,7.46654939467522,7.37973108123072,0.121930550148083,4.85296395576412,4548.30678712652,54.9369494165521,761.627120315671,7.10624048936659,1.0000354,1,150,
4328,114.038827077049,98.2777602050403,86.6282759952949,579.272384201351,13.0390417711655,70.624135213095,94.9719162189858,85.1226859977234,41.1888005571388,7.47286395384639,7.38207188270097,-0.29455886186978,4.26850017262972,4374.47312229665,51.390214853108,767.806510599631,7.11268010167467,1.0000354,1,150,
4329,107.039708450038,92.1111559082085,81.0770083772913,614.109763918675,13.533708753403,64.6810558830915,93.6750390640488,88.5051863677243,41.1615537232163,7.48141457532643,7.38214564881902,-0.714577864713319,3.51865233934414,4308.05504375895,48.6757355197209,756.355516171932,7.1205984487056,1.0000354,1,150,
4330,88.4004914991193,73.9737859794481,63.3105688562129,652.622469745178,14.0853340933804,58.5528976637958,91.9685678243093,88.3101458092835,41.5225543066393,7.49107453280326,7.37815436350486,-1.10085808724329,2.34328541130074,4154.05833055559,47.0394233016757,732.923911576308,7.12862354563578,1.0000354,1,150,
4331,44.8286728499093,31.9149942668081,22.3701014010376,576.550944002956,11.4228523632733,55.3479664623761,90.9445543483241,69.4849936806848,41.8380950512251,7.49696257767963,7.37468571664728,-1.23406595367214,0.462949381121749,2925.74058955466,42.1060783713929,472.958288048232,7.12058141701984,1.0000354,0.767591201151303,150,
4332,40.8057390765482,29.0723457507918,20.3998376404501,547.371631978304,9.3269857656037,51.0228821556614,88.3467614561612,72.3962122211112,44.0203189792424,7.46635243725139,7.35230006304709,-1.40690313635976,-0.0032453213099326,2769.70997716683,38.2576642091113,430.610639486626,7.09540816570436,0.999879485035561,0.531776896906127,150,
4333,39.3719759042196,28.1531374998938,19.8609525923486,594.393822770802,9.49880215409712,50.0159592011965,86.9722242870594,75.639845141974,49.4825304374358,7.42992398891799,7.30025048046028,-1.39546303847177,-0.202437505326263,2766.89924754517,36.5799168725395,411.90914326391,7.06201859762862,0.997636480769876,0.46316693791787,150,
4334,51.6405510932188,41.0196855418313,33.1694805690666,1401.97044429661,23.6751812704866,50.6573533614586,90.1151109561957,110.799645289712,58.5688256209645,7.54083755501936,7.22368665458936,-1.53525707128476,-0.221122216099167,3837.01151860959,34.6301787210313,543.055293460297,7.05138247001756,1.0000354,0.790334552113124,150,
4335,46.3749375349181,34.0755141295437,24.9846359603539,844.387693901172,17.1101115086556,92.8399450313643,98.6516961038387,81.7051595879818,63.2285678327442,7.54706101732063,7.18365352289572,-1.11785107020192,0.20046124941845,3276.64247409592,40.1032504020455,413.874092572984,7.15341314211382,1.0000354,0.988866768206,150,
4336,43.2749491833963,31.1299425476717,22.1531985125709,1549.74302694104,27.9486932496991,58.5766947415879,94.234712094448,81.2771771896619,80.2589633982753,7.6057748645139,7.07138644250839,-1.19176704868598,0.0814285620443878,3218.55689029987,39.5997622160192,397.962366416308,7.14447784158302,1.0000354,0.928170823896366,150,
4337,43.574373774499,31.6253942879043,22.793539884769,1241.23956686431,31.3521818220985,54.2679046336009,93.4430205894412,83.1850853112327,84.9263618094643,7.63023656459633,7.03460555443326,-1.23146546601093,0.027723575419965,3240.94084067704,38.9606000709289,391.903119404981,7.17435855982248,1.0000354,0.930993398283625,150,
4338,45.6725167650908,33.9814115205373,25.3401598180413,0,15.2728459272132,55.748390805094,76.4237547699809,85.275425499983,104.34678597177,6.96498595295681,6.92847850607913,-1.26564984476735,0.00849911224349764,3250.6805063297,38.11978054956,480.364857863389,7.04446027480658,1.0000354,0.962119324940397,150,
4339,97.2877688409514,89.8103833392138,84.2836201422773,0,0,19.3260906662729,12.7984951541558,202,151.874488176245,6.7431480321011,6.74211354557617,-1.78603322596097,0.814447796394351,4924.88351328328,24.3806114518974,1376.62475375035,6.74979535432295,0.544781087052158,0.107160290347424,150,
4340,9.90205660643089,9.90205660643089,9.90205660643089,0,0,7.38317354571264,4.59977867388582,0,49.0828882495455,7.22587672229165,7.20566639724436,2.33399884668064,2.50094527019621,0,0,70.4225039222165,6.66080040394992,0.0126279854007728,0,150,
4341,4.20199598166201E-08,4.20199598166201E-08,4.20199598166201E-08,0,0,0.258486608981922,0.799032121465999,0,0.130995401451446,9.78765875038007,9.77953707824732,-0.000380273097430273,2.50816798700447,0,0,6.92301120515447E-07,6.66410329618174,0,0,150,
4342,1.59281148616884E-13,1.59281148616884E-13,1.59281148616884E-13,0,0,0.0306995721155397,0.595236627085671,0,0.000878684690996998,11.9612374597992,11.9531483725486,-0.000114037565655867,2.49585701363547,0,0,2.64029635732772E-12,6.66276608687265,0,0,150,
4343,1.59281148616884E-13,1.59281148616884E-13,1.59281148616884E-13,0,0,0.00359382852208529,0.42752633361563,0,5.91687795896797E-06,14.1332338834921,14.1251450148153,-3.93023007356774E-05,2.49132805963263,0,0,2.65630365372804E-12,6.6611556014889,0,0,150,
4344,1.59281148616884E-13,1.59281148616884E-13,1.59281148616884E-13,0,0,0.000740851808268774,1.11888626863,0,3.98460154987996E-08,16.3051768168559,16.2970879496509,-1.92728889643057E-05,2.48966195056489,0,0,2.67201977378701E-12,6.6595082235412,0,0,150,
4345,1.59281148616884E-13,1.59281148616884E-13,1.59281148616884E-13,0,0,8.15547062038735E-05,0.699613449116579,0,2.68363617824137E-10,18.4770269298414,18.4689380626464,-6.61056707595975E-06,2.48904902329215,0,0,2.68739317030056E-12,6.65789957010122,0,0,150,
4346,1.59281148616884E-13,1.59281148616884E-13,1.59281148616884E-13,0,0,1.1052296285223E-05,0.702806451024688,0,1.80743653451078E-12,20.6488756829838,20.6407868157888,-2.33368541069368E-06,2.48882353994958,0,0,2.70241106092044E-12,6.65631668825318,0,0,150,
4347,1.59281148616884E-13,1.59281148616884E-13,1.59281148616884E-13,0,0,2.27050505281942E-06,1.81789376287078,0,1.21727621458593E-14,22.8207511146375,22.8126622474425,-1.42994481056036E-06,2.48874058926352,0,0,2.71708545312879E-12,6.65475497389781,0,0,150,
4348,1.59281148616884E-13,1.59281148616884E-13,1.59281148616884E-13,0,0,3.52869577829404E-07,2.48645675110438,0,8.19840896943278E-17,24.9925978195661,24.9845089523711,-5.94709457235609E-07,2.48871007341149,0,0,2.73143970490528E-12,6.65323477351355,0,0,150,
4349,1.59281148616884E-13,1.59281148616884E-13,1.59281148616884E-13,0,0,6.18511167867815E-08,4.42693848378119,0,5.52133079696485E-19,27.1644970326442,27.1564081654492,-3.84598113800649E-07,2.4886988472569,0,0,2.74547511938901E-12,6.65172902677968,0,0,150,
4350,1.59281148616884E-13,1.59281148616884E-13,1.59281148616884E-13,0,0,6.31417202304753E-09,2.36978601071759,0,3.71841448507127E-21,29.3363965624698,29.3283076952748,-8.2589826533308E-08,2.48869471738543,0,0,2.75920955818324E-12,6.65025503273912,0,0,150,
4351,1.59281148616884E-13,1.59281148616884E-13,1.59281148616884E-13,0,0,1.16363639787983E-09,4.71668856392316,0,2.50405077065471E-23,31.5083534889804,31.5002646217854,0.0418879615491483,2.48869319809061,0,0,0,6.64879144019337,0,0,150,
4352,1.59281148616884E-13,1.59281148616884E-13,1.59281148616884E-13,0,0,4.14199620613107E-11,0.229467634533682,0,1.68631013762992E-25,33.6802924379363,33.6722035707413,0.000310617660185031,2.48869263917329,0,0,2.78577590266794E-12,6.64735600704169,0,0,150,
4353,1.59281148616884E-13,1.59281148616884E-13,1.59281148616884E-13,0,0,1.21331684661011E-11,1.34343021002199,0,1.13581469696503E-27,35.8520799623929,35.8439910951979,0.00940433495570714,2.48869243355909,0,0,2.79865305902835E-12,6.64600865890006,0,0,150,
4354,1.59281148616884E-13,1.59281148616884E-13,1.59281148616884E-13,0,0,2.76221590794468E-12,4.31461594193232,0,7.65610509026618E-30,38.0232067486605,38.0151178814655,1.20645626378035E-07,2.48869235791786,0,0,2.81127243942304E-12,6.64491144158816,0,0,150,
4355,1.59281148616884E-13,1.59281148616884E-13,1.59281148616884E-13,0,0,2.92790606383587E-14,0.0128969490327726,0,5.16101948081752E-32,40.1942791142937,40.1861902470987,-1.17534426635757E-10,2.488692330091,0,0,2.8236274597639E-12,6.64384953083773,0,0,150,
4356,1.59281148616884E-13,1.59281148616884E-13,1.59281148616884E-13,0,0,3.62374172813383E-14,2.05708137411084,0,3.47700916923478E-34,42.3658660294219,42.3577771622269,-1.80419679196575E-10,2.48869231985408,0,0,2.83576396950142E-12,6.64266213617694,0,0,150,
4357,1.59281148616884E-13,1.59281148616884E-13,1.59281148616884E-13,0,0,7.32392621528618E-15,5.02419688947672,0,2.34387510941254E-36,44.5369363576018,44.5288474904068,0.182687333242517,2.48869231608812,0,0,0,6.64165458876037,0,0,150,
4358,1.59281148616884E-13,1.59281148616884E-13,1.59281148616884E-13,0,0,2.51993689301246E-16,0.226572972665034,0,1.57981864675663E-38,46.7081184111673,46.7000295439723,-7.93720644765017E-12,2.4886923147027,0,0,2.85929281046034E-12,6.64063719702531,0,0,150,
4359,1.59281148616884E-13,1.59281148616884E-13,1.59281148616884E-13,0,0,8.07906847659907E-17,1.62665005399359,0,1.06481482176749E-40,48.8793122973072,48.8712234301122,0.0160356389160796,2.48869231419304,0,0,2.87072607972538E-12,6.63964041213112,0,0,150,
4360,1.59281148616884E-13,1.59281148616884E-13,1.59281148616884E-13,0,0,1.81661608908598E-17,5.05631427536313,0,7.17639993370152E-43,51.0505747961287,51.0424859289338,0.114404948985976,2.48869231400554,0,0,0,6.63863740511029,0,0,150,
