4320,118.041215944979,96.0236721582523,79.7498354463238,490.567728631254,11.4260124714491,89.4097246340176,97.5971234348116,72.6855253931942,44.8224276732455,7.46618452904,7.40425708863122,3.23071174199393,7.14192554136693,5218.09070893576,71.7899565382291,786.625721297214,7.0747909679943,1.0000354,1,0,
4321,118.048375704397,95.9976184248521,79.6992326095361,485.437834864587,11.3800441831905,90.5002915453355,97.7316262158169,72.6512840492905,44.8416882702384,7.46530508319807,7.40399233888269,3.21536769967659,7.15416925107913,5223.50031264466,71.8982517790155,788.586238727327,7.07495635374616,1.0000354,1,37.5,
4322,117.986907923336,95.957035223197,79.674085836138,486.628765079261,11.4151308963271,90.1585443803188,97.6950923753986,72.6650028145014,44.875142138933,7.46469176538135,7.40359379506194,3.16849197244765,7.1471345947209,5219.53848377489,71.8301559431475,792.170157565156,7.07463513012592,1.0000354,1,37.5,
4323,117.866583429546,95.8733596398815,79.6174985779554,485.70502327229,11.4211820102921,90.1851996210458,97.7041395086483,72.7193976388387,44.8981117364617,7.46451049160109,7.40329945766007,3.1195634268018,7.13006942145252,5214.75594489002,71.7106592492575,793.473282880429,7.07471902165222,1.0000354,1,37.5,
4324,117.744284433543,95.7929626789464,79.5680726864183,484.072057267606,11.4167538303446,90.3041495274494,97.7250209819625,72.8014407443857,44.9116138010305,7.46458696424126,7.40309925055085,3.04539066426497,7.10800588136427,5210.69281866814,71.5740343239014,794.675909736031,7.07479443606388,1.0000354,1,37.5,
4325,117.575122326235,95.6989029152709,79.5295233506451,486.004781775272,11.4582514142843,89.7415902203658,97.6625318815546,72.9135590311001,44.920987770056,7.46427668090231,7.40294089616681,2.95951967050681,7.07143139897762,5200.86271020851,71.329157146069,795.365939825599,7.07491221852883,1.0000354,1,37.5,
4326,117.220848050686,95.518782645142,79.4781256062614,488.430767901337,11.5052076996751,88.8527149953258,97.5641670497724,73.0695111926968,44.9188939948427,7.46494804283758,7.40289504353149,2.81782929627156,6.99399982923006,5170.49463479955,70.7613141295563,794.089733515311,7.07517800885396,1.0000354,1,37.5,
4327,117.223623651433,95.5650279146798,79.5565006309924,491.858180613027,11.564163817355,87.8469530688435,97.448841917157,73.3323243309043,44.8979334492616,7.46572298873308,7.40303252795376,2.65315284282673,6.86812087223896,5178.69778403704,70.6195778094899,793.434466390518,7.07569839575304,1.0000354,1,37.5,
4328,117.046757630484,95.6381830600313,79.8144540296964,499.53886707719,11.675304279366,86.0012016651095,97.2248037193943,73.6885887378189,44.832972918839,7.46755483896176,7.4035970197982,2.53620472420376,6.74654255694963,5143.78506114053,69.8043638675441,790.446924542478,7.07683554656322,1.0000354,1,37.5,
4329,117.147066329398,95.8842848495139,80.1683159295995,496.663017064855,11.6530901542693,86.1121470675164,97.2501653673244,74.0277015604714,44.7402494032695,7.46819374016907,7.40443215563844,2.4522720886241,6.66556524029951,5132.26606803334,69.3289938745555,789.476750563323,7.07795075720361,1.0000354,1,37.5,
4330,117.423773129026,96.3181693442255,80.7183752424164,499.695660416937,11.7039351613076,85.2866759254482,97.1509655371611,74.2795312042032,44.6793492523957,7.4691858450718,7.40496057230725,2.3551521628882,6.58476171105152,5111.65761694415,68.8165034710787,791.588124935936,7.07875740582964,1.0000354,1,37.5,
4331,117.63319789327,96.7043362063878,81.2351775682572,499.06942839051,11.7087879525044,85.0989908200023,97.1353131569368,74.4801966987264,44.6207779140091,7.46979136356551,7.40546770906549,2.25145429214728,6.49987089918255,5082.54514039381,68.2402217726786,791.538730060288,7.07996610073592,1.0000354,1,37.5,
4332,117.731770057586,97.0021440183424,81.6802465110751,495.894880486728,11.6815633068677,85.283280958216,97.1714166695478,74.6571840448117,44.5765814669544,7.47053959035586,7.40583590050426,2.14278515600746,6.41160725411953,5046.12371924729,67.5905980624509,791.879884084318,7.0808868592348,1.0000354,1,37.5,
4333,117.716381095762,97.185686574727,82.0108254070054,498.662152177661,11.7277639926869,84.6372393906247,97.0925244398327,74.8289606745891,44.5479903787792,7.47116834666758,7.40605244088702,2.03138640754714,6.32020294717583,5009.19774058063,66.9419659904709,791.928693418172,7.08162334657147,1.0000354,1,37.5,
4334,117.638424967573,97.3037155934662,82.2737130126047,496.31303327507,11.7102937852812,84.7394004663588,97.1165057469606,75.0172745007744,44.509280025229,7.47177448623471,7.40636778507578,1.91850482014689,6.225763584983,4973.86590997009,66.302940796906,790.874182232879,7.08247585184373,1.0000354,1,37.5,
4335,117.505378326203,97.3829206757768,82.5097998037226,500.138511143698,11.7686424514394,83.9370044622436,97.0158138346541,75.2200674031337,44.4851498367821,7.47261644948353,7.40654105635849,1.80495068199709,6.12847979749687,4935.2546003403,65.6108771332302,790.482413880574,7.08308112778077,1.0000354,1,37.5,
4336,117.270677262829,97.3634422284444,82.6493989421603,499.524204298829,11.7722482588086,83.7580654237671,97.0025037121878,75.4526279113943,44.4487845853309,7.47352359811629,7.40683362991864,1.69117788900773,6.02900467925895,4897.56418028568,64.9091266382,796.769437299958,7.08438478852296,1.0000354,1,37.5,
4337,117.055283964405,97.365730749053,82.8125827203149,498.358203427647,11.7689617938721,83.7065043213144,97.0047001685854,75.7143866874701,44.3988047206055,7.47407011399748,7.40725927732172,1.57764354449438,5.92769133272936,4860.81499518086,64.1993577157942,793.858269971413,7.08543640105579,1.0000354,1,37.5,
4338,116.867778446331,97.3992461880292,83.0094614753714,503.363479321369,11.8398832393693,82.7325109376929,96.8780050529013,75.995404908916,44.3664636213309,7.47517101368534,7.40751248370321,1.46438440153867,5.82482908068735,4824.08960593256,63.4787012677208,792.932851176376,7.08607270365494,1.0000354,1,37.5,
4339,116.698553500663,97.4529702584804,83.2279739490413,505.032565731932,11.8699752414531,82.1852344226707,96.8126650660058,76.3031454673154,44.3100147749264,7.476465330068,7.40800165682004,1.35145770485933,5.72071349689051,4788.15653650501,62.7517582293645,800.874028406841,7.08712700448836,1.0000354,1,37.5,
4340,116.437934345371,97.4184385474187,83.3605503489325,505.664986566075,11.8876022871467,81.8150616570857,96.771395562874,76.6248357514222,44.2485290451674,7.47754935830918,7.40854034574841,1.23906664528683,5.6155843406276,4751.85716729824,62.014582095989,794.965925217422,7.08887335426234,1.0000354,1,37.5,
4341,116.247499395561,97.4569783103821,83.5683322909022,506.530225633981,11.9076721998638,81.4081631498625,96.7246631375004,76.960116359093,44.1849833261085,7.47870022749113,7.4090996675105,1.12724704055029,5.50963652802102,4715.1917775068,61.2679917933841,792.589807247549,7.08991030165836,1.0000354,1,37.5,
4342,116.048169995056,97.4901436653979,83.7733415956504,507.759950501125,11.931572142732,80.9664907768818,96.6718259816118,77.2979657358735,44.1277076525962,7.47981774387802,7.40959780719918,1.01601614430403,5.40315050704485,4677.29404059842,60.5099241108193,801.112251532677,7.09091270183002,1.0000354,1,37.5,
4343,115.782646313673,97.5368147770846,84.0507653804757,518.903605158852,12.0622794326503,79.0979677034888,96.3938950652859,77.6677003732821,44.064518704859,7.48134755927717,7.41015468672702,0.827699255513697,5.19672899507277,4620.60590658868,59.4919881029229,794.849860229333,7.09280153004515,1.0000354,1,37.5,
4344,114.70537976618,96.6998458602204,83.3914077558156,517.967738603697,12.0618085583953,78.6848948441094,96.361877981917,78.2801195398245,43.9902983642184,7.48486979060014,7.41082072729784,0.692600167134843,4.99779644592972,4595.70671686762,58.7084785240981,789.622687569163,7.09547584472246,1.0000354,1,37.5,
4345,114.704516806318,97.0739280364261,84.0426232934625,528.57035772113,12.185913205226,76.8357168443459,96.0751113737697,78.9829714203981,43.8336472546337,7.4873442475585,7.41230395127729,0.600913934761408,4.8535026258038,4540.41035775482,57.4859400210185,799.446917738992,7.09771655021452,1.0000354,1,37.5,
4346,113.789229013217,96.4925460210929,83.7080412008276,528.477899882491,12.1942643778793,76.5768447785831,96.0516205451151,79.6041554100897,43.7883722566345,7.48904341009743,7.41268714830904,0.506828689792659,4.72519609579636,4489.45255745792,56.3972136169275,796.591875608648,7.10047698839063,1.0000354,1,37.5,
4347,112.802220314615,95.7374322331716,83.1243279990616,529.449188474025,12.2135812222052,76.312344812635,96.017245022886,80.3215170899007,43.7434970326506,7.4897096113661,7.41306782742912,0.38912106919885,4.55732155369449,4469.17770722404,55.6411017762759,797.038453644374,7.10174981889266,1.0000354,1,37.5,
4348,110.981037531236,93.9976981380038,81.4447951082236,535.999590892753,12.2930418160344,75.3723043565974,95.8679543053809,81.2600869593852,43.8346361939227,7.49129898828089,7.41210066833529,0.272636918027425,4.34437376659579,4499.82053242186,55.3755318360774,790.471981546134,7.10270739005834,1.0000354,1,37.5,
4349,108.800375331577,92.3719143842262,80.229138901402,561.402208222164,12.5795435434077,71.891186636941,95.2291433794205,82.7922233692459,43.8240573549949,7.49518544976599,7.41214386707645,0.160555848381545,4.05349977013845,4434.87360733586,53.5663064338389,791.882944310687,7.10511865103273,1.0000354,1,37.5,
4350,107.647410011749,91.5795859976038,79.7033682480181,562.428867532655,12.5980993209364,71.5865567972173,95.195482078054,84.5653328283869,43.8081828658671,7.49742804431568,7.41224247118257,0.0587740904407541,3.83339919836221,4430.41338606844,52.3904209667019,789.673248901046,7.1076663420931,1.0000354,1,37.5,
4351,107.135558579905,91.074092341864,79.2025738180948,556.385709516292,12.5375937437454,72.5242412132778,95.3830254187069,86.3168178441252,43.8492610957141,7.49627431757366,7.4117799010097,0.0055700051443508,3.73423813635252,4520.38507263851,52.3696909309333,781.708622603106,7.10898899612493,1.0000354,1,37.5,
4352,107.523135794182,91.733177061666,80.0623379985021,573.64786436409,12.7337506974161,70.5817085425913,94.9769503692046,87.7490462322993,43.9692316891811,7.49637194084415,7.41054137077,-0.0714484437280225,3.62468917043333,4517.70866897669,51.484419067267,790.565479452844,7.10848868410332,1.0000354,1,37.5,
4353,106.937030659568,91.4272437899472,79.9634882776189,576.66084794108,12.771197921944,70.4510036126462,94.9487352216483,88.973476144609,44.177149045943,7.49609588343795,7.40844340487243,-0.156202282695599,3.51707440267976,4499.46844229995,50.5708963757575,786.749923057661,7.10915730338264,1.0000354,1,37.5,
4354,106.113267894689,90.6979252199936,79.3039762865231,580.073258989574,12.812206959688,70.3774098151393,94.9232893599851,90.147750383172,44.4118419198936,7.49502924242343,7.40609625744993,-0.241960380447975,3.41020791262611,4531.09219015024,50.2629535500429,783.349153865096,7.10848724898613,1.0000354,1,37.5,
4355,105.519665849186,90.4398272914512,79.2938596618211,594.893016510972,12.9801974383959,68.7954573852785,94.5658747448011,91.3751652910553,44.6356576603338,7.49538712742007,7.40387022754194,-0.327329657154534,3.28938201488897,4492.82693071972,49.1690156336113,785.250614807086,7.10751834221869,1.0000354,1,37.5,
4356,104.856357404496,89.9007094723899,78.8465349138765,606.153110642977,13.1083988545113,67.7214161806943,94.298013370287,92.7090825587936,44.8162843652822,7.49471862330523,7.40207624154371,-0.412313016964866,3.16698948056475,4520.87332253695,48.7640821994969,793.763750871797,7.1078563480468,1.0000354,1,37.5,
4357,103.942394664521,89.3483230113507,78.5614004850947,615.727240367969,13.2175053776578,66.6326712884801,94.0491931324187,94.1144636737033,45.0732306179804,7.49677556943099,7.39955599480398,-0.496235681159161,3.03768417564573,4478.44935779058,47.5851339207271,788.11590840543,7.10833156799422,1.0000354,1,37.5,
4358,102.634156296203,88.2987227216607,77.7029674709122,629.778169256029,13.3773539997649,64.9748640330463,93.6332462997403,95.6336550803214,45.3172949990338,7.49891585939471,7.39717571315139,-0.625382766655688,2.82072810268284,4470.09145982738,46.7418238492821,798.715913056815,7.10946937202615,1.0000354,1,37.5,
4359,100.115195567271,86.3788125950313,76.2258338764191,634.755032183245,13.4346090972991,64.4573687657757,93.5112001832523,97.591379958633,45.4839590576366,7.50045777477316,7.39554928702692,-0.743916871441729,2.49604658890693,4370.97850980244,44.7885716100665,788.240691323505,7.1114865557033,1.0000354,1,37.5,
4360,96.7545414592878,83.5070304546068,73.7153918859296,630.612850834438,13.3884233344997,65.1956961203569,93.7220446355332,97.6835089156242,45.753182648849,7.50061562683622,7.39295718743534,-0.809246529661902,2.24315002350591,4219.39673309158,43.1945655917843,772.144825994571,7.11198422137254,1.0000354,1,37.5,
