4320,133.874743417425,113.154749620655,97.8399715969565,517.347622446372,11.7661441759653,90.7678112158495,97.7178380050035,76.9326760775042,42.1835787096761,7.45175111232603,7.38158919365091,3.02875090944655,7.78132751901694,5197.50938557816,67.5591913680741,781.233912165825,7.08579564403403,1.0000354,1,0,
4321,134.867276152996,114.358051638853,99.1990596066604,509.36670769617,11.7109864607896,94.2283380710772,98.1158195268688,76.9663828838252,42.3159931195269,7.45072670346836,7.38011068486188,2.91659324938207,7.82349690487442,5146.89297927227,66.8719613216215,782.970030047382,7.08645739883106,1.0000354,1,75,
4322,133.736126610124,113.185946793979,97.9966834516117,511.267197270018,11.7711676295988,91.5708540397611,97.8361122426904,76.8413911622014,42.3488476459695,7.45081126717075,7.37966034660844,2.72240106563048,7.73680998515115,5148.79578544525,67.0054993483508,779.101322083913,7.08596579854084,1.0000354,1,75,
4323,133.307136665845,113.216251625657,98.3664670307349,513.365535847897,11.8307783831707,89.8212214714476,97.6481443412722,77.0316291555449,42.3557950096459,7.4516982172584,7.37947983551939,2.47982834341613,7.53501277862667,5046.18273388317,65.5079321208922,779.085905483402,7.08682583965352,1.0000354,1,75,
4324,131.585070118285,111.742307209373,97.0759172332213,521.088522303486,11.9506752125723,87.1076199730633,97.3258345919657,77.3091491002486,42.2944531194567,7.45268798038905,7.38000214430453,2.26601145106347,7.32989706500754,5001.81769017408,64.6989101340141,777.543534009578,7.08690047319955,1.0000354,1,75,
4325,131.110845657233,111.522271957306,97.0437609617074,525.619857409904,12.0291838971058,85.3106264941473,97.10879308286,77.8792657733278,42.2129009715185,7.45435578856449,7.38073559057593,2.03082298781567,7.08491153934465,4974.15695676943,63.8701059566612,781.615572503452,7.08830573316136,1.0000354,1,75,
4326,130.371068571256,111.048721977478,96.766987538599,527.088996836453,12.0743789548551,84.312881810628,96.9915907262127,78.3388564163107,42.130728899993,7.45544528266089,7.38147951073592,1.81288780560445,6.85291525649633,4935.50864728157,63.0020512560606,775.616902008314,7.08994975866884,1.0000354,1,75,
4327,129.366106300412,110.353685283149,96.3010262703894,524.302453868737,12.0741236923393,83.9544328694784,96.9731837855098,79.0929596391442,42.0861564075283,7.45783382578328,7.381838753212,1.57758760346433,6.60326518370625,4903.09233135092,61.9915142096202,775.572405694778,7.0918381080407,1.0000354,1,75,
4328,128.738411191885,110.326054975967,96.7169221207232,529.511953719535,12.1591394440082,82.3948451050873,96.7738328005026,79.9299125512695,42.0059532876886,7.45966445281119,7.3825681989188,1.33600319467758,6.33378562166662,4798.58871064945,60.0349550935826,781.598361494172,7.09343310183164,1.0000354,1,75,
4329,128.050950513768,110.024067207267,96.6998491111577,532.410812136192,12.2198903632009,81.2688519029078,96.6333481122375,80.8277910373575,41.9125026104343,7.46155615838977,7.38343723050867,1.09748201329337,6.05725658694585,4750.9031717568,58.7780899463279,775.93410114878,7.09533824236818,1.0000354,1,75,
4330,126.95556380642,109.096255580995,95.8958973274201,528.376833059867,12.2055948233893,81.3812925536152,96.6754907916697,81.4473934727312,41.9002640320253,7.46248083778457,7.38346671644846,0.904318941203824,5.84142300829284,4742.82002260854,58.2316980370459,775.062004153838,7.09723906660636,1.0000354,1,75,
4331,126.224632609744,109.052458844076,96.3599825824958,538.539445157183,12.3463524631341,79.1837578834299,96.3648526930426,82.5713086104973,41.7861949202517,7.46516879142348,7.38455429091573,0.65027762488656,5.54491506906641,4623.27006977345,55.9912413594193,771.668722635406,7.09911586287093,1.0000354,1,75,
4332,125.429733000878,108.691549480647,96.3198486178679,541.087040514107,12.4047044475942,78.1917370385073,96.2347388760484,83.7253926807582,41.643856121402,7.46715813774597,7.3859400549756,0.401369791798967,5.24292840025536,4569.41223302705,54.5761815707458,774.072708041144,7.10135958817139,1.0000354,1,75,
4333,124.518697201923,108.077496822323,95.9253052374008,539.456313158057,12.4170734003331,77.9102308320636,96.2176343896998,84.6600843944997,41.5822255764107,7.46844926176368,7.38648776782759,0.211553052121249,5.02008111269001,4538.44462841492,53.6078443681516,774.22865106263,7.10398054096038,1.0000354,1,75,
4334,123.71474447897,107.714029678289,95.8874143908296,543.096593455875,12.4882600412247,76.7941503483207,96.0658927921405,85.5264507540172,41.5209393163558,7.4709198931436,7.38703382139413,0.0695686666933275,4.84677588601177,4462.05229361895,52.1716060269152,770.086487306216,7.10569271412276,1.0000354,1,75,
4335,122.789259380782,107.202141605164,95.6812284666631,553.056012311683,12.6313568007282,74.847414989649,95.7602606766715,86.7479112211384,41.4285323032953,7.4739348567348,7.38790811918134,-0.140579754222667,4.61120866690159,4408.7925583361,50.8230399588202,771.971601531465,7.1082923745201,1.0000354,1,75,
4336,121.446023539949,106.237389432111,94.9962250915352,567.704330703245,12.8295165882486,72.4289184154691,95.3340333838802,88.1025310541895,41.3442042362311,7.47662264327292,7.38870146159227,-0.350874556059836,4.36418095965663,4368.91322234477,49.5889637910354,782.391046233455,7.11129168551176,1.0000354,1,75,
4337,115.47044083721,100.770655616285,89.9055969747318,606.900136757791,13.3137532300887,66.7266037918737,94.1385228482433,90.5994315801633,41.4118789218471,7.48429358350726,7.3879029177135,-0.626532852458943,3.79835201822668,4342.41457773487,47.929821434836,780.341839275474,7.11648225363496,1.0000354,1,75,
4338,109.588155363486,95.4277989247908,84.9614485135813,635.34382069735,13.6792371589375,62.2772829209869,93.0049312092754,94.9429427486456,41.3037200031247,7.49068699454838,7.38895666216468,-0.803012730880633,3.22005611255178,4383.60784608931,46.1709708924294,780.325380606786,7.12322591527752,1.0000354,1,75,
4339,100.025578038848,86.3709874947784,76.2784640491615,636.694394812355,13.7241850080199,61.6212909162706,92.896002176167,96.9193285133711,41.4712635028172,7.49502613958042,7.38712676077311,-0.994772174714436,2.50622501783444,4315.03079888016,44.5218808783312,745.080999370823,7.12874942918915,1.0000354,1,75,
4340,76.8660782840503,62.9860887362073,52.726966026932,651.408649830588,13.9058296242456,58.9490694884464,92.1096686567785,86.3299464969006,42.1565173567556,7.49941900592753,7.37994949342253,-1.00874106557267,1.65157220355092,3907.01818419616,45.2568122967206,679.400759951254,7.12837520417081,1.0000354,0.99682356063752,75,
4341,51.3238615892515,38.0893686301543,28.3073520951695,604.464800238467,12.4042953168532,57.3114526343492,91.6029739291406,72.5956766283136,42.5342595569141,7.50216305511006,7.37602384002524,-0.991670283819657,0.720911025975252,3132.6572924666,43.1521192164881,547.147493243824,7.11890684033701,1.0000354,0.872256782982813,75,
4342,49.1612337286108,36.4662873693053,27.0830661472099,658.88785701168,12.6423403652441,54.046713204827,90.2904033465517,74.1991460680819,43.9424046478406,7.50105309916772,7.36179061486083,-1.13641062550855,0.477551381876698,3071.31668471803,41.3928845205297,533.008558355327,7.1083646535382,1.0000354,0.812181666923279,75,
4343,48.0065096114356,35.913105138198,26.9745018318919,694.331616302774,12.8676963244915,52.4421882785956,89.6528232492677,77.1003330011858,46.1060054671568,7.5034103214971,7.34043479819886,-1.2434966264385,0.250068302215541,3040.18249406967,39.4315092520147,527.233486514575,7.10515139282743,1.0000354,0.778169343514556,75,
4344,48.4386678657982,36.6153908679042,27.8764469998955,672.831645767846,13.0315856818518,56.1984230254671,90.7270574755138,79.9793104306911,49.6317750331314,7.47255674202201,7.30710261173235,-1.2464021026421,0.156122413492536,3083.26136879367,38.5507370867567,525.516220610562,7.09322558317182,1.0000354,0.829642905910615,75,
4345,57.3904719573071,46.1638323112263,37.865881268471,1084.61740167407,19.4768822586565,59.1533219226582,92.8632670625792,100.642564526577,53.9706036792237,7.52913014544021,7.2680857434019,-1.32500851599055,0.135047955626677,3684.05664591732,36.6053534431196,557.422882981348,7.09185135510763,1.0000354,0.944786349778842,75,
4346,75.4914020755031,65.3691553330016,57.8874946972396,1603.61725121324,27.9792519267971,68.0886489393764,96.3117967161318,135.749220958381,55.2823858432806,7.64142015045463,7.25315969381054,-1.52539432820657,0.20272882190927,4480.32054967397,33.0043923496811,549.519923516025,7.15059997952298,1.0000354,0.999488346545256,75,
4347,88.6985633443557,78.7909165845965,71.4678733273831,1775.35403107758,31.0130095574233,80.0484399770717,98.0789655861118,153.899672470144,52.5220362349182,7.6865311130079,7.26920455106596,-1.53593966912265,0.458458523387921,4971.67844007914,32.304672000154,550.872582796603,7.21693363109819,1.0000354,1,75,
4348,96.2997916528877,86.3424760933574,78.9827211145742,1818.65264513266,31.8559577812933,83.7477915691336,98.4401370116568,159.572354438465,49.7919104462485,7.69855933797291,7.2847833259286,-1.48793500119988,0.728050845565661,5180.77516654307,32.4666210809148,566.895676517038,7.26519128986542,1.0000354,1,75,
4349,99.2171058960618,89.1217629195993,81.659987676127,1819.55024209261,31.9273623842873,81.662264344892,98.2878800018638,160.162823076378,47.3979808911343,7.69914009670485,7.2975736839036,-1.48271831278384,0.840820388695295,5272.02686971227,32.9166704760079,576.766625641131,7.29354022529783,1.0000354,1,75,
4350,100.51515468349,90.4083249997297,82.9380595812982,1832.71042258659,32.2093732364175,75.1960275795722,97.7509963265224,160.654968651921,45.0424178143471,7.70803157420814,7.31054657607305,-1.48075873837714,0.890830881944982,5294.24372616246,32.9541238007589,590.214000420644,7.3120465859018,1.0000354,1,75,
4351,100.966360533606,90.8656553743763,83.399916778424,1795.50453568444,31.5839457551275,75.8648474707955,97.8371489772887,159.184729976288,42.8025142750442,7.70981069277671,7.32328050395845,-1.46489549373543,0.936323714864928,5242.614459297,32.9341543003398,597.061843073722,7.32698165349037,1.0000354,1,75,
4352,100.846309044193,90.6701835227365,83.1486994416603,1740.2665585432,30.6341562594103,76.6027789535123,97.880120960214,156.065889395964,41.2248805942877,7.70228872497675,7.33007257979232,-1.46056176632116,0.969561044213867,5178.27688555614,33.1800684031476,603.808735162219,7.33445415349451,1.0000354,1,75,
4353,99.5164020929053,89.3797695484695,81.8874759286692,1759.31842023347,30.9918415974565,69.7236282427266,97.1380909048363,155.83481569099,39.9134668022245,7.70508957242819,7.33457321040216,-1.4813932779345,0.960895528418287,5150.54299507012,33.051298403582,613.615117830024,7.33765989710259,1.0000354,1,75,
4354,101.680712129224,91.7030956819442,84.3283356991719,1806.31442472918,31.864779479672,66.8781994087256,96.8755312347994,159.661107170052,38.6186850042766,7.72036317872697,7.33920475704285,-1.48451538735874,0.945995903840573,5194.22506166192,32.5328137436103,628.598945718826,7.34727401765007,1.0000354,1,75,
4355,106.026441585466,96.1362253977507,88.826065606831,1769.75183503002,31.2392901158626,76.5926563694505,97.9593835849478,161.242793864102,37.5866911515306,7.71311109054446,7.34086416065671,-1.45322633104052,1.0775141655726,5199.73153238122,32.2478382306103,632.358054905636,7.35682426640323,1.0000354,1,75,
4356,108.918493750681,98.7891624933097,91.3022654769918,1723.18150100426,30.4228833111655,79.5465260584421,98.1861915413418,159.722436561687,36.8763608558677,7.70380005054132,7.3387756620041,-1.42471332725324,1.23929742796332,5275.23149178797,33.0274919751216,641.69644269733,7.35909044753974,1.0000354,1,75,
4357,108.187405078757,98.0337505307955,90.5288754301285,1695.62465381797,29.9371245527438,76.7794036863495,97.8981595606097,156.588306485755,36.5426968817752,7.69380734448001,7.33235559724076,-1.44442598470182,1.26022955209689,5184.13774561719,33.1068000029031,630.296473356848,7.35503236044996,1.0000354,1,75,
4358,106.282745824677,96.178351555295,88.7098862257517,1761.10054158149,31.0934585815611,66.4010124107774,96.7351707726843,157.072290751976,35.8085740186928,7.70406859464875,7.331013291787,-1.47244173040513,1.2009454866897,5174.93242561349,32.946182938052,644.837323396831,7.35263463883818,1.0000354,1,75,
4359,108.499873944357,98.6101439198421,91.30034346694,1807.12498735407,31.9445136900538,66.2299827809896,96.8573816484677,161.398797568265,35.0831979399752,7.72178894420832,7.32973654437322,-1.51280407902398,1.18027111884397,5204.50646944035,32.2462530567433,651.058135314684,7.36082471004537,1.0000354,1,75,
4360,109.722790549884,99.9771802653347,92.7739030984939,1814.43768126575,32.1082649584562,67.8005134506869,97.0903270599483,163.06827569736,34.5808136691347,7.72242342088006,7.32559960831302,-1.54426676099693,1.17937354028072,5181.71283427082,31.7763391567812,649.75541562341,7.36745978301825,1.0000354,1,75,
