4320,134.567914660169,114.319137388393,99.3526498396894,521.865584066047,11.8254724336776,93.8734797778322,98.0521031987027,77.6221103871281,41.6126411132103,7.44551381879678,7.37240558427392,2.8665396513446,7.63090483672437,5124.8253692346,66.022752327595,773.707800780202,7.09830256483865,1.0000354,1,0,
4321,135.326754407189,115.551577113848,100.935141723117,518.658215502256,11.8277768418078,95.3140395615732,98.2165605103322,77.8591741802188,41.71787297782,7.4454372210681,7.37119190513064,2.75527987891689,7.66509830189854,5020.24602056669,64.4785418471874,777.88012927733,7.09882142084495,1.0000354,1,75,
4322,134.175192844379,114.017355413866,99.1180842695744,518.438382493105,11.8616718122991,92.9755831221799,97.9769369870848,77.3258145265285,41.746881455744,7.44486400884755,7.37077711031304,2.60099447988583,7.62514299399326,5082.3347133011,65.7262357263302,771.62955333787,7.09841186655743,1.0000354,1,75,
4323,134.28310486087,114.542054440676,99.9508432605328,526.897790993368,11.9880717693811,88.422954310437,97.4600161135317,77.6041892285509,41.7079496442656,7.44677133330132,7.37107369488228,2.37530481421971,7.4526340835697,4995.16968146445,64.367268457032,776.434414087505,7.09903101239163,1.0000354,1,75,
4324,132.96544679093,113.295415361111,98.7566964782019,528.293097435171,12.0335264131308,87.5126444195914,97.3534661508216,78.0181931345061,41.6345211618913,7.44614534530009,7.37173222936074,2.1487440982394,7.27542144448546,5003.75184899706,64.1357053779805,774.314096408347,7.0997727526345,1.0000354,1,75,
4325,132.135981564656,112.979123049758,98.8197058865722,531.632944711959,12.0989981316833,85.6381871682087,97.1365512400289,78.6479586919368,41.6114114000145,7.4493216353205,7.37186985371656,1.90939919261432,7.04369230274843,4912.54530292361,62.462464183794,777.656312751794,7.10120675800742,1.0000354,1,75,
4326,131.609558887756,112.770711303811,98.8463456982868,537.67184089922,12.1932449168991,83.7642940015067,96.8968343296728,79.3866712589492,41.5183979572369,7.45092463179238,7.3727398386077,1.66381851199886,6.78925309310865,4876.37107162196,61.425564194723,773.608574948916,7.10297593760941,1.0000354,1,75,
4327,130.633877851901,111.962956536947,98.1627103476326,533.969366128964,12.1836495963039,83.7367724636349,96.9182088831811,79.9005941592246,41.4937376926026,7.45215026809304,7.37289798403152,1.46493448297051,6.58019582030462,4864.1905452607,60.8780272092522,774.448052695401,7.10487012778206,1.0000354,1,75,
4328,129.647110608134,111.64398234838,98.3373223303015,539.101009217632,12.2686476547187,82.1486221052326,96.7135754842605,80.8532761701259,41.4040377499923,7.45427447910735,7.37373975202724,1.20616793069961,6.29291735578552,4746.13863061154,58.7006347228904,769.537993649431,7.10671723449633,1.0000354,1,75,
4329,129.038253414512,111.342464616415,98.2629685482572,543.876796861428,12.3505174061923,80.7475103600829,96.526175092238,81.6565072111125,41.3091106471397,7.45605074393888,7.37463955795656,0.985277097877747,6.04621894021412,4711.46042367324,57.6985299100825,773.386172528055,7.1085292695716,1.0000354,1,75,
4330,128.111916843321,110.911426983905,98.1980214356403,545.843307098601,12.4023472532748,79.8235478169657,96.409805697647,82.671817445386,41.2114243664404,7.45785576458342,7.37557197347065,0.716655760207493,5.72998642463917,4636.53051523696,56.0835682401673,767.174300561176,7.11062626689132,1.0000354,1,75,
4331,126.693267633655,109.999317332047,97.6603105873798,547.500541423597,12.4511521901593,78.9898286176878,96.3064842821588,83.6568606434039,41.1551239724014,7.45975629651183,7.37607081483503,0.468116115471848,5.41079763861492,4553.6065271546,54.4319556355912,766.63330288664,7.11284094095756,1.0000354,1,75,
4332,125.662212959103,109.340256782658,97.2762022174596,550.03405188054,12.5101191112715,77.9485394174667,96.1722002760164,84.7051212901242,41.0875964564666,7.46245346581231,7.37668976119902,0.276229664594405,5.15243674754494,4507.9251651951,53.2190391387902,769.099463711132,7.11480205978104,1.0000354,1,75,
4333,124.916975119875,108.97486398982,97.1915644589102,553.747209084555,12.5827641789266,76.8233716156352,96.0117675801317,85.8585475870086,40.9473628755012,7.46433998076909,7.37808117563625,0.0785817814382352,4.90639175548669,4462.97230096696,51.9805240875314,763.765019635132,7.11705258049697,1.0000354,1,75,
4334,124.039019453289,108.483922515243,96.986676952339,557.651473829326,12.658192603995,75.7452199702648,95.8515507628591,87.0416889404449,40.8168190738248,7.46592446063962,7.37937544392383,-0.119686536530776,4.66376759240164,4414.63551759121,50.7186334655313,766.057751182091,7.11944836031344,1.0000354,1,75,
4335,122.645179809949,107.531639712615,96.3607622493678,566.870371761137,12.794615605476,73.8510589820797,95.5483419664163,88.3542714087384,40.7559250061598,7.46962015886203,7.37993239440369,-0.307365513133913,4.42122689339341,4354.00149880485,49.2789021898293,765.324395728593,7.12243144543269,1.0000354,1,75,
4336,120.772850739357,106.050100570517,95.1680678370275,580.897816968782,12.9878994585785,71.2539399572665,95.0925810102164,89.9437511931053,40.6882915321207,7.47486895865706,7.38056360302288,-0.531210720105636,4.10604674802358,4317.72283589731,48.0047004780504,772.88679603421,7.12585876819503,1.0000354,1,75,
4337,115.776235120668,101.634060750431,91.1811492593859,607.229749746363,13.3262459445997,67.2548099786687,94.2515634152031,92.4669533861011,40.6679986701353,7.48029882718433,7.38069260828291,-0.768384479568601,3.62700247741342,4263.80719471553,46.1116868089268,763.96761039305,7.1312368300357,1.0000354,1,75,
4338,108.584153377307,95.1133171646708,85.1566121379398,635.078348737034,13.6866754252863,62.7966793971541,93.1570331404685,97.022241243913,40.6153112570711,7.48783853023905,7.38117351917908,-0.969715558636719,2.92744952191378,4261.48221392751,43.9227352336068,765.628702181561,7.13737844852869,1.0000354,1,75,
4339,92.3160932249774,78.9404934867927,69.0541806368301,641.225068454661,13.791795989074,61.3613890975289,92.7822991697124,90.4043995986705,41.0665047566923,7.49045116144634,7.37630205961337,-1.07284658805572,2.18368818067427,3942.73558042522,43.6122091173447,720.573424658671,7.14104981434777,1.0000354,1,75,
4340,57.1942747209027,43.1408383922997,32.7535158885496,634.377142864867,13.4824357536479,58.5474140651629,92.0234946819302,72.194754937278,41.6454668730023,7.49969601191624,7.37016156276887,-1.03990158297968,1.12245190521477,3308.13328203545,45.8223493508568,588.311967060816,7.13929058837472,1.0000354,0.966359290522432,75,
4341,49.844155020037,36.9472627585169,27.4147771739152,635.602782979922,12.4606617244039,54.9641815382768,90.7418000776962,74.0191107286595,41.789750200075,7.50294605790818,7.36860391250101,-1.1368185082543,0.536882606778311,3112.60317900445,42.0513452318373,536.462401260844,7.13205552103796,1.0000354,0.827979834961602,75,
4342,47.8913027051041,35.7620010011543,26.7968649591044,676.234652630896,12.6273396853258,52.7481284323759,89.7986190644271,76.8090052046912,43.108234181757,7.50261866382267,7.3550136980312,-1.25672740909257,0.262022116191037,3037.68516945414,39.5485550341251,524.132846694039,7.12445925708062,1.0000354,0.778669039007913,75,
4343,48.3699607042706,36.4922321462221,27.713041472882,673.446799327102,12.7162398965788,53.6254404595771,89.9362292709436,80.4567454620051,45.1248992118008,7.48785053889589,7.33466158071338,-1.29269266865741,0.168839200237781,3115.95142559732,38.7282807389817,534.484279824109,7.11810020077447,1.0000354,0.789289824259155,75,
4344,49.1675435214164,37.5832251033345,29.0209027943175,704.489981002161,13.6295699385017,55.3336598879626,90.5031859659157,83.6372171862645,48.7083680958265,7.47650829170091,7.30012720801685,-1.31766014614145,0.0695100507134776,3159.11097654609,37.7715935898558,534.617390894469,7.10923055788412,1.0000354,0.851882658394371,75,
4345,53.9555918482401,42.5559399181579,34.130110230706,966.773948577921,17.7643871627999,60.8792593441906,93.0019577699851,95.0064939394407,53.4805471845676,7.5002449729986,7.2569057685281,-1.30793618430329,0.0807704892807779,3531.34138597613,37.1694737859402,533.057279634484,7.10217664947553,1.0000354,0.931771391340336,75,
4346,71.0412341214911,60.6928438137899,53.0440335863587,1481.70959442785,26.035545130234,69.3928444157938,96.2277629067921,130.122207232877,55.7487198596556,7.60368783476934,7.23436033088597,-1.47107388353248,0.160921700948129,4390.55117717317,33.7417514699507,536.124320024484,7.14057147354793,1.0000354,0.998550223001536,75,
4347,85.9291565760805,75.9089904791992,68.5027807554174,1715.50579448041,30.0278225832881,78.6332916290384,97.8057620204497,150.643110830246,54.573187996649,7.65523124879348,7.23723590115491,-1.52264644753556,0.41847260758454,4921.74396798414,32.6715502677733,538.831106027242,7.19868548316761,1.0000354,1,75,
4348,93.8517221972143,83.8658411487951,76.4849725477895,1815.71330108329,31.8518153707049,80.3098115917632,98.0874324509921,160.001985736466,51.8109691556927,7.67856342117731,7.25196944523794,-1.49548294625372,0.643363849407481,5209.62643660846,32.5597611343966,552.385219430014,7.24740705826047,1.0000354,1,75,
4349,98.8582994414845,88.8103660252088,81.3836326305702,1819.7256246653,31.9688884315567,84.2434295842129,98.4332244831084,162.476470783749,49.4782423228603,7.68219691846376,7.2629887866667,-1.47495739963326,0.823922253770604,5323.06840547505,32.7620878259958,563.917529595703,7.28165060838306,1.0000354,1,75,
4350,101.239918930419,91.1445523106253,83.6827595916472,1812.72289809542,31.871413654996,82.2485777127788,98.2885187601292,162.636391946563,47.1495124851637,7.68337635366261,7.27420416093077,-1.45739083311088,0.918074565276028,5353.46105890849,32.9167475669743,572.170969676425,7.30276540411016,1.0000354,1,75,
4351,101.613664316777,91.4970897223321,84.0196215438295,1782.43629192061,31.3484094169022,79.5939920350874,98.0629910436864,160.06942639074,45.3792884563789,7.68192534295958,7.28077504729783,-1.46463747343552,0.973345117771763,5280.03374924391,32.9858978588141,580.578795344109,7.31489703165707,1.0000354,1,75,
4352,99.7995715555874,89.6559755995505,82.1585351103058,1783.98697118142,31.3883518031586,69.9005113511752,97.0009304191751,157.77707850646,43.635741675719,7.68144081396207,7.28767696800177,-1.48610520449802,0.948016335517488,5218.31959343938,33.0740031621623,589.183914578188,7.32283146056161,1.0000354,1,75,
4353,100.618334936733,90.6443163417863,83.2722156411733,1828.83844602844,32.2198403989251,64.669542020333,96.3255655690622,161.026299642287,41.6498901856979,7.69331902021412,7.29773361967027,-1.48687686245177,0.896183351833562,5236.74960098676,32.5210826592921,610.480407896476,7.33368991538631,1.0000354,1,75,
4354,102.947380106879,93.1438639581262,85.8977868047004,1813.02897891701,31.9642838729265,72.4180371942017,97.4541531063495,163.305362039446,40.6869133091663,7.69928489038096,7.29730497240525,-1.49769154686519,0.927821701460408,5220.0797144859,31.9651458427005,606.787220276783,7.34532031278821,1.0000354,1,75,
4355,103.99795277701,94.1735697967493,86.9120693330783,1782.97320353192,31.4432389854303,77.7221397030906,97.9765797437574,162.9611430995,39.9044205555738,7.69272021556336,7.29479978067551,-1.50643560879741,0.985765480515895,5220.1642508154,32.0331838101314,605.351335349277,7.34979671033145,1.0000354,1,75,
4356,104.328090929842,94.4425701094891,87.1358808074893,1765.63874417686,31.1453283589857,76.0182218117663,97.7822246014561,161.127387879366,39.4210329149445,7.68506145842297,7.28906389595114,-1.51553860948928,1.01085536715595,5193.54313984658,32.2325286110572,601.331346784939,7.35055079187672,1.0000354,1,75,
4357,103.330470756138,93.4657777732094,86.1744829597401,1770.71852332654,31.2450028934007,70.2731498815302,97.1658779432972,159.555400500484,38.6138392812677,7.68929256088367,7.28708809298177,-1.55009567042965,1.01153752214113,5132.0384729414,32.1646177869474,604.148563600251,7.34944646916519,1.0000354,1,75,
4358,104.202073563467,94.4204552520723,87.1905634566935,1802.36045785285,31.8310597524317,65.8419137255599,96.5598590219488,161.41858504108,37.4515796436419,7.68968662533853,7.28950046778571,-1.54575217032364,0.977116910759194,5148.24338302382,31.8937461985163,620.355482071981,7.35251333669795,1.0000354,1,75,
4359,106.500103680978,96.7086871815539,89.4715532471968,1777.45161939908,31.4059552318942,73.957522503028,97.6409585879698,162.962050498519,36.7517536981711,7.69290907694301,7.28671129728473,-1.54212908268901,1.02674711400218,5202.67655320035,31.9256939716013,617.992521732525,7.35707386858716,1.0000354,1,75,
4360,107.732797848277,97.9231351979545,90.6725149781513,1755.69846049479,31.0262525456155,75.5537336300132,97.7569716835905,161.489717013946,36.4673291521899,7.6817941322227,7.27895769239041,-1.54734342953617,1.08290873899489,5165.27879743068,31.9851870010065,608.313841239447,7.35621673922545,1.0000354,1,75,
