4320,118.215714790301,96.0437394591389,79.6557576926279,494.097309902875,11.4980263799733,91.7833968747272,97.8558319508391,72.9532897919456,43.945354600547,7.45799697479836,7.39469021554053,3.42511055037667,7.37389728573096,5274.04813750504,72.2934928986208,791.236921668211,7.06145160914237,1.0000354,1,0,
4321,116.312597856571,94.2519069617056,77.9461789089789,489.007772262787,11.5171888354216,91.858854741907,97.888325426049,72.5894521821339,44.0057379161276,7.45686752764865,7.39378601820191,3.26748303285531,7.35540582274807,5221.40583427018,71.9306411235777,788.153880554982,7.06091007952435,1.0000354,1,150,
4322,115.695649637044,93.8222673084429,77.6549847177376,495.644867917246,11.6818561261822,88.2990501210683,97.5017618630896,72.7917743846024,43.9872019360325,7.45802998496963,7.39367103512688,2.84663242873059,7.1758533638687,5191.50255129566,71.3199066128798,790.364867354021,7.06153770778391,1.0000354,1,150,
4323,114.371575719997,92.9992545400942,77.2023214940789,503.066039542803,11.8483763856524,85.3745793592321,97.1676761084332,73.4582337672954,43.8923517513636,7.46034260048691,7.394317402822,2.37038951422459,6.82942705708443,5119.02199640398,69.6861567978924,783.230946618048,7.06308754196986,1.0000354,1,150,
4324,111.132402762699,90.7080449533334,75.6117804855418,516.057378758479,12.0638481091748,81.6424996793889,96.6943798876375,74.4521611832076,43.7478956418246,7.4642555024141,7.39546163667733,1.75177778906625,6.14798404127544,4958.16003880922,66.595246665956,784.077651490604,7.06686854645797,1.0000354,1,150,
4325,109.424167014409,89.8127986455799,75.317439416445,527.4398400879,12.2588730682849,78.2826321082874,96.2472265793367,76.7184846096862,43.4781195596328,7.47041869129201,7.39786102901316,1.2970919250542,5.52138322278908,4905.71975284076,63.9444297915835,782.316395188085,7.07226428196608,1.0000354,1,150,
4326,109.493726078368,90.8899304468577,77.1392988931325,513.233450891732,12.1729283847031,79.0993890467514,96.4527790330923,79.254185891846,43.2880520472408,7.47335301432106,7.39947986295672,0.826404797697327,5.03896089134016,4807.49222917428,60.6591585677861,777.366264415487,7.077780364044,1.0000354,1,150,
4327,110.402160807294,92.5347507702813,79.3284042211847,522.988208323098,12.3536831208971,76.8036946214085,96.1267775935072,81.8166596104225,43.0786553626979,7.47478839632526,7.40130580644481,0.503569037824318,4.69632491636389,4766.48433500697,58.2581146395248,787.707555524378,7.0807809828669,1.0000354,1,150,
4328,105.578143756988,88.7573325727294,76.324559088712,525.48107568454,12.4536830846303,75.8892701986126,96.0215599504748,83.4623661678135,43.3095946123504,7.47566157167784,7.39871092085351,-0.0317515088585778,4.13621906210992,4577.54318729728,54.8455956555731,771.027199784427,7.08456928235423,1.0000354,1,150,
4329,93.3820362238428,77.3731516099335,65.5404977648702,596.683829145854,13.3613548937417,65.5153080147741,93.9201851068469,87.6386625102499,43.6514509682671,7.48527348742031,7.39503266493507,-0.451953413076601,3.14563021071977,4574.58432058212,52.1982443541638,762.728341358424,7.08846238477769,1.0000354,1,150,
4330,80.2519625820219,65.5586495320965,54.6983746691081,630.163212954211,13.8368727937661,59.917245491384,92.425246892728,94.3438414053828,43.9974400547705,7.49301065988125,7.39136833439934,-0.794419938827496,2.01542530318125,4519.89253117369,47.9087184053946,732.619999489913,7.09543505196629,1.0000354,0.999490685066663,150,
4331,45.8465770998523,32.0429751918522,21.840312912026,580.824570719616,11.4604929083269,54.9643757150196,90.7035868838339,69.3941506294658,45.1103855414369,7.49635821478749,7.38028984994829,-0.949251495395424,0.756540103026479,3123.27418801175,45.0077443081429,488.295857938583,7.08636152832264,1.0000354,0.763044546175006,150,
4332,41.4879895887143,28.8910889503694,19.5803363046363,567.803047635683,9.50941796657577,49.9301351462608,87.4854752192986,72.3530593362724,48.7052630398466,7.46020822105656,7.34623891807326,-1.24432710319703,0.245535072836464,2971.77157775876,41.073198632099,445.25304519794,7.05904437978279,0.999642776073095,0.519479260851717,150,
4333,45.3663179375442,33.7610895388456,25.183312026764,949.984927663213,14.5988049798337,46.7600999153193,85.7280129411782,92.0402664296828,56.2672549068492,7.46353872135385,7.28115492470616,-1.40042428534079,-0.0420460238759035,3482.78271938073,37.8397722483944,516.819774049198,7.02946399861306,1.0000354,0.51373962927106,150,
4334,65.649282016499,55.9351591550015,48.7551553008511,1870.51405979745,33.7577688235081,57.0921583467125,94.9676128826294,149.501900923063,59.1817525629796,7.71071311336424,7.2535061089853,-1.65011529060145,-0.239960611208624,4735.27415886949,31.673671904054,556.983958268627,7.13947216270099,1.0000354,0.987278235440185,150,
4335,40.6994387135795,28.6321631787146,19.7128725659884,1267.4012190429,22.6752501677685,62.902767415328,94.5092211759336,78.8748498316501,75.8634857831604,7.55039246422081,7.13788802650035,-1.20770415105646,0.00891616739065082,3103.43458969926,39.3463137657086,415.788474746564,7.11528442833531,1.0000354,0.881996765416937,150,
4336,39.636692484998,27.7110909285626,18.8965158651103,1378.88924277071,27.5528154489994,55.8624960502196,93.7372653085288,78.8231459527495,86.5343173336853,7.62722129660433,7.06956151443723,-1.22193193871617,-0.0221374331403044,3064.98872382955,38.8843744661861,396.613438161944,7.13450361737978,1.0000354,0.885993946415867,150,
4337,0.0701011705919927,0.0701011705919927,0.0701011705919927,0,0,3.25518129437589,7.73035982902539,0,5.76098230863467,8.26064211462216,8.23572365070593,0.000514137866039821,-0.0312036139097782,0,0,1.17601868745672,7.07081074246126,0.000260021817171447,0,150,
4337.82462890919,3.30349102231417E-10,3.30349102231417E-10,3.30349102231417E-10,0,0,9.04553220801946,98.2679129459056,0,0.0792605097941493,10.1183844136666,10.0971251536064,2.13471056434461,-0.03120806077834,0,0,0,7.07115134952553,0,0,150,
