4320,116.531026229661,93.9065261007388,77.1840694837096,486.391355052572,11.3730695806673,90.8381376088117,97.7562626409321,72.0538561559573,44.5343529847296,7.46330463862508,7.40281757122443,3.673725994243,7.57381998506453,5315.33991124117,73.7689860725338,784.701247261805,7.08563746931633,1.0000354,1,0,
4321,115.94447578993,93.1358241742917,76.2772555888196,482.964037147665,11.3492429964779,91.6734873732543,97.8567713540623,71.7247963215104,44.5807849074751,7.46256582900351,7.40229822150194,3.63000496351231,7.58797250863064,5334.13198071976,74.3694266737157,782.107059505269,7.08524974871104,1.0000354,1,37.5,
4322,116.20177207764,93.4544994579398,76.6412979564226,488.832571612911,11.4461144192343,89.7048176011716,97.6342294210569,71.8248610775336,44.5840584467242,7.46290704319808,7.40220334640131,3.57694595105941,7.55904629717788,5327.19935016951,74.1692955649284,788.725719674115,7.08498712147875,1.0000354,1,37.5,
4323,116.193261150421,93.5264823405225,76.7727762636409,487.89586418589,11.4523220443215,89.5532841961642,97.6234047024451,71.8827130618147,44.5617640041166,7.46298933163753,7.40236046611147,3.47703382679033,7.51996930846398,5312.62410702982,73.9068390818985,789.124576927982,7.08558481791381,1.0000354,1,37.5,
4324,115.763500511143,93.2246824610451,76.5655560761899,489.857627883833,11.4951257404252,88.888643961325,97.5486981121372,71.94690238306,44.5587277134672,7.46300834802281,7.40233231514713,3.36161228304779,7.46263135666936,5287.35000007464,73.4896128247983,786.574524725372,7.08598388723868,1.0000354,1,37.5,
4325,115.152246564056,92.7767292887439,76.2383034765566,486.222198479637,11.4642948251696,89.3046905268616,97.6079288737302,72.0525069504729,44.5487748368655,7.4632741062076,7.40237351777031,3.24236645838907,7.38554708996474,5256.74610735781,72.9571576318804,783.165988571081,7.08620812273267,1.0000354,1,37.5,
4326,114.752563501474,92.4325975517468,75.9352314149922,496.041269631609,11.6063410935369,87.1002810924325,97.3393586274042,72.1312047977905,44.5223272641546,7.46390109603282,7.40257725731387,3.08842223956091,7.25551695367031,5249.4225877417,72.7760281068049,781.681260584579,7.08612058403386,1.0000354,1,37.5,
4327,113.878918040242,91.6513670782647,75.222307671586,490.890891910661,11.5559367811661,87.4392513033033,97.3985941675467,72.2930278815421,44.4839297836624,7.46530060776553,7.40289886967362,2.95243746208709,7.11109794792347,5239.41562874071,72.474701672835,781.279047912105,7.08697414518032,1.0000354,1,37.5,
4328,113.659356790061,91.6604681875933,75.4004200901167,497.999419708195,11.6607610624427,85.9091445028116,97.2074771383001,72.6250565760199,44.4024689653452,7.46601526985365,7.40364236770878,2.84482722926728,6.98802477982456,5209.33211154016,71.7291298229464,779.454095625106,7.08781350339847,1.0000354,1,37.5,
4329,112.680549148914,90.7482963277046,74.537500764202,494.631940356346,11.6327714719402,85.8278903079156,97.2170772906962,72.8434464985807,44.3629117038211,7.46817464548639,7.40397741037622,2.69918424385971,6.82995594605009,5209.17024205365,71.5118585466044,777.456485476135,7.08927981390546,1.0000354,1,37.5,
4330,111.611237754245,90.1794204782257,74.3385120568198,497.170772038724,11.67861790066,85.0240386324224,97.1202162267274,73.0469062635111,44.26231978863,7.4691336567439,7.40491085773849,2.54382223665291,6.62005797618653,5104.52866166845,69.8801485617236,778.195973450691,7.09045435278597,1.0000354,1,37.5,
4331,110.62153896764,89.3411809540138,73.6122206830729,497.93326927843,11.7018278874227,84.5531826454464,97.0683152308044,73.4496999524665,44.1911589698016,7.47015595728907,7.40555625937422,2.41864440674496,6.41741783143469,5096.40317757544,69.3863035638487,767.132028538079,7.09154026573821,1.0000354,1,37.5,
4332,109.276676765082,88.3684801230312,72.9145956484718,490.021571630986,11.6157985201563,85.2538220747713,97.1795904809564,73.6838733143244,44.1030717820022,7.47137444135125,7.40636832642182,2.25879954590374,6.17360262987727,5023.23903474806,68.1728417467913,764.801772303141,7.09278517338072,1.0000354,1,37.5,
4333,108.819790703183,88.0941821020301,72.7752540055257,491.69348825392,11.650477129492,84.813993853571,97.1270465257968,74.1847978358178,44.0304363564286,7.47155290530078,7.40702827866545,2.13400194191903,5.97655363896775,5013.22309305802,67.5774988853247,763.0889382881,7.09292215433934,1.0000354,1,37.5,
4334,107.935970066164,87.4373651667382,72.2862224149884,492.378272358928,11.6722378362083,84.6203883392638,97.1057027751429,74.6117279596797,44.0046359033997,7.47140020975707,7.40722523397079,1.99790360438152,5.77353707415251,4986.84907308503,66.8373352213465,767.439232876163,7.09298760111881,1.0000354,1,37.5,
4335,107.207604353568,86.8631805195676,71.8259976857413,485.327384459047,11.5951689550016,85.4850551043613,97.2312340988362,75.1429713575971,43.9822720942234,7.47166296944853,7.40738614629494,1.87102212786315,5.59653295195492,4984.58011762318,66.3346155677304,761.466467932318,7.09347897523141,1.0000354,1,37.5,
4336,105.891668169921,86.0095911342777,71.3141428905416,486.354425115904,11.6211867455355,85.1887445854639,97.199799955055,75.5453905559235,43.9918989842933,7.47202938885175,7.40722875136634,1.7419304696849,5.40339330500426,4897.3883598064,64.8270969779559,754.771139149891,7.0934815645681,1.0000354,1,37.5,
4337,104.992822964839,85.321058685594,70.7810590009344,479.448679468097,11.5439731219493,86.0451486299758,97.3200372700136,75.9516216314798,43.9515626197317,7.47216520062693,7.4075613454513,1.61328736515232,5.21018440435671,4871.63996171383,64.1413554716609,756.849083674105,7.09421810288381,1.0000354,1,37.5,
4338,104.591398792208,85.1159117681924,70.7209865765287,486.838374082454,11.6523821824626,84.7732450157839,97.160763408681,76.4357995076487,43.9653491448493,7.47283955341508,7.40735765111708,1.49363534832988,5.03231082981436,4853.77858470874,63.5013778356964,757.377616093463,7.09398359197473,1.0000354,1,37.5,
4339,103.795678074083,84.6478199161053,70.4950551906431,481.570047444345,11.5965431008487,85.6545038812167,97.2787461138778,76.9499659933173,43.9912166439209,7.47194755862773,7.40703480076817,1.37753629296626,4.88729580526297,4804.22629176967,62.4331178026367,755.833094126654,7.09358396170737,1.0000354,1,37.5,
4340,104.268855162683,85.2953252196335,71.2714117834661,490.441731583094,11.7219896573672,83.9678615804423,97.0678074845744,77.4244690555635,43.9782981383637,7.47374143979669,7.40709592529733,1.2615362412829,4.73400732256282,4789.84207433651,61.8647067621361,760.827368108232,7.0944168678269,1.0000354,1,37.5,
4341,103.884696519245,85.2015093008104,71.3921970089237,478.483313357228,11.5798845294617,85.8420372075696,97.3175529106828,77.7931126970743,43.9813401379005,7.47248783902803,7.40700064536755,1.14924662317674,4.62019229449046,4739.00248579245,60.918021165268,759.731127917908,7.09490508030411,1.0000354,1,37.5,
4342,103.264444651057,84.9202987022679,71.3615821314237,486.744591999621,11.6980215664397,84.3807955953088,97.13613563513,77.9953636953227,44.0468844502053,7.47374685732956,7.4062903054308,1.05173722802518,4.51010959312053,4665.10159707794,59.8125500805595,758.09496917077,7.09507562481734,1.0000354,1,37.5,
4343,102.94337484159,84.8719800375067,71.5148621388366,484.852392035752,11.6850240165401,84.2380083251508,97.1345189046605,78.2813785986806,44.0328099505894,7.4756187736783,7.40636695269809,0.94785450583541,4.42005218880169,4612.59114609537,58.9232232322121,755.322949416166,7.096189391597,1.0000354,1,37.5,
4344,102.561816116016,84.6659260792374,71.4385290955314,497.545348140248,11.852407981275,82.2857010508309,96.8708242045267,78.5838379146896,44.0784223021395,7.47655931370196,7.40585749064453,0.850509763922773,4.30178037649477,4585.44363613275,58.3509759489056,762.338664682807,7.0970027216106,1.0000354,1,37.5,
4345,101.976473407966,84.20240421657,71.065048727277,507.616726863559,11.9773209747381,80.6557433517283,96.6411914110507,79.5874729909491,44.0522221369488,7.47786267536786,7.40605862020366,0.765977791805825,4.18507731607896,4612.39405463201,57.9537693721792,764.179864997497,7.09866418091608,1.0000354,1,37.5,
4346,104.45327714005,87.2877566393037,74.6001980083174,512.253335176888,12.0350998458476,80.0036953379835,96.5521635870885,82.4011356076523,43.9676047681124,7.47885617967492,7.40684121597702,0.669301576127252,4.104809950337,4611.95430301279,55.96954785881,784.198272534423,7.10136838032021,1.0000354,1,37.5,
4347,107.198388532269,90.5846583490796,78.3049447354181,503.280916630503,11.9422670860087,81.8480866914434,96.8274001697349,84.1878835873088,44.1578942382249,7.47754268287639,7.40491942188478,0.564942622070881,4.06040476211586,4560.49061728024,54.1703915451288,783.521003711898,7.10295439981398,1.0000354,1,37.5,
4348,108.54675305415,92.2269180858996,80.164431370236,508.271200549341,12.001649642817,81.926944939046,96.8226271866545,84.7124977731529,44.5334689059929,7.47492032819302,7.40120072800502,0.472938943807375,4.03593476488647,4507.73183169159,53.2121227703922,784.577270473711,7.10144875347268,1.0000354,1,37.5,
4349,107.615712700454,91.2115373060639,79.0867120145584,521.299917480515,12.1461480936149,80.3427912951264,96.5877414587044,84.4483261138585,45.0021589635056,7.47542465400969,7.39661775644526,0.398389235943884,3.99454755884892,4516.89787532123,53.487121452606,782.441773854307,7.09987797285889,1.0000354,1,37.5,
4350,108.750592720386,92.718634393924,80.8689260656692,535.870869874354,12.3075428158411,78.3831597640954,96.2806457138901,85.0684573891502,45.1505825922881,7.47652672379634,7.39515568987827,0.334860673509191,3.94599392554016,4446.8241386459,52.2734780331523,794.420660476663,7.10060361000855,1.0000354,1,37.5,
4351,107.323231169651,91.2888166401782,79.4372928575243,535.036230014983,12.2998971114825,79.1439472993656,96.3904872846022,84.8520088362422,45.5838854821515,7.47437384428486,7.39097816639201,0.25428542602122,3.88652625291393,4436.18916964585,52.2814866788522,784.633935469737,7.100047329993,1.0000354,1,37.5,
4352,106.780300071412,90.9113260045993,79.1820843030417,547.944723192952,12.4426510686444,77.5092884293569,96.128482756935,85.2276260890825,45.8858085833301,7.47590092586817,7.38808390468475,0.186928241239798,3.83119171350468,4409.85250495028,51.7420548630672,782.999137355745,7.09988573775857,1.0000354,1,37.5,
4353,106.840456974638,90.8738191166961,79.0723911347389,564.084117215213,12.6212348399682,75.6223268449498,95.7869408219824,85.7593596239283,46.0454746542452,7.47574502373664,7.38655006186904,0.131143893841162,3.77913379114614,4464.67475053918,52.0604954388379,783.410250541008,7.10006615776041,1.0000354,1,37.5,
4354,106.72017289172,90.9454727148231,79.2859117145084,581.622913770701,12.8158070903731,73.4398808164409,95.3837096098257,86.1693104736735,46.326224285606,7.47801919302685,7.383886272797,0.0592484952971231,3.71357374616974,4432.08981830403,51.4346673304079,795.570630064693,7.10075852871844,1.0000354,1,37.5,
4355,105.905845951384,90.3312901286303,78.8196619118122,584.606493203497,12.848606881538,73.3137121210851,95.3564785710532,86.6670711836403,46.5419872382313,7.47783548998886,7.38184525209425,-0.0181644712942481,3.64436158676118,4401.13420376347,50.7820807101907,785.291399193782,7.10235627609576,1.0000354,1,37.5,
4356,105.642496154436,90.0895387269459,78.5938745414101,601.737787940981,13.0393132230189,71.419031869508,94.9517466790375,87.3553691310046,46.6906677208528,7.47771101576928,7.38043824574108,-0.0976213407273763,3.56478305020358,4429.93555324083,50.7116574208207,797.570646710834,7.10221645863764,1.0000354,1,37.5,
4357,105.040150301324,89.7500441848768,78.4486614031549,617.424040203698,13.2145572519564,69.361549996643,94.5241836857876,88.1828871813094,46.9330265807663,7.48161114266797,7.3781684608689,-0.179528887178528,3.47223343556146,4396.32342875008,49.8546097692512,789.903427934063,7.10379272295792,1.0000354,1,37.5,
4358,104.36578651616,89.3308098155364,78.2180009498578,624.656346187599,13.294974921306,68.5478020891893,94.3398956370413,89.1423896510942,47.0514794682614,7.48270833453055,7.37705251990102,-0.263714471971971,3.37962295565418,4370.00418839789,49.0227399725563,792.157204244643,7.10606649987774,1.0000354,1,37.5,
4359,104.667052684758,89.7260673811485,78.6827304176112,640.004617278653,13.4673727068482,66.606198166474,93.8617883199004,90.1497411023914,47.0616689017476,7.48438347505253,7.37693731252307,-0.348505255679031,3.27393243542268,4391.75944624982,48.7162735305218,805.094608092518,7.10728178278042,1.0000354,1,37.5,
4360,104.137042937264,89.516098631312,78.7093137095212,647.399442635741,13.5496774443876,65.6466469418697,93.6338828806376,91.0634108776855,47.2219560512157,7.48686089858733,7.37543848024462,-0.432905041196634,3.16394861261593,4341.24361678519,47.6727543471467,808.408128114292,7.10968470338669,1.0000354,1,37.5,
