4320,114.423168458849,92.0103848569141,75.4444143685274,494.863935278284,11.4777563994807,89.7918101818822,97.6262063871774,72.016150713411,43.8050234244427,7.46128410398517,7.39795635434659,3.55393502159458,7.46558660786757,5262.84432975892,73.0786674603377,775.260645324153,7.09489155442926,1.0000354,1,0,
4321,113.797121505352,91.4414203385607,74.9176412152799,487.128881136059,11.3986575799512,92.1038583441465,97.8964255038782,71.7548362417235,43.8336270209736,7.45959912008768,7.39760483358678,3.51100269555937,7.47717553025603,5230.39267495918,72.8925456305041,774.078001013598,7.09458287305824,1.0000354,1,37.5,
4322,113.56934647966,91.2219642044568,74.704333827133,490.755620954019,11.4655257829659,90.8479971953,97.7571383076591,71.8379284339181,43.8841069896385,7.45926286010122,7.39704038781682,3.45617128686163,7.46265005503768,5234.5009150087,72.8654212213787,777.430080987138,7.09383104842199,1.0000354,1,37.5,
4323,113.537196068827,91.2195683397965,74.7239304531219,489.091614765708,11.462222457238,90.9698509078485,97.7782085853674,71.9205435773804,43.8969464047576,7.45928699851236,7.39685151619971,3.36255940348688,7.43545811758569,5233.54318185912,72.7684041518438,779.452949277793,7.09388579799018,1.0000354,1,37.5,
4324,113.502572727284,91.0529835085239,74.4598088685707,492.446353021256,11.5227828610444,89.7861875487707,97.645219213496,72.0032524828092,43.9087331204189,7.45949943387519,7.39667551529412,3.25517009998962,7.38614699157392,5270.54268519244,73.1986751077778,779.209862625367,7.09406858318382,1.0000354,1,37.5,
4325,113.623348142342,91.3572682807878,74.899730991813,497.37213650334,11.6017708310599,88.2899829937792,97.4700056595168,72.0934682836273,43.8704195196327,7.46013645343509,7.39699721228969,3.13688263979895,7.3053452130263,5234.00945998521,72.6003282210502,782.34188565843,7.09448503079856,1.0000354,1,37.5,
4326,112.94014226856,90.880724888804,74.5759381298539,495.284659383957,11.5909028334587,88.3221832528166,97.4836091593718,72.1853971981675,43.8546112227888,7.46065235189948,7.3970976670513,3.01703133252656,7.20988117139374,5192.04215775951,71.926488726051,775.807890512635,7.09542646063337,1.0000354,1,37.5,
4327,112.368136439684,90.2552715912784,73.9109801815874,493.781343795999,11.5867908377509,88.2632767860028,97.4851569431515,72.3365331642746,43.8309687041588,7.46111753257126,7.39727640002073,2.89411678402297,7.10764546803651,5215.51890535837,72.1007584578881,770.765567157237,7.09560461913768,1.0000354,1,37.5,
4328,112.258942491028,90.4124966373519,74.2651236150694,499.027993582622,11.6673136965977,86.9671848646536,97.3273557734479,72.528111038266,43.7740812721309,7.4615890243125,7.39778570481183,2.77218614261552,6.97923017547853,5166.32806914552,71.2320780892771,773.648457989617,7.09565581819594,1.0000354,1,37.5,
4329,111.239402612287,89.6463157853987,73.6862081307425,500.715270089654,11.7021661731096,86.2734396105442,97.2492155012774,72.7735728081838,43.756480271601,7.46280172096717,7.39790593331838,2.64482280078716,6.84770783180821,5123.69476894511,70.4059807871482,774.542109819215,7.0964486618633,1.0000354,1,37.5,
4330,110.210125061843,88.8870963663937,73.1265968958444,507.113609942821,11.7933363150581,84.5400446954297,97.0343439451297,72.9104544478564,43.6681747766289,7.46542749944505,7.39872824745584,2.46090167169999,6.61003211970634,5069.1310413547,69.5254347232193,774.182341555996,7.09799148908208,1.0000354,1,37.5,
4331,109.09963075494,87.9641908827178,72.3423440206405,511.099587470175,11.853425687333,83.3867325199885,96.8890945642001,73.3008617573173,43.5484257936435,7.46741430993815,7.3998642826938,2.31775626530328,6.38624513133355,5051.43993098538,68.9137864123557,771.914662301924,7.09981197077528,1.0000354,1,37.5,
4332,107.907401043512,86.9862472646694,71.5227857759599,502.12424151745,11.7597512928952,84.2051136724722,97.0228433095479,73.5216946512666,43.4260691759952,7.46869306749284,7.4010280377975,2.15071053254041,6.11746837801226,5015.28898260079,68.2150895241149,756.206964915677,7.10180116508045,1.0000354,1,37.5,
4333,106.324889903297,85.7825026460991,70.5989990212138,504.01078427335,11.7955673826083,83.5168523204196,96.9410874461337,74.0485539227454,43.3353421116406,7.47011133640339,7.40187561077675,2.024065192446,5.83519984954622,4959.77888673634,66.9800910887586,754.531898305193,7.10233632724258,1.0000354,1,37.5,
4334,105.719138635295,85.4078750132641,70.3952019013278,495.462058618768,11.703893097022,84.7624704501745,97.1157542816584,74.6552861054909,43.2644125802358,7.46897531598561,7.40252487650273,1.89700657968492,5.61785568917977,4944.15786132019,66.2264940534004,752.093184358314,7.10237308757362,1.0000354,1,37.5,
4335,104.858787555953,84.7605876531734,69.9053964206838,488.890042983306,11.6337194349558,86.050260876698,97.2826343064274,75.1453592468344,43.2843113486273,7.46694382190151,7.40226177152637,1.76312622841058,5.41882075144574,4924.40936160159,65.5317828134415,748.95705133924,7.10185106499493,1.0000354,1,37.5,
4336,104.100133977494,84.4476617432701,69.9219213962348,486.103387288908,11.6105825166345,86.2953227507024,97.3263288426968,75.6413694305535,43.3419860240928,7.46786956660249,7.40161899467364,1.63092794559036,5.23064461785854,4846.98187699416,64.0784522210981,748.289208177372,7.10162311258972,1.0000354,1,37.5,
4337,103.375544089355,83.9455486689508,69.5842477060437,485.425525871391,11.6142995221227,86.4144994126172,97.3458869507372,76.1055765143051,43.3838317832105,7.46761777676484,7.40113371238826,1.50755773254771,5.04853813457844,4821.520305601,63.3530488359775,747.329629702033,7.10094331839121,1.0000354,1,37.5,
4338,102.568873090639,83.3405666411313,69.1283401349738,490.943452544167,11.6968783081831,85.5360588408054,97.2346473720994,76.524809245106,43.4247020581716,7.46742453544974,7.40065731553867,1.38286029917138,4.87927868529426,4797.75550522041,62.6954258697122,745.774139823826,7.10017630461546,1.0000354,1,37.5,
4339,101.908657946932,82.8303676331487,68.729022618613,485.547588926409,11.6404598591644,86.3065999242625,97.3401105834517,77.1236321671884,43.3854456613687,7.46715485888361,7.40098163781709,1.2685987304672,4.72171098935325,4797.57474319424,62.2062863013774,749.926791580101,7.10096981227881,1.0000354,1,37.5,
4340,100.779035145209,82.0576349124724,68.2200782187104,488.996917931275,11.6964787340927,85.4938576438023,97.246983098282,77.7829490256245,43.4226019393656,7.46844982967619,7.40054148989713,1.16036592956002,4.57540560800492,4748.07482440056,61.0426177443642,743.345144642495,7.10114629706442,1.0000354,1,37.5,
4341,100.236933812438,81.7347594625007,68.0592392908078,492.013075533031,11.7460816710045,84.8337564458602,97.1682087557619,78.1252988255237,43.4434989832784,7.4691071590848,7.40026442841276,1.05550070179787,4.42718155460377,4713.12851803526,60.3278142789704,751.470537816526,7.10124373691588,1.0000354,1,37.5,
4342,99.5227471230863,81.1827589726237,67.6271155570643,482.450636665234,11.6364424937561,86.0809001853355,97.3427136156827,78.5905768816559,43.4163755863779,7.46969008361475,7.40046797230765,0.949735161214511,4.30875957450651,4699.63737627874,59.7989932476968,743.110995280567,7.10255987122635,1.0000354,1,37.5,
4343,99.1826113325633,81.2754780183056,68.0397707860282,490.972340758253,11.7560626429914,84.5039542243223,97.1458360539806,79.1030783124182,43.4239460352681,7.47080545079938,7.40032589440638,0.855935142689926,4.17018042020113,4618.64170749371,58.387635551329,743.560210674092,7.10320372799829,1.0000354,1,37.5,
4344,98.2461266909633,80.612771878998,67.5794226701541,486.130698255674,11.7061701035063,85.3355535757195,97.2567827999558,79.1225714990833,43.4743763086013,7.46986815686308,7.3997571447448,0.747643948131505,4.02839218984604,4549.14899811751,57.4949589216803,738.894078242071,7.10316190367381,1.0000354,1,37.5,
4345,96.7226734157676,79.3413620350986,66.4943057972129,502.183823064937,11.9113692537111,82.5511093185848,96.8937469570442,79.7507136994415,43.5732713383675,7.47251829421928,7.39870779382688,0.657729934042408,3.8809523933082,4519.72425767213,56.6731512235204,745.011617617999,7.103887337517,1.0000354,1,37.5,
4346,95.3887271143804,78.2914648907756,65.6543580298504,497.112534086068,11.8609306829227,83.1772274754173,96.992409757621,80.459501861978,43.5880406765276,7.47305012623728,7.39850078970307,0.560340673384399,3.72233903346479,4485.374748432,55.7469863053131,740.88629493113,7.10524752742861,1.0000354,1,37.5,
4347,94.3153375582147,77.459824193157,65.0014012711578,512.906400467889,12.0463225299012,80.7748890506793,96.6503572571876,81.6448876233788,43.704923900842,7.47418211042456,7.39728202487522,0.476164844539176,3.57431699747887,4487.10054982783,54.9587448821837,741.386047334565,7.10578429037401,1.0000354,1,37.5,
4348,97.4420939149909,81.0242892083219,68.8893900773056,527.884033916807,12.215621229237,78.7163241111822,96.3344013533497,84.9200102569448,43.7139280681317,7.4753221749592,7.39714287620804,0.370849250724112,3.48902509850111,4545.90070169072,53.531560911687,761.914973451868,7.10697719631965,1.0000354,1,37.5,
4349,101.077414114709,85.3267305785054,73.684921008268,503.838092352846,11.9578461496601,83.2230985578496,97.0042954792035,87.2185228374446,44.0257699373765,7.47223457634828,7.39401340620466,0.246946808329291,3.4590284903329,4479.22578416238,51.3563591590588,763.600421553485,7.10914078246818,1.0000354,1,37.5,
4350,104.287683770001,89.0336684132449,77.7589614104251,522.331926757859,12.1616935845936,81.2294304915696,96.7003388974642,89.1681107185866,44.403582629085,7.47041872940673,7.39026725183437,0.174175482236369,3.45892867303637,4434.94834591455,49.7369329704785,777.649137842558,7.10801528251562,1.0000354,1,37.5,
4351,106.091137374045,90.8902526496922,79.6548161143013,523.372897451083,12.1737473991638,81.9726328409629,96.7961818363197,88.8036937237376,44.9072981255334,7.46813089844103,7.38533896582907,0.0982473321606983,3.49551308383497,4401.43930679419,49.5636963084754,776.759999597846,7.10710927898755,1.0000354,1,37.5,
4352,106.780984752129,91.7684745275749,80.6722713181219,521.092059850816,12.148653151734,82.8857180846255,96.929081648004,88.046579435299,45.3733747280613,7.46794926626913,7.38082929888601,0.0466036885853263,3.5088689090379,4309.83482824119,48.949486236524,775.80499382803,7.10672294706349,1.0000354,1,37.5,
4353,106.651680862756,91.7049761405942,80.6574117807355,530.209845768946,12.2472173085322,82.1975635290848,96.8151417283816,86.7599854628374,45.8780855429626,7.4661038883662,7.37600152486544,0.00112813687267055,3.50943072232607,4228.24113731929,48.7349221506083,784.55277900918,7.10475326347526,1.0000354,1,37.5,
4354,105.33580597882,90.2769386783079,79.1464715431467,536.726002272724,12.3173714578632,81.8407471305227,96.7533714565026,85.7494445799529,46.3990239078018,7.46498161199229,7.37107537707792,-0.0514905327550346,3.50232797233463,4210.35236651941,49.1006371778149,778.406341052145,7.10343357171086,1.0000354,1,37.5,
4355,104.189087394077,89.2580394511531,78.2220474933398,563.268937183133,12.6081653807779,78.2125949149698,96.1758177698432,85.4344144999884,46.75137773017,7.46599642577615,7.36776823684329,-0.111219987427722,3.47226501628046,4159.27809768242,48.6838719738986,777.736884245472,7.10159238095445,1.0000354,1,37.5,
4356,102.965018825614,87.9406596119199,76.8356984539725,600.887362013946,13.0255839867866,72.8626314537358,95.2172091723997,85.7543876899227,46.9624324502799,7.47236347607111,7.36579112398203,-0.215920625350837,3.36092390495554,4200.94630414995,48.9881208100984,786.370542300047,7.10351988836043,1.0000354,1,37.5,
4357,102.588624688858,87.8129730491011,76.8918392284115,621.56620491309,13.2571302020012,69.8202129214811,94.592033836218,86.9218292438247,46.8246557623426,7.47704415376405,7.3670467072791,-0.280778159168862,3.26881958989274,4187.64947747804,48.1771899407598,780.20716630007,7.10905302797755,1.0000354,1,37.5,
4358,102.896500878921,88.2884694692481,77.4912288620986,626.244995314036,13.3088004765229,69.0750872016455,94.4397401692695,88.0579979661298,46.7671033934927,7.4791782822217,7.36756074052163,-0.345639483995233,3.19918956057264,4194.25975299243,47.6306508195393,786.780546390323,7.11280761228606,1.0000354,1,37.5,
4359,103.401076507016,88.9987748979108,78.3535954477025,633.827550816803,13.3928366941974,68.0675822326924,94.2169780122105,88.8864723962598,46.8357183947298,7.48131908572692,7.36690359963351,-0.421235787094025,3.12331429962865,4174.09562462162,46.9598524060367,786.972096495869,7.11511069392208,1.0000354,1,37.5,
4360,103.579289099079,89.4048307068488,78.9280571125918,640.108766512308,13.4618691443768,67.3392247005859,94.0455977200643,89.4397706839596,46.9481824674181,7.48253531983991,7.36584050444769,-0.503979886043412,3.04575930428238,4133.63353814743,46.2169514359988,797.284187113989,7.11721585188761,1.0000354,1,37.5,
