4320,116.16003700831,93.8298063379241,77.3248532337261,488.299291645339,11.4205496123226,89.0994665798148,97.5687708535293,71.9113710617732,44.6471931035281,7.46608190775742,7.40424576245553,3.49870375276949,7.4710688100329,5235.83075894739,72.8094970467148,784.94351062497,7.09483814782713,1.0000354,1,0,
4321,115.369931698698,93.0150444790973,76.491866968958,480.160516001477,11.3993095147264,90.1249055961936,97.713812925958,71.4394325731849,44.7085440387275,7.46393020935532,7.40336643785982,3.33796790258748,7.44476557477333,5207.21250271213,72.8898916908067,781.446636827867,7.09423368148343,1.0000354,1,150,
4322,114.0924580696,91.9744891190777,75.6264251121701,484.103975324078,11.533354666932,88.0428771452104,97.4942021761757,71.4295631115936,44.732366999759,7.46424771283984,7.40286214105774,2.92178940768201,7.27561065679095,5151.3144311511,72.1174007896878,782.313228714189,7.09386229350346,1.0000354,1,150,
4323,112.359169103314,90.3101700791804,74.0130838439513,491.964686838852,11.7132205354448,85.4444403132496,97.2006711861334,71.8415431472022,44.7272361619198,7.46586479313969,7.40264527678349,2.52040434695071,6.98494313217025,5164.86949471463,71.8925188470951,778.538749016095,7.09510393017381,1.0000354,1,150,
4324,110.770606744096,89.2359329285319,73.3190001083327,504.196695441683,11.9351596931257,82.113564455121,96.7844031636178,72.4015103686223,44.5197664373462,7.46857451638034,7.40440067670248,2.05459541302296,6.59741818831833,5083.70973607036,70.2155205076159,784.945875751716,7.09792767091445,1.0000354,1,150,
4325,108.463823296205,87.410260776643,71.848931957836,513.912395910707,12.1120987964695,79.0702546711807,96.3872256404337,73.2314818005123,44.3310826855152,7.4731982077537,7.40598256736828,1.57110277958622,6.13392777588782,5027.10825997143,68.6468187775529,782.13295205744,7.10196642631342,1.0000354,1,150,
4326,105.15624766109,85.1176763361544,70.3065584003327,526.592249638377,12.3251437778888,75.7868903187765,95.9130615694138,74.3009276126171,44.0845557813203,7.47827755036557,7.40814090414719,1.00763636609237,5.50585015989847,4854.62638757916,65.3373590823756,776.05509666729,7.10665084450168,1.0000354,1,150,
4327,97.2448349233514,78.0510766322925,63.8643857215098,545.791478135753,12.6184511528322,71.7212963484583,95.243902302485,75.9245463826224,43.8748958644928,7.48516291923635,7.40994376201697,0.466412196900545,4.57788354507698,4751.56909518979,62.5827788452527,759.890401044562,7.11290987910117,1.0000354,1,150,
4328,82.4555153877785,64.5173073753915,51.258631887975,580.141846793101,13.0940748561832,65.7236233832509,94.020057055632,78.8830782281873,43.8515169000637,7.49503568513241,7.40991141947334,0.00300048538206887,3.30861123116834,4613.78897694886,58.4889570815483,721.280137376267,7.11962588038246,1.0000354,1,150,
4329,66.6449084512594,50.7323590104968,38.9709094238462,582.979315692203,13.0709911687733,63.5349400629847,93.5474245021732,82.3590578678637,44.1977173347538,7.49912308568482,7.40626009500987,-0.404040222406844,1.99671345430893,4273.12854633656,51.8841358432286,652.496842430145,7.12243225958791,1.0000354,0.98320992418885,150,
4330,43.0480699883654,27.9455688691013,16.7828506505149,377.795513900332,7.54846258594695,61.3647963331628,92.3831942757926,60.9636842919083,45.8355444663899,7.46224376405251,7.39021572498115,-0.371773474129345,1.23334435321559,3002.02914093799,49.2429087219135,409.341064972849,7.09832091884137,0.995234698752633,0.544355181483155,150,
4331,43.3252694876427,29.2270747476055,18.8066699397519,596.812489451085,8.92127528032508,44.3543684266438,83.0310708961151,70.3547275780528,50.6130449979487,7.44560767200419,7.34630946111234,-0.91946518562547,0.77343960753464,3234.08635970241,45.9682877190372,440.623036952126,7.05827400956227,0.976040878305517,0.401600193036564,150,
4332,41.2462617536002,28.4914198841063,19.0639280675238,772.270232440365,10.9413387020008,43.9450965800536,82.3531734934417,78.5743236111325,58.0989881556706,7.43053265890356,7.28390463452108,-1.29955094571003,0.27528292029605,3267.76300416804,41.5881786057788,434.865931301106,7.03486526914249,0.990159457022851,0.370656592770625,150,
4332.86255853926,51.9032096916981,41.5087379348388,33.8258675058558,2000.99085844641,32.9533147964088,41.5343359549076,87.4155601284451,135.02508202906,64.7492921064559,7.65185454492134,7.23248985940315,-1.77348964473179,-0.350883690206455,4576.27058081406,33.89200370809,578.80910727606,7.07946121495675,1.0000354,0.85080122194003,150,
