4320,115.732574688034,93.8318288566045,77.6443210681566,498.955497438941,11.5540765715477,90.7337720588943,97.7320090009933,72.4837738747125,43.417895928006,7.45695640426085,7.39128625789296,3.3569372876388,7.34792234709704,5176.0030499381,71.409127495,766.578514188263,7.08582257627854,1.0000354,1,0,
4321,114.969452462007,93.0029313306925,76.7668070162428,495.070362404955,11.5891784849885,90.5580092892048,97.7354779640359,72.250966162114,43.4759411100601,7.45559449497884,7.39044048978009,3.19041737652121,7.31305793261899,5174.87380171073,71.6235931032333,772.478631023084,7.08511833067548,1.0000354,1,150,
4322,113.878543362298,92.1543051176212,76.0972594585123,499.54422345657,11.7246881582577,88.2559300048948,97.4841399418525,72.3510015317362,43.4835895234317,7.45521524045951,7.39010683116169,2.74925855195717,7.12366799354108,5124.8826573667,70.8336104389475,764.939713383764,7.08488135849192,1.0000354,1,150,
4323,112.373994493445,90.9937118680609,75.1908942753859,507.233810052811,11.8919153849709,85.2458750306105,97.1381707916827,72.9543704731245,43.4529318204496,7.45781574085942,7.39016229881729,2.34642170383398,6.82100278589659,5085.80351710275,69.7121157254903,765.444595605455,7.08624556154149,1.0000354,1,150,
4324,109.47903355511,88.9809997578294,73.8302791250568,524.47081373145,12.1500869485255,80.7339390550205,96.543036313961,73.6652194387969,43.3259760453495,7.46229766529784,7.39118630324126,1.69948358842584,6.17847680837993,4923.44979200678,66.8354730972779,768.636975149801,7.08970947890698,1.0000354,1,150,
4325,104.185587008202,84.9136122788553,70.6691092180335,536.706327421988,12.3566651785491,77.0291176053542,96.0327900340324,75.0678617901583,43.0406391066122,7.47002783204293,7.39380763471454,1.10472073236468,5.2171772718131,4717.10001953122,62.837809776935,756.630376623909,7.0956235830066,1.0000354,1,150,
4326,103.337825449635,85.2849724527611,71.9415593681156,529.499373224258,12.3513273300435,76.5158666822782,96.0360365835832,78.2355628819947,42.6574719925942,7.47486557759924,7.39744059220598,0.665863613836781,4.56925274635822,4605.16164580941,58.8627661918344,757.989996536697,7.10144591715341,1.0000354,1,150,
4327,103.862464626589,87.094665670049,74.7010751369545,515.640396716217,12.2688644391549,77.513962741583,96.2734711164409,81.5416783192903,42.5497881529571,7.47674980606553,7.3982912497494,0.235696501312836,4.12440329908795,4458.10739063595,54.6727450614822,763.421768402183,7.1063884863365,1.0000354,1,150,
4328,103.831716645842,87.5315592787037,75.4836168769056,536.124078154037,12.5746053859508,74.3846064570966,95.7716972829279,85.294782689137,42.6929155511728,7.47735826744167,7.39659411015304,-0.0416874879165317,3.81551161539884,4533.24390186778,53.1479623834615,762.886501334731,7.10928434279334,1.0000354,1,150,
4329,98.9919413080695,83.3998146090656,71.8751992228453,569.401168428718,13.0328715063041,70.1673810942193,94.9541546146974,88.1964274947473,43.2688463303116,7.4766281787832,7.3905517747856,-0.502128473127794,3.2957705494377,4483.85098231196,50.8393719527812,757.852272170951,7.11132567669039,1.0000354,1,150,
4330,86.2874218661138,71.7816142138238,61.0599302969138,657.863812569905,14.173906168832,58.2194913782277,91.7727347207358,93.354810084431,43.964471728199,7.4891954618934,7.38342692660354,-0.893007331646558,2.31204105998286,4415.43439020746,47.2973421103219,760.179212531204,7.11647587595115,1.0000354,1,150,
4331,49.755648815913,36.0008595611504,25.8342761989345,792.123149228293,15.1455819731617,50.4724636701143,89.4240851797338,69.9035095081951,44.8242192053941,7.53251267142607,7.37482709483226,-1.09504763900983,0.878349854601751,3135.07361110454,44.8485867613986,552.447799402694,7.12440161808669,1.0000354,0.891113097417811,150,
4332,46.395582401612,33.9603739055985,24.7691328433276,756.334631684395,13.4145992907724,47.6311928828914,88.0082241004396,73.6929880363054,46.1669099152904,7.53164913497765,7.36120270301197,-1.30758607798772,0.339368459258703,2987.95504644726,40.5459885135235,526.449990002678,7.13377163330036,1.0000354,0.709435025237745,150,
4333,50.4808065046934,39.0413980666508,30.5861831341845,1033.41811092667,17.9678665434493,49.3797948897454,89.0476721503151,90.7712625737286,51.2714502673272,7.52938092488824,7.31306771887542,-1.39269124088115,0.0775501577790387,3385.68667663828,37.2991030491425,571.866839291454,7.12654907128577,1.0000354,0.782422286658246,150,
4334,56.7810940709444,44.9081676258061,36.1325263402691,350.48974662046,10.3607189586529,119.832751604778,99.9958864140599,80.7122051805101,58.4754084909317,7.67293258469729,7.24979177605117,-1.20308191594286,0.417965081849867,3124.58117606437,38.712623067061,465.659927420723,7.21060447049725,1.0000354,0.996049233907707,150,
4335,49.3103970734113,37.3428284513995,28.4972342525212,1296.42735210237,23.8226465254287,63.017466630403,94.757967316142,78.6974320078807,74.3322002593546,7.5674515260131,7.13723859357293,-1.2277513827682,0.228616902398143,3070.86913327515,39.0212114286986,446.602462964999,7.16302547114537,1.0000354,0.966864314892732,150,
4336,50.4666682608175,38.8177825783377,30.2077366391135,0,34.1588939619392,69.4901562356809,93.8380223785545,78.2995689349785,80.0140428847544,7.362427240079,7.09333050365268,-1.22790664631373,0.187572503738728,2973.98364689024,37.9821203020912,442.044745445701,7.1669735285185,1.0000354,0.974344250383579,150,
4337,49.9541001156268,38.3090237244219,29.701793348314,0,21.9376203693435,43.6348102587232,60.8232785239985,80.1269919502837,119.501479765574,6.93561878908937,6.90319104275626,-1.25360461296238,0.184029672096945,3042.39783056986,37.9696998042503,595.884220148975,6.94601473275293,1.0000354,0.965174842045099,150,
4337.87254317644,0.000116326004976215,0.000116326004976215,0.000116326004976215,0,0,3.73921166043463,36.856262548127,0,1.13436919402922,8.92377585362206,8.92096461788157,0.505919830739959,0.174565475126875,0,0,0,6.88098405274521,0,0,150,
