4320,115.314626995473,92.7343949466088,76.0446582148394,493.819468364864,11.4719363842413,89.5816819526541,97.6039868053904,72.1633477762854,44.2768058181985,7.46233406102655,7.40073663918444,3.56323004884215,7.4278070099451,5313.00096804072,73.624646468892,782.751879582522,7.08692459776475,1.0000354,1,0,
4321,114.825808088903,92.1376146675211,75.3680803995432,490.369550336261,11.4698473596477,89.8720272293411,97.6498629135982,71.9060589406393,44.2630271773591,7.46125934716241,7.40072834494996,3.50044214843979,7.40981805063984,5319.37029922895,73.9766631296015,783.786484262594,7.08670584070435,1.0000354,1,75,
4322,114.28485679065,91.7193253602888,75.0404543030651,488.754180211218,11.4885337390105,89.5580782661323,97.6283578371344,71.9951025512649,44.2821150820631,7.46148787689633,7.40040394621453,3.3564236246181,7.35567862885504,5297.16306480957,73.5767139304742,783.330288963175,7.08705455481235,1.0000354,1,75,
4323,113.492103968996,91.1427923670459,74.6237359656042,490.979472043763,11.55479974779,88.5413712726473,97.5182676839182,72.1366765925036,44.2801078947526,7.46152674052035,7.40029136217694,3.14730523431523,7.25566730523165,5256.72311732047,72.8717119450266,780.950907009245,7.0873163554956,1.0000354,1,75,
4324,112.748874862071,90.6053590627671,74.2384126024122,497.153684660099,11.6689472979198,86.4145045952691,97.2732527562806,72.2924434693999,44.2339330723392,7.46384055973595,7.40061634957955,2.87802540384237,7.05407636314827,5219.56490221848,72.2006983264832,776.099261180449,7.08812084412168,1.0000354,1,75,
4325,112.0943605471,90.0981432874005,73.8400696606661,505.818434298122,11.8090436649145,84.3907262088637,97.016952877959,72.703195612677,44.1034264741026,7.46469367424177,7.4017735743483,2.65135770161937,6.84814505717297,5214.30370264817,71.7204196969158,779.502710419984,7.08968454637797,1.0000354,1,75,
4326,110.016739367537,88.6160668566107,72.7981784789697,499.743564964866,11.7692670772898,84.4504028680977,97.0583810530298,73.0099531478605,44.033210971126,7.46705687878287,7.40234145296057,2.34768427888634,6.51116193765899,5094.53221250757,69.7785985725819,770.234787138254,7.09189065449221,1.0000354,1,75,
4327,108.001654280987,86.9359287946068,71.3656099568475,504.931053288275,11.8641294320935,82.7391017059014,96.8512640978003,73.5077975248079,43.9023085709697,7.47016995018071,7.40350998003101,2.04347156881908,6.10064826185855,5048.99165138668,68.6864771003744,769.715159931438,7.09438258514122,1.0000354,1,75,
4328,105.554765092869,85.0276398351544,69.8554168185824,505.604787842679,11.9040801885196,81.843532766202,96.751088138617,74.3761970276037,43.6924059601948,7.47226019745419,7.4054646971628,1.78092441514545,5.6539213194643,4978.02327159163,66.9303281229089,766.110643948858,7.09681166149958,1.0000354,1,75,
4329,103.355503288163,83.4306194286686,68.7035313586073,505.807136635101,11.937933512286,81.0744223210828,96.6686064369729,75.21704347269,43.5391848334216,7.47439624217653,7.40686157263753,1.50110177778258,5.19579345911293,4886.60099505321,64.9666720392626,755.805720229512,7.09884054231026,1.0000354,1,75,
4330,100.964889066055,81.6871061356522,67.4383100566585,491.702672819768,11.8035168584452,82.5743607295022,96.9126574637633,75.9722482815165,43.4291249075314,7.47472541681992,7.40782978329175,1.23431332028743,4.76018938467377,4775.36845606631,62.8567478794507,746.922580890866,7.1003941283588,1.0000354,1,75,
4331,99.1063456053388,80.3349561990566,66.4604509857177,490.57210953476,11.8223807015795,82.4313341351368,96.9108647007432,77.0818240531038,43.4177835079769,7.47494132956028,7.40780988721452,1.01598774513737,4.41639072025148,4717.84017126003,61.205611429353,746.447959987717,7.10036233163629,1.0000354,1,75,
4332,96.6869551543531,78.3738615987505,64.8380967967833,485.097738995019,11.7874277861443,82.7186131315377,96.9811827731983,78.2234272191075,43.453927222441,7.47666527542878,7.40731313883961,0.799348323181314,4.10548474555433,4670.82262962963,59.7113012773839,738.343498376996,7.10098883357153,1.0000354,1,75,
4333,94.2012362939739,76.4180205607071,63.2739045839448,493.515974333485,11.921240185081,81.1806069206722,96.7811889267922,79.4616612345307,43.461666053132,7.47749271425563,7.40709898518575,0.598591820667441,3.77945065913768,4607.47257653093,57.9835924010196,730.580334545085,7.10174892774127,1.0000354,1,75,
4334,90.1842040612135,72.9689508621977,60.2446332803164,508.212903248803,12.1141275687011,78.6610950703805,96.4241394758089,80.9057190938245,43.5806410545886,7.47961570053113,7.40577882860489,0.391295671254441,3.3998161450126,4541.37598010369,56.1317052857185,725.816972858507,7.10265933648542,1.0000354,1,75,
4335,86.7602845722163,69.9271719264865,57.4853060579036,525.437630896193,12.3333940916732,76.1124203547441,96.0253007866549,83.6783528878937,43.7322962373687,7.48141857969917,7.40414731424498,0.221407747100379,3.06222034795415,4592.74543761856,54.8857055512505,724.062597298054,7.10368766160894,1.0000354,1,75,
4336,89.0005019500055,73.1260177690178,61.3927033743747,535.606354027207,12.4721748412473,75.0008686036518,95.854069452137,89.5174976396907,43.9997613209491,7.48280720519497,7.40139069519439,-0.0220692632242385,2.7882252846236,4633.42756034266,51.7600210295453,740.79434813251,7.10675072808909,1.0000354,1,75,
4337,91.8668783233695,77.0368088439732,66.0754531418107,561.643556965358,12.789191109106,72.3642910979646,95.3503355710747,96.4299195222961,44.3862669736816,7.48218953277283,7.39749914623274,-0.219755317006629,2.5434443655541,4662.83246657574,48.354623644559,757.303010616062,7.108013058183,1.0000354,1,75,
4338,96.1396996413823,82.0767356106322,71.6823708922517,567.595698378053,12.8734322413947,72.7582017505272,95.4174796868953,102.014619636785,45.1584878566783,7.47977384161281,7.38993157855093,-0.435571896489646,2.39984760904303,4677.71870895783,45.8534151831617,760.869995296352,7.10878631810271,1.0000354,1,75,
4339,97.2879023750115,83.8846167332487,73.9778403893371,583.937908344302,13.0742897713466,72.0097103625438,95.2326028853815,104.64250429241,46.1401027110162,7.47598896137307,7.38052814537593,-0.612101573361586,2.28863725696274,4573.13707790031,43.7024812128086,772.5361000671,7.10777885485909,1.0000354,1,75,
4340,96.1707672369824,83.0307699632888,73.3185980653413,624.085252467527,13.5551113033913,67.4562655126269,94.2162374399561,104.807981197604,47.1164501524943,7.47803971775656,7.3713777571152,-0.753350799079038,2.14815183569087,4490.39403750396,42.8440085019651,770.884886794554,7.10662419709701,1.0000354,1,75,
4341,88.588834015115,75.4217663461541,65.6895858951831,661.539817987456,14.0126173793644,62.6587386005785,92.9351807948838,99.8557906759176,48.2140099030166,7.48179753603645,7.36132594456603,-0.853083999001,1.87316687145892,4287.03613418269,42.9322736835191,754.006817941022,7.10735904135486,1.0000354,1,75,
4342,77.4888146448021,64.2669526829237,54.4942721024048,705.260019533877,14.5595575539669,57.633275553879,91.3836838346934,90.594984614133,49.130609530752,7.49173216943933,7.35309964865716,-0.918245241615095,1.50319334390455,3905.63447882402,43.1109348432379,725.95742137262,7.11073325301616,1.0000354,1,75,
4343,58.8754449559799,45.1117522505949,34.9385880770495,873.206162215564,16.432015167254,50.9354974791284,89.3313091049106,73.6659269468836,50.2165370416096,7.53296329462881,7.34327542866877,-0.921341519102612,1.10117778056159,3305.95126813156,44.8776171718479,646.354907888757,7.12122853192871,1.0000354,0.964106822060278,75,
4344,57.0633527010741,44.145428651015,34.5973978314061,801.585179043869,15.2523024524696,52.571369763204,90.0138681167742,76.595645541844,51.2045671916616,7.5259668037198,7.33331454536959,-1.06607561946572,0.760087184139072,3226.20254336513,42.1199210548159,627.947481056005,7.14176299972686,1.0000354,0.924061911879525,75,
4345,69.6710770495857,58.3697156647576,50.0165355107542,1402.97707864426,24.1394939074592,52.5783400091179,92.021960886211,106.374228614335,54.1169712939175,7.6262698014602,7.30584175280303,-1.35074999723207,0.50847921388199,3919.78284693717,36.8489896283859,648.689678504557,7.16951063174215,1.0000354,0.975075195250914,75,
4346,89.8543930730296,79.8550011636948,72.4641462741865,1745.70307025299,29.9805342595567,73.1979483911397,97.4505195306426,139.26699442266,52.3870457251193,7.71188525572274,7.31400337943929,-1.47031999601755,0.640965470216335,4540.63523449278,32.6038143733644,613.259886335896,7.24365470883186,1.0000354,0.999968201194901,75,
4347,102.90323639128,92.9839503899063,85.6523042149781,1811.06897269693,31.2188435167912,90.1083291917001,98.9252540409108,146.398093949557,49.5049165525544,7.73360568846241,7.33059298456537,-1.4243974982016,1.09888114091633,4734.89831297943,32.342622675203,624.809317837737,7.30562319330376,1.0000354,1,75,
4347.33201999547,65.1530870860791,51.9907720315168,42.2621043824926,498.409019012755,12.2344259687021,137.512173058769,100.266046421701,NaN,51.3782654256512,7.46835754568977,7.31178500327281,-0.825419674675521,1.05650148650358,3266.50320647356,42.9167774054408,518.612554565492,7.2790939645642,1.0000354,0.998280937316538,75,
