4320,123.585470654476,101.729805669877,85.5756185073466,496.528014350447,11.5177888555297,89.7831058290855,97.6335582120774,74.1044931693901,44.5840100951224,7.4627582020435,7.39994931289966,3.29108382446884,7.31300288328767,5280.84460387407,71.2621378005105,800.836640076446,7.05327890357383,1.0000354,1,0,
4321,124.319864512767,102.608987472995,86.5618174870772,491.676384080502,11.4976514592498,90.4552117224073,97.7278333626879,74.6199906316501,44.5762139992065,7.46234189615652,7.39988193455529,3.20724111106347,7.32755271125497,5282.35250705102,70.7900451653301,802.485037180433,7.05384520649062,1.0000354,1,75,
4322,123.965082326856,102.3300614192,86.3389590091941,489.396370542988,11.5074359895925,90.5312774519813,97.7488408738848,74.5098478634236,44.6228052884793,7.46186727468065,7.39929138611614,3.05067072637976,7.2996030314167,5256.12660488028,70.5427102000631,803.99749590681,7.05400979482535,1.0000354,1,75,
4323,123.839875774658,102.404096652303,86.5602599096921,491.062827305566,11.5660385516031,89.4206159131504,97.6321063307682,74.6195936702163,44.6199219670917,7.46212927649183,7.39918685085703,2.86324374612183,7.2101730406463,5215.39222091647,69.8930664775001,807.044732758258,7.05429728280735,1.0000354,1,75,
4324,123.099133761348,101.9140162882,86.2554511993519,493.872639401795,11.6373415181937,88.197633295537,97.4992421090359,74.9545445705656,44.6117281486382,7.46272681599342,7.39913761582919,2.63836711087603,7.08436069806054,5177.54244572384,69.0757641899814,802.950895328571,7.05503230107624,1.0000354,1,75,
4325,123.158299016905,102.050715423596,86.4494579850633,501.239532164863,11.7627995878882,86.1993403239821,97.2616599403159,75.5152717108851,44.5371080709763,7.46368092666001,7.39973797402005,2.39365061830412,6.91585649193218,5197.1844333161,68.8229587945315,803.259093740783,7.05589609881247,1.0000354,1,75,
4326,123.211347251304,102.571120644173,87.3153009780326,509.296492833719,11.8904986104937,83.9535340923663,96.9872497484139,76.055241466796,44.4603090719949,7.46662993661681,7.40036425862996,2.15428559963265,6.70177081378305,5118.4496119122,67.2991040880042,810.892562100302,7.05806044494708,1.0000354,1,75,
4327,122.249752953749,102.083578190739,87.1781446702538,503.569977881449,11.8552339021948,84.1599391299959,97.0436393819379,76.6579074244777,44.3713196454897,7.46818521567607,7.40111193415885,1.91638691564866,6.48828368588099,5040.51960340269,65.7534202635069,798.714467791829,7.06066424750887,1.0000354,1,75,
4328,121.673019699027,101.616248005622,86.791677623541,503.594198219662,11.8865009681837,83.6107143760783,96.9883102153913,77.1248037010879,44.3071547402742,7.46907572713162,7.40161822469143,1.72244853417871,6.31165289349332,5043.70786881095,65.3967028345228,803.032860276418,7.06178153235187,1.0000354,1,75,
4329,121.585558467113,102.116315185968,87.7260049346868,516.252698100684,12.0559595524648,80.8113230945126,96.6119750354481,77.9385962444183,44.1817048929338,7.47228639780876,7.4027286851424,1.46851272629096,6.04778783619386,4947.62155690892,63.4810196143768,810.160716437963,7.06422584044446,1.0000354,1,75,
4330,120.724815613503,101.666327494018,87.5796188839633,513.490690870322,12.0549544485841,80.6670065383581,96.6154869985397,78.5468781712035,44.0776011080023,7.47330009385285,7.40363225372395,1.27170176322593,5.85525361697674,4881.03808414541,62.141719668432,798.280102406577,7.06705248232109,1.0000354,1,75,
4331,120.572452386158,101.755510957686,87.8473368583801,516.90635823003,12.1209766779682,79.5736677344641,96.4714804163169,79.2411880749283,43.9372878952778,7.47464826848131,7.40489614932316,1.05923138314536,5.6475868475587,4861.77474315961,61.3541374286621,805.991279698888,7.06852485355057,1.0000354,1,75,
4332,119.660892754185,101.342719427441,87.8032000120212,517.773297440192,12.1595255145572,78.8315156320397,96.3872143381875,79.9589037751861,43.867117817785,7.4767758411674,7.40546977233575,0.840359579535205,5.43264906990142,4775.77455235002,59.7278642760995,807.03531219057,7.07076592984481,1.0000354,1,75,
4333,118.914547123987,101.076716706588,87.8922333545978,523.18123823611,12.2485259980255,77.4660439021359,96.1960538061958,80.8646532167988,43.7423687312943,7.47890864744373,7.40658576027196,0.564677054701487,5.13967972156782,4703.22310782995,58.1616679319773,799.273176245736,7.07281701745867,1.0000354,1,75,
4334,117.082478354652,99.9083969731326,87.2145107346181,537.214806808399,12.4351243967514,74.726741671332,95.7735957279879,81.9814385290327,43.6422611048442,7.4840966140217,7.40745960953741,0.300754300824374,4.79052469321145,4590.75243077074,55.9974612929606,800.904109114604,7.07651915756442,1.0000354,1,75,
4335,115.368323724959,98.3621586443128,85.7923844542701,541.66706137354,12.5160406101514,73.4743651822961,95.590574437394,83.2386424219481,43.5419483407912,7.48756478937853,7.40833796779082,0.117308785852556,4.52354916099294,4615.57912716423,55.4499568093294,802.163856758109,7.08085352354134,1.0000354,1,75,
4336,110.242901726789,93.9007125967216,81.821703239715,564.973400738454,12.8109845419177,69.9912209645766,94.9292586290336,85.1404279762742,43.5263025789483,7.49142754572551,7.40837645110828,-0.150510658134589,4.02150992306598,4536.708581394,53.2850102968502,791.87795860601,7.08463291486552,1.0000354,1,75,
4337,105.154232338038,89.1615603556089,77.3408897599001,598.053138078412,13.2222239502201,65.1207000025314,93.8365342281117,88.6733437550536,43.4777749175566,7.49764480112964,7.40875106903729,-0.333173275862225,3.52168869671378,4623.90536354271,52.145381776913,795.370139085076,7.08987138784089,1.0000354,1,75,
4338,99.2643302662189,84.2341506452514,73.1248874471451,617.508480368355,13.4772201971953,62.2020838687078,93.0825828679326,93.4403146796776,43.5406640240193,7.50175337006213,7.4080264534087,-0.564172567093663,2.89547466113676,4579.23872518359,49.0070987119603,788.382105197678,7.09477685389667,1.0000354,1,75,
4339,96.2875252643256,81.8539216746798,71.185605977985,627.755592714369,13.6231341357882,60.9231902467382,92.7193372653855,99.2892435673283,43.6847402007567,7.50262189484417,7.40650972422318,-0.701403317953788,2.52677440182114,4672.74194204115,47.0619150086742,774.689063447369,7.09731798646567,1.0000354,1,75,
4340,88.1697592117801,74.3217684457335,64.08629700996,640.90055557088,13.8012285586005,59.452663296899,92.2658133786272,97.9339665932409,44.441008546554,7.50349841706836,7.39898675399845,-0.926750958116014,1.94940684924758,4421.96124444114,45.1524777180457,760.198389665257,7.09788350650389,1.0000354,1,75,
4341,52.646321189475,38.6734812367819,28.3457299674001,577.590118264227,12.3218008086308,60.012990128014,92.5293412336611,72.2636916116913,45.2186076365474,7.50608110424067,7.391395358959,-0.76121956698746,0.929026372876001,3292.30188127918,45.5595584428534,556.73238795031,7.08825078266903,1.0000354,0.904134672267457,75,
4342,50.2918999752813,36.9151400487383,27.02796966825,619.081068375715,12.082029899958,55.2737826247496,90.6254970831146,73.5151639003223,46.9933763786871,7.49732909126269,7.3745128388894,-0.898804417878355,0.68337505812796,3206.4368008467,43.6159920039659,539.669035811351,7.07108391204272,1.0000354,0.8052392002889,75,
4343,49.0956427589228,36.1428606721414,26.5690652166943,696.207175497745,12.842808898925,52.3491475325475,89.372824479071,75.5067300645792,49.9100517639953,7.4989518145391,7.34763533717742,-1.03581913499786,0.515004308766287,3188.91940859811,42.2335784620881,534.002408021091,7.06243949722486,1.0000354,0.774804335099115,75,
4344,50.8871084922924,38.5363182576925,29.4074733016839,908.871869299392,15.9182145969752,50.5356799273286,88.690802917265,83.5462071511102,53.6829127619915,7.50705982503721,7.31422268698492,-1.23107400998403,0.326236658550574,3364.46725559224,40.2707360431925,565.310792542148,7.05815180669002,1.0000354,0.808495936522462,75,
4345,64.6164978700731,53.8601874724979,45.9098710916814,1518.50130242317,26.1109614260767,52.7377117628304,92.4640647256081,120.805478854117,54.4041294702595,7.64344498588248,7.30495933245839,-1.47823046646711,0.0964283661738441,4236.86649186984,35.0718074383548,606.744996642813,7.11956534868407,1.0000354,0.96158710090508,75,
4346,79.9878489157291,70.0206723380982,62.6536287807189,1712.47718353312,29.7390342645689,73.8453311230977,97.4832499669373,146.317690003918,52.4352901079111,7.69989114734613,7.31539469146086,-1.53150672543009,0.20702722351374,4755.14549815175,32.4987737164551,581.801263238592,7.20036497340649,1.0000354,0.995911021716106,75,
4347,90.5670446115209,80.5453717089459,73.1380482592166,1808.08538074099,31.5353200101216,78.1385637482046,98.0293104746815,155.295455952457,49.4228132498432,7.71825536632601,7.33364344183444,-1.47468423172738,0.544687803812171,5074.50627141148,32.6764633278453,596.335850641176,7.25430962817623,1.0000354,0.999374961553332,75,
4348,94.1248487837804,83.9200480133001,76.3773691829452,1814.9396106575,31.7381516979306,78.8846652791447,98.1417434118092,157.000922422054,46.9005266759535,7.72621768297198,7.34753697428452,-1.43224389594565,0.713897642732915,5223.98060738437,33.2735663382992,605.56274883198,7.28671322120967,1.0000354,0.999491050083218,75,
4349,96.1007099647208,85.7541342178147,78.1066651874929,1817.96679183702,31.8556678891377,76.267397373537,97.9123596608501,156.706594789002,44.8451138317731,7.72555634796579,7.35724892757563,-1.4407643359305,0.799364897480064,5286.62781735314,33.7358349498395,614.257910973096,7.30507333383011,1.0000354,0.999493066187874,75,
4350,96.3943878897043,86.040035941603,78.3868192843107,1828.70796359894,32.1041606156491,69.6844693378803,97.2657952798549,156.033229800223,42.7159042356724,7.7351055633676,7.36812729704424,-1.46091421485227,0.801595210172492,5267.86749788867,33.7611898736787,624.897921981955,7.31692671663651,1.0000354,0.999322904152415,75,
4351,95.7076296905526,85.4186301798069,77.8137174979514,1812.88329641174,31.8634031462983,68.0135671551993,97.094896331885,155.640297718743,40.671754303749,7.73901185054382,7.37901983625065,-1.46881995774969,0.784520630438703,5221.43674542261,33.5481030424283,638.907233775355,7.33118621640882,1.0000354,0.997552856286856,75,
4352,96.0034186895402,85.7639329517991,78.1956174065121,1811.86277067171,31.8955948914048,64.9866905137451,96.7316408044399,155.827217927433,38.8913024757444,7.74475958464709,7.38790525767378,-1.49178286594685,0.770318473471499,5202.55025623845,33.3866594387972,653.156845231393,7.34090212430457,1.0000354,0.996791678472886,75,
4353,96.3427004226025,86.2309919507484,78.7571204715519,1808.57491741277,31.8829346357673,64.3352199068581,96.7089770127289,156.681998791208,37.1439370099811,7.75211938003617,7.39721708969833,-1.51507555970077,0.729949921011336,5165.81043221785,32.9700314782282,666.231382471723,7.352976777268,1.0000354,0.995551506685826,75,
4354,98.8531248698635,88.8225325623123,81.4086165089049,1776.1892190383,31.3661182458826,71.1332052236896,97.6081061353937,157.544904633147,35.8295365369365,7.75497235562996,7.40209020422538,-1.4877250956723,0.801031192224192,5152.59208753527,32.7055457587372,663.586340673918,7.36387830761056,1.0000354,0.995960059725681,75,
4355,103.074084205309,92.9199210828786,85.4146700793428,1718.53568666468,30.4043517726302,75.835136478333,98.0222843119114,154.941542707854,34.6969920230468,7.74323146323063,7.40505036949116,-1.41993613169167,1.0303923144506,5129.87559801099,33.1084582504996,673.97496698613,7.36719534739293,1.0000354,0.998421870400573,75,
4356,103.66634110457,93.2667820474837,85.5801514400724,1680.84304023945,29.7634200716312,74.5562960607909,97.8665841833052,152.227717559977,33.9128982270132,7.73392010503121,7.40406488998277,-1.38808263231217,1.11231059506668,5161.82745257328,33.9085912559881,678.585243109579,7.36381177960567,1.0000354,0.998698986594899,75,
4357,104.128095580342,93.8218013321598,86.2041055835034,1714.79379106421,30.3731230610367,68.4129901881209,97.2195192543117,152.169213168914,33.1962387747963,7.73732264797753,7.40261962765016,-1.39661920098129,1.12868391832628,5113.56939759036,33.6044939124059,685.06019909227,7.36121327678697,1.0000354,0.99870381644072,75,
4358,105.111238117899,94.9238468847373,87.3940359732697,1756.8482751266,31.1452545765082,67.5693077209237,97.2060153846369,154.695867450954,32.7501954329254,7.74948449010922,7.39785306400924,-1.43273611085349,1.12815618968663,5138.5018684881,33.2168011541565,693.812454275321,7.36618184423458,1.0000354,0.998703904819881,75,
4359,106.682399803974,96.6514011320213,89.237184722317,1776.73583803173,31.5441125889923,69.1604634462757,97.4701533577965,156.562598179801,32.1074149499757,7.75906370272169,7.39576637524483,-1.46416522370647,1.13763848387441,5120.67266173919,32.7068707422603,690.772799218358,7.37193656091919,1.0000354,0.999146017943414,75,
4360,107.704511451201,97.6806006771643,90.2716231485284,1788.54536448506,31.8030408415587,65.5652885805111,97.0143314267783,155.332287074997,31.5871138331126,7.7555209155616,7.39213445756868,-1.49357670104912,1.1396212997101,5076.84320438873,32.6837600861278,700.923138137589,7.37757224917131,1.0000354,0.999688400998721,75,
