4320,131.191437646164,110.368544396484,94.9777102554159,519.150601630038,11.7716815961973,90.9993530523701,97.7371617449383,76.7851723649571,41.9713834916318,7.45094818101902,7.38069188445268,3.17326911501707,7.90917519854448,5213.30649067622,67.8947032364212,781.934552070548,7.08841471168944,1.0000354,1,0,
4321,131.302043824373,110.834592658269,95.7064765789739,512.197718229031,11.7089601124528,94.5822520345281,98.1415945907897,76.4664127741933,42.0953113550461,7.45030500806334,7.37934968687043,3.11745872905493,7.9454282296175,5103.04386437374,66.7357559905827,771.568890475426,7.08832709747818,1.0000354,1,37.5,
4322,130.158693815453,109.234670223121,93.7690875679191,516.570057074141,11.7793770875502,91.3907697664691,97.792835191078,76.4303559002222,42.0786963433312,7.45000279436498,7.37945991066514,3.03136794170869,7.91828257696988,5214.41874847219,68.2244467797516,774.255536548019,7.08672699203888,1.0000354,1,37.5,
4323,130.42341715571,109.93732391828,94.795428916702,518.145565321508,11.8145904122408,90.1815707750324,97.6612943545548,76.8035983940207,42.0651463401667,7.45105261690797,7.37954155371426,2.90370927053304,7.82287004886143,5130.21462843763,66.7965399500998,777.015500727922,7.08788601570475,1.0000354,1,37.5,
4324,129.95827398396,109.666966413862,94.6690434272673,518.673080441158,11.8362964879286,89.6695465085712,97.6067123426965,77.2560642214759,42.0325872328303,7.45130163382205,7.37982096371216,2.77716849389755,7.71390075399365,5111.37135714148,66.1614257553727,774.67942347874,7.08823753614794,1.0000354,1,37.5,
4325,130.315293808702,110.019798573646,95.0187803564316,520.489719287455,11.8716046625254,88.9255178713689,97.5212116120786,77.5424203395459,42.0136332264121,7.45140696499505,7.37996181521258,2.65554187535301,7.58383519457534,5131.37586709608,66.1750799707644,776.670992271768,7.08879250008605,1.0000354,1,37.5,
4326,129.962924798179,110.020110791125,95.2797700033014,519.22438690658,11.8709854160214,88.6010474305389,97.4945538137448,77.7180477307209,42.0054834790741,7.45281491431055,7.37999328629473,2.52312759978275,7.43265679897646,5053.62652344563,65.0251347145973,774.297342444226,7.0899374097099,1.0000354,1,37.5,
4327,129.004334194239,109.099527617284,94.3872792777944,514.855806017283,11.8340844690796,89.4297055477612,97.6011982961379,77.5761630186581,42.0088401811628,7.45243646542616,7.37990567068957,2.41337888719078,7.31342957808982,5034.78672753739,64.9012084591817,768.276861041238,7.09001341467003,1.0000354,1,37.5,
4328,128.528077750327,108.939894463237,94.4616720336484,520.668040821201,11.912930493377,87.5989335909931,97.3824816403815,77.8870632780414,41.9785161091088,7.45356878227102,7.38016713122949,2.29996589357357,7.17165882231166,4974.55583615732,63.8688329844861,775.911913446225,7.09017456905782,1.0000354,1,37.5,
4329,127.867086771418,108.279310180522,93.8013883524683,518.480833607958,11.9007077251722,87.8987222108019,97.4232540073406,77.9593468590262,41.9324581533131,7.45295313326909,7.38059191000923,2.19810578188432,7.05829541212557,4979.06912492948,63.867506919127,770.148677353194,7.09084967237882,1.0000354,1,37.5,
4330,126.725063204081,107.376383889987,93.0751861360913,520.465439442684,11.9346766267502,87.1309679971209,97.3366094729119,78.6172869782489,41.9457471394205,7.45417737763283,7.38040303056947,2.08032966907727,6.93600866587591,4959.80041885392,63.0879111896364,764.394378773405,7.09085162960077,1.0000354,1,37.5,
4331,128.026351965759,108.997965678939,94.9335062495493,519.864138141934,11.9394823934266,86.7115472101336,97.2964518941809,79.1796435368348,41.8744264234598,7.45571711933216,7.38109160749316,1.9390174036067,6.77694648619602,4912.58777564142,62.0435702436076,774.09556792468,7.09194690395558,1.0000354,1,37.5,
4332,126.943441049255,107.940881293942,93.895511040016,516.620027092732,11.9146095978182,87.4936773344423,97.3968638469093,79.4328053899286,41.8929571868887,7.45452689212383,7.38084976868955,1.82626033538222,6.65120394592493,4921.60584684168,61.9593607789874,765.779230128853,7.09246901803804,1.0000354,1,37.5,
4333,126.468741617202,107.781614602528,93.9693902873353,519.255572951146,11.9547070403178,86.4820955003526,97.2799070202197,79.813040515623,41.8911326438647,7.45618337620913,7.38081911874645,1.70883154856352,6.5114225113499,4863.077771284,60.9308671849443,773.135810936914,7.09283516532138,1.0000354,1,37.5,
4334,125.683196435033,107.263619525586,93.6491496359944,515.935148544674,11.9288253165283,86.9933735892575,97.3524138828256,80.2557510589228,41.8727631866431,7.45616084099311,7.38095952475191,1.58909155925046,6.38316960680517,4820.03992388204,60.0584987403983,767.681933712413,7.09365701926931,1.0000354,1,37.5,
4335,126.042657080229,107.661497310623,94.0754226983058,522.135678797404,12.0063763032338,85.6106251601257,97.1731306771925,80.7265465972236,41.8180122491006,7.45614548291549,7.38147778902705,1.47210270748485,6.24612464963566,4838.20321660453,59.9332365937096,771.620593098004,7.09372310888503,1.0000354,1,37.5,
4336,125.53182380596,107.489450019984,94.1537824390455,520.396602987925,11.9980292297087,85.5371561677439,97.1797466376265,81.0761737623711,41.8515426024251,7.45786420932857,7.38108111626761,1.35417425941599,6.10129055455894,4769.59762467799,58.8285978894042,768.271472372923,7.09482239712927,1.0000354,1,37.5,
4337,124.602030752094,106.856218959361,93.7397493734289,515.114154175888,11.9509915647217,86.49019864883,97.3097960099987,81.4709760758571,41.8355450312696,7.45742495477086,7.38119760694626,1.24052744134353,5.96802055343904,4714.04378884958,57.8616338714337,763.370350718878,7.09520623983702,1.0000354,1,37.5,
4338,124.454498858769,106.681082754896,93.5442099824683,517.796655473569,11.9901692764326,85.8771009523425,97.2307449089837,81.7578103935258,41.80393890233,7.45699409621913,7.38147596629859,1.14757328895445,5.85989572704304,4737.99918924776,57.9516399282502,764.408529555779,7.09490719492126,1.0000354,1,37.5,
4339,124.175775012459,106.697198253816,93.7782502148197,521.850300356843,12.0430184966556,84.7063050704492,97.0875923740979,82.0477958492812,41.8287021151824,7.45877574050358,7.38116971558849,1.04193903362726,5.73480528218637,4675.92790424046,56.9902927414403,771.219885402183,7.09591248769653,1.0000354,1,37.5,
4340,123.444307965043,105.951072562378,93.0212898734514,517.725465145012,12.0088545435896,85.2314798274867,97.1689092860996,82.5275097187794,41.8115755982052,7.45931793037407,7.38129797706855,0.928671045072573,5.62022152369951,4707.21139631647,57.0380884187195,764.610823087415,7.09663597225596,1.0000354,1,37.5,
4341,123.892099440112,106.806750445693,94.1784490150361,528.138382491302,12.1297459838255,82.9018683608335,96.8608893013543,83.1267383442323,41.7367219321649,7.46171550016539,7.38202729650633,0.80031931372095,5.44808491732275,4630.83616628329,55.7081422719456,768.716654935206,7.09786130702802,1.0000354,1,37.5,
4342,122.848241676276,106.056083342518,93.6444880523495,518.251174954098,12.0336076879677,84.4931597774876,97.0903435227389,83.3985480048684,41.7167293068703,7.46119190053343,7.38218616833433,0.695379607891646,5.32770884072571,4566.25154088075,54.7521707525914,769.879963409002,7.09891775714306,1.0000354,1,37.5,
4343,122.46585422539,105.652954274521,93.226028223878,521.664780014318,12.0797082757149,83.8900457383401,97.0045437001195,83.6704414777848,41.6704633653968,7.4602368096303,7.38261819095807,0.613486144621148,5.23583738510923,4586.79690525014,54.819800448501,767.990108921532,7.09902939510457,1.0000354,1,37.5,
4344,122.094526610339,105.520597904196,93.2703027735691,523.265851387467,12.10650688,83.1735796497546,96.9237896371773,84.1296198885,41.6857450448722,7.46258353437626,7.38240961784454,0.520283906561345,5.13416008432639,4546.41645373342,54.0406156566373,767.789881521731,7.09927679287403,1.0000354,1,37.5,
4345,121.600328673695,105.25576800122,93.1750057650425,521.735792609056,12.0995809330041,83.2521984208749,96.943051110844,84.6264520761346,41.6577699378517,7.46291810297956,7.38265174822001,0.422756432637862,5.03490200539341,4509.97575302459,53.2927428999051,765.04720861495,7.10003345838521,1.0000354,1,37.5,
4346,121.321200959243,104.95734897522,92.8623279435516,524.51741643479,12.1390757402745,82.6162794425718,96.8608311851389,85.1504297939502,41.6488204212176,7.46357546503647,7.38269584945672,0.327288850795408,4.94003829640068,4543.25599800484,53.3556437589189,762.765279591186,7.10052732350057,1.0000354,1,37.5,
4347,121.361297648548,105.39491645605,93.593678183335,533.493052287127,12.2458207091805,80.8965213491812,96.6195516783085,85.7780212428213,41.5949209302437,7.46531751886736,7.38320979260194,0.207949934012853,4.79646697398018,4465.57449791339,52.0596585606959,772.688455835698,7.10229150856145,1.0000354,1,37.5,
4348,120.491415327146,104.817163228716,93.2318464603108,530.345883652707,12.2211738318401,81.1066474397878,96.6670648649865,86.1617278172533,41.5939188757079,7.4664930141528,7.38317206176279,0.124597006683759,4.69323405718943,4403.48020684101,51.1071483638382,765.407626943482,7.10385096923872,1.0000354,1,37.5,
4349,120.275021287035,104.758702980823,93.2901198849273,541.813510409439,12.3557052176686,79.3284374230717,96.3925723538371,86.8593342683171,41.522949241986,7.46675630272282,7.3838658271216,0.0160591506086716,4.55098738856685,4394.40417235265,50.5921926453856,773.530574102688,7.10435492507378,1.0000354,1,37.5,
4350,119.093268100438,103.716051961412,92.3502835108272,544.174399728759,12.3912408485608,78.5882020887977,96.3038568753457,87.4883132643293,41.586904269913,7.47006013756413,7.38315039813634,-0.0824015406719996,4.41679009764471,4386.54495035423,50.1386389414221,772.277126808432,7.10649942696868,1.0000354,1,37.5,
4351,117.96403593826,102.766142611052,91.5329171083328,557.462323203357,12.5469086873459,76.4544250909063,95.9658163728667,88.3674309531506,41.576374091749,7.47304218949367,7.38321411115059,-0.175189664047835,4.26867834160548,4378.95460289752,49.5539426196411,770.114458159141,7.10854106867357,1.0000354,1,37.5,
4352,116.509859972576,101.590684929681,90.5634685936286,573.465307990022,12.7333085681101,74.1903146493034,95.5620256876931,89.7038309215514,41.4681451285157,7.47469357196412,7.38430108781019,-0.273303452607706,4.07124791647796,4363.65715728526,48.6451594369632,765.517072422953,7.11139744383586,1.0000354,1,37.5,
4353,115.387255714982,100.651370437383,89.7596291452446,581.911969079844,12.8359707625026,72.8560319673398,95.3269517852202,91.3467226446133,41.3992193853175,7.47728650046685,7.3849804303017,-0.350933017798698,3.907946105729,4388.98426395682,48.0475285471628,773.803467215256,7.11409479058926,1.0000354,1,37.5,
4354,114.073535377471,99.4839750962084,88.7003870622313,587.92914752765,12.9108523051595,71.9192883351229,95.1684476584071,93.1353555171797,41.4590952173795,7.48020547168938,7.38431214711869,-0.444089698926948,3.74646318576525,4430.48837304562,47.5704242330227,770.95148352237,7.11636392212018,1.0000354,1,37.5,
4355,113.471078237878,99.2081865520767,88.6660492190933,597.330219451511,13.022980630376,70.7718019567785,94.9343303400491,95.0059621669525,41.4591277214002,7.48108249047718,7.38427380777814,-0.510922445148791,3.61284405202778,4418.28032001256,46.5052952387176,765.229007639671,7.11803725789503,1.0000354,1,37.5,
4356,111.918447991788,97.8628834771085,87.4739879662581,608.811787767915,13.1579215468675,69.4917749277616,94.6608693125335,96.8877138905028,41.619291204657,7.48224040381554,7.38256385908483,-0.630509943395918,3.39074546136991,4440.29498920278,45.8292884711983,762.971590317178,7.1193160353271,1.0000354,1,37.5,
4357,110.311918626123,96.6859199336,86.614529595648,625.069487886079,13.3469998452737,67.549399764237,94.2113361706617,99.1062478459158,41.6723010260603,7.48374307996281,7.38197850033795,-0.722408933715708,3.16346748233795,4403.15728073955,44.4286548673026,774.99244681813,7.12054420627453,1.0000354,1,37.5,
4358,106.635513826273,93.6608691451063,84.070914380766,630.181132617607,13.4093761429456,66.9143925510688,94.0897458938046,101.817360904242,41.8276418169853,7.48654572264503,7.38033305488405,-0.840032690724669,2.76495493468077,4307.36952380271,42.3048631937506,756.94849982006,7.12239293271177,1.0000354,1,37.5,
4359,102.94008227713,90.3047559403265,80.9656016913849,617.435032423003,13.2677243623976,68.9054715918274,94.5561122069683,101.781785858494,42.0854431265614,7.48405982110503,7.37763771886138,-0.910515111045067,2.45690986045472,4193.25575301405,41.1984886848409,740.780991329189,7.12208126355165,1.0000354,1,37.5,
4360,95.8167927218304,83.0901180736875,73.6834455076689,619.15428173212,13.2911191198335,68.9193078360989,94.5594994985331,99.3463741219699,42.5056788104589,7.48376020070452,7.37329789167778,-0.948379066572858,2.13107656160738,4122.51063373993,41.4963371353506,723.894105979928,7.11921921489715,1.0000354,1,37.5,
