4320,131.036710674828,111.128591798591,96.4138952378946,529.404998894542,11.8916653014047,92.023780490179,97.8352451812877,77.1022013957829,41.1788206137221,7.44358132212659,7.36687586920829,2.74738473435004,7.43600279496292,5004.85875044511,64.9120084750115,743.765029018832,7.10575583373097,1.0000354,1,0,
4321,131.755259711081,112.332004052813,97.9756846532244,521.573372926801,11.8815241121771,94.986714535772,98.1833611981369,77.6464362086212,41.3203478075813,7.44268747185536,7.36516133412305,2.52644853768663,7.45602877249656,4917.43214334622,63.3310733043048,750.950097660953,7.10592965044866,1.0000354,1,150,
4322,131.127042724849,111.835870504749,97.5771779942404,526.329075132322,12.0040555835463,89.7290402334745,97.615148158185,77.6122484654588,41.3569604113759,7.4422298467825,7.36456020214698,2.13762742142208,7.29220459904271,4881.84184015425,62.9004047257683,754.039108041465,7.10571354681998,1.0000354,1,150,
4323,129.28468094336,109.999072547149,95.7444924282096,528.710561105564,12.0964101778794,87.473464079911,97.3650018281491,77.5516326928464,41.4359414584172,7.44286150832557,7.36352156557044,1.78075297525803,7.04825699778553,4876.62219676627,62.8822634344886,745.48359836967,7.10619054301449,1.0000354,1,150,
4324,127.690967247836,109.11328966068,95.3819627484335,541.080092252297,12.2975171050125,83.3512692949876,96.8490826667461,78.4685202816386,41.3736204741482,7.4462341867721,7.36396968391563,1.32106983794327,6.61722817507147,4753.15203786428,60.5739986022969,746.167570996348,7.10811321135401,1.0000354,1,150,
4325,125.653144718475,107.523811409106,94.1238693978327,547.867439928128,12.44222284801,80.824547743031,96.5249707738224,79.5139084326201,41.2859711019221,7.44949424059565,7.36468904739379,0.898215334937479,6.19689598516034,4700.23699675064,59.112136346984,750.783327452338,7.11080115720686,1.0000354,1,150,
4326,122.927770984021,105.809708090416,93.1572268212292,567.98605130193,12.7398532197282,76.3999101367574,95.8639891749024,81.3124201160423,41.1424757309432,7.45566469148992,7.36600240761567,0.351730271281924,5.53053804958446,4538.43716134126,55.8148085478748,750.13422967428,7.11508263381775,1.0000354,1,150,
4327,120.341705766549,104.056840592492,92.0202011160159,576.511079062888,12.9143379753634,73.7906936962977,95.4674863284795,83.273680267041,40.9391717578212,7.46104093407468,7.36795725600884,-0.0746673090145706,4.95824039553354,4421.67428287741,53.0981009689742,747.824959084568,7.12080080621302,1.0000354,1,150,
4328,117.69544340314,102.30401096764,90.9277348196608,588.275394422857,13.1309622865409,70.7713313631113,94.9564766718558,85.7002354384691,40.7216193377818,7.46722070163744,7.37007747197331,-0.473634502050405,4.40946625883936,4300.86565638138,50.1849923092604,747.429264994417,7.12681663132724,1.0000354,1,150,
4329,112.609369536901,98.0303213334123,87.2545030960508,611.605210339997,13.4903503062586,66.4193617269071,94.0601082874341,88.7845539580795,40.6627272141477,7.4739489486196,7.37051633476507,-0.902602208238872,3.75927067373497,4220.47576503172,47.5361487655213,738.435479131092,7.13400892194298,1.0000354,1,150,
4330,81.3605871525405,67.2238486121469,56.7749549083777,650.196156261665,14.0446291459686,59.341117172181,92.1669170352438,78.8838141621963,41.4703484864546,7.48476671013236,7.36179725145674,-1.25789640375023,2.11480450932355,3636.06759965038,46.0939628524313,671.108888697416,7.14080480415402,1.0000354,1,150,
4331,45.4710734526308,32.949705824197,23.6947819249199,720.666584966257,13.4075516573291,50.7407310478494,89.4715824142965,70.3515598873877,41.3403028015285,7.52379571675901,7.36299977358176,-1.41667314770113,0.372681984271681,2872.23731270222,40.8269172325367,480.865806993581,7.14078635012077,1.0000354,0.788723804389974,150,
4332,42.6473126597425,31.1495522310702,22.6512075663994,642.048075173593,11.041622118188,48.9742035409601,87.9449502748853,73.6622861873708,42.4227926042474,7.49357052263237,7.35152342218428,-1.49387073181056,-0.0281682064048154,2761.55228689884,37.4893643658361,451.958512435534,7.13164629020342,1.0000354,0.597174573388753,150,
4333,41.9796319326831,30.869811389586,22.65820490121,610.207904660646,10.6773778814972,51.4859926933716,88.4208111089995,77.113373447635,46.4822312650578,7.45152416431918,7.31080050136728,-1.46698697433699,-0.19253833468886,2793.389960758,36.2244554461735,443.012352002005,7.10893263372096,1.0000354,0.591070687578177,150,
4334,48.1176954303711,37.400358283547,29.4788482185031,1050.90875968308,18.3363412552672,53.583774444232,90.5579238140012,96.2206591694179,53.6776143982755,7.49636752174695,7.24551171221791,-1.47018369612437,-0.219580168513954,3362.40515213002,34.9447320477171,501.712733562411,7.09048034325027,1.0000354,0.777885794385182,150,
4335,72.2467967671097,62.9721971034361,56.1170582215904,1851.64152558852,33.8863286828318,62.6392382260593,96.0560148768404,154.416946066983,57.2064786132523,7.69429005194533,7.21178808385182,-1.76698281622469,-0.196775555510595,4669.65669573923,30.2405714830911,512.726296499333,7.16659212765801,1.0000354,0.998875768889978,150,
4336,46.1121499118955,34.1241190352401,25.2634005611905,1425.45049708098,26.069660272818,61.1902282363845,94.6027314687801,82.6985535594817,72.9707992293905,7.58041804870507,7.09803978851019,-1.23700290614685,0.115879624325022,3232.51529256574,39.0879302410135,405.067454562311,7.16280951110124,1.0000354,0.953973770907411,150,
4337,45.5473690161122,33.7637322829234,25.0540877410012,1659.42812910337,30.464674725279,53.4573186139995,93.4405565373066,84.7185460274167,79.6067178235311,7.64534233584261,7.04915695790096,-1.27815216305934,0.0585221155496662,3255.01250163129,38.4214868439539,393.524064642992,7.18733344301446,1.0000354,0.951033017018191,150,
4338,48.0726731063225,36.727789503501,28.3424407535895,388.925028650184,33.969158422628,60.6881542933399,93.1360514160099,87.6639573011877,82.728639366404,7.4691353639202,7.01724745476272,-1.36573807707023,-0.0391565293076219,3242.76844050318,36.9908972893156,389.79062262497,7.20363612974334,1.0000354,0.960693837977776,150,
4339,48.550031369721,37.3235228094485,29.0256686562037,0,21.048704820359,40.9819478933549,55.8446669003039,92.0099126733703,110.638727152429,6.89711246312718,6.871859292634,-1.39324238487416,-0.056194871254581,3368.01604719558,36.6049260273927,532.976015427311,7.02025361628806,0.995995633619452,0.850898710022966,150,
4340,99.5634442004827,92.3086473617423,86.9464062200647,0,0,15.7444035817321,7.94361229867091,202,143.979607881056,6.70943324292861,6.73011492499252,-1.77652212959994,1.24550512498678,4778.27836147128,23.6548433736202,1379.34192788851,6.7230902803958,0.362743345023912,0.0218028593185395,150,
4341,1.40170572838552,1.40170572838552,1.40170572838552,0,0,1.46792946163407,0.734540567554886,0,7.94919529187804,7.98600247295127,7.96844318431683,0.559559673817912,3.97345537812237,0,0,22.3385898254068,6.67781244206542,0,0,150,
4342,3.1641200172744E-10,3.1641200172744E-10,3.1641200172744E-10,0,0,0.131404735542487,0.455917474887216,0,0.0429377783275481,10.2503023187121,10.236162259701,-0.000902851280789818,3.9287531140782,0,0,5.07737570266628E-09,6.67773559156879,0,0,150,
4343,1.59281148616884E-13,1.59281148616884E-13,1.59281148616884E-13,0,0,0.0318476803562975,1.72193907971369,0,0.000288791734037225,12.4227425849827,12.4086210436281,0.00114982973047217,3.90580990584386,0,0,2.57335105980949E-12,6.67630647852463,0,0,150,
4344,1.59281148616884E-13,1.59281148616884E-13,1.59281148616884E-13,0,0,0.00379170218124269,1.28927955824084,0,1.94465912810586E-06,14.5947487017488,14.5806272849423,-0.000343347967478813,3.88598152845681,0,0,2.59069620698093E-12,6.6746808498533,0,0,150,
4345,1.59281148616884E-13,1.59281148616884E-13,1.59281148616884E-13,0,0,0.000785108940620036,3.3609257102924,0,1.30950723005135E-08,16.7667474368554,16.7526260208875,-0.000205260804866381,3.87773957557612,0,0,2.60791365177043E-12,6.67303144061416,0,0,150,
4346,1.59281148616884E-13,1.59281148616884E-13,1.59281148616884E-13,0,0,0.000132453002603823,5.46703923228983,0,8.81758856727433E-11,18.9387911670448,18.9246697510827,-0.000109209719971748,3.87470753055642,0,0,2.62504719147201E-12,6.67138491778025,0,0,150,
4347,1.59281148616884E-13,1.59281148616884E-13,1.59281148616884E-13,0,0,1.52288602420421E-05,3.82874263049127,0,5.93814407332489E-13,21.1107169578026,21.0965955418405,-2.90380335901119E-05,3.87359210352905,0,0,2.6421025092442E-12,6.66980404740473,0,0,150,
4348,1.59281148616884E-13,1.59281148616884E-13,1.59281148616884E-13,0,0,1.38448301084388E-06,1.57235741812013,0,3.99868152040705E-15,23.2827123776699,23.2685909617078,-5.614940996157E-06,3.87318176085757,0,0,2.65902151603708E-12,6.66823404029653,0,0,150,
4349,1.59281148616884E-13,1.59281148616884E-13,1.59281148616884E-13,0,0,3.24876601973312E-07,5.37154863144146,0,2.69271987111604E-17,25.4546912488848,25.4405698329227,6.39544202263309E-06,3.87303080422491,0,0,2.67553414632328E-12,6.66670173815966,0,0,150,
4350,1.59281148616884E-13,1.59281148616884E-13,1.59281148616884E-13,0,0,5.09915697420945E-08,7.40571346021751,0,1.81353164776089E-19,27.6265509123139,27.6124294963517,0.131839899475749,3.87297527038325,0,0,0,6.6652370795069,0,0,150,
4351,1.59281148616884E-13,1.59281148616884E-13,1.59281148616884E-13,0,0,7.10751584443718E-09,7.9003841177614,0,1.22135628063629E-21,29.7984440402797,29.7843226243176,0.373409967729402,3.87295484062461,0,0,0,6.66379418258048,0,0,150,
4352,1.59281148616884E-13,1.59281148616884E-13,1.59281148616884E-13,0,0,5.98524052996791E-10,2.80650843545349,0,8.22508107563436E-24,31.9703759957133,31.9562545797512,0.00203379214534616,3.87294732493642,0,0,2.72269824695831E-12,6.66237167515678,0,0,150,
4353,1.59281148616884E-13,1.59281148616884E-13,1.59281148616884E-13,0,0,1.05454550413627E-10,5.0346195805062,0,5.5443112381109E-26,34.1414887570967,34.1273673411346,-6.70675848191138E-08,3.87294456006925,0,0,2.73769624949414E-12,6.66124348178533,0,0,150,
4354,1.59281148616884E-13,1.59281148616884E-13,1.59281148616884E-13,0,0,1.83539541874493E-11,8.64727120171393,0,3.73697753557358E-28,36.3126705773673,36.2985491614052,0.0420067216456732,3.87294354293146,0,0,0,6.66012229463668,0,0,150,
4355,1.59281148616884E-13,1.59281148616884E-13,1.59281148616884E-13,0,0,2.18187953601646E-12,6.57285748454651,0,2.51842114643217E-30,38.483982427335,38.4698610113729,-1.07564561702134E-08,3.87294316874738,0,0,2.76666947849734E-12,6.65899322093098,0,0,150,
4356,1.59281148616884E-13,1.59281148616884E-13,1.59281148616884E-13,0,0,3.42232859390355E-13,8.99871437009144,0,1.69765777952429E-32,40.6550664364921,40.64094502053,-4.68541294651459E-09,3.87294303109275,0,0,2.7806673875898E-12,6.65796169824999,0,0,150,
4357,1.59281148616884E-13,1.59281148616884E-13,1.59281148616884E-13,0,0,3.2134323945779E-14,4.0916465371659,0,1.14502278757702E-34,42.8256660632658,42.8115446473037,0.00522540342081479,3.87294298045244,0,0,2.79433569473147E-12,6.65709769300228,0,0,150,
4358,1.59281148616884E-13,1.59281148616884E-13,1.59281148616884E-13,0,0,6.17589113338385E-15,8.73857382111642,0,7.71619249819982E-37,44.9970158063664,44.9828943904043,1.97537097790246E-09,3.87294296182291,0,0,2.80773496619498E-12,6.65603384659252,0,0,150,
4359,1.59281148616884E-13,1.59281148616884E-13,1.59281148616884E-13,0,0,5.79698920706661E-16,3.96866085813212,0,5.20145613422191E-39,47.1680996235089,47.1539782075467,0.00541760076258946,3.87294295496949,0,0,2.82083253340191E-12,6.65506546164904,0,0,150,
4360,1.59281148616884E-13,1.59281148616884E-13,1.59281148616884E-13,0,0,1.21806653579899E-16,10.2255711805181,0,3.50500247611372E-41,49.3395004362519,49.3253790202898,7.31091920336269E-08,3.87294295244826,0,0,2.83367358285457E-12,6.65403095686452,0,0,150,
