4320,123.167431646934,101.802210847513,86.0105259088098,503.874722137767,11.6063712011775,91.5471452075833,97.8198782567193,74.7030332245303,43.4169765826647,7.45601925212322,7.38962911736692,3.12617784819388,7.32063249282488,5204.03781000653,69.6630054413598,780.433800273967,7.06621347357486,1.0000354,1,0,
4321,124.628528528118,103.647241177593,88.1393331359012,499.636530582888,11.5946646693341,92.479477735483,97.9401533799948,75.3495728015705,43.4633188240487,7.45602321409517,7.38903391422637,3.0229691927264,7.33308046643457,5154.75166788776,68.4111598278407,788.526925006448,7.0669078037427,1.0000354,1,75,
4322,124.098519557443,103.212278779126,87.7746225516752,499.284646416198,11.6286803437112,91.8291589695853,97.8769939295122,74.8284072516499,43.5310482236751,7.45530721187074,7.3882311388746,2.89834107830378,7.31515799738184,5095.90828657178,68.1012529029799,782.411108378895,7.06663600849924,1.0000354,1,75,
4323,123.41702819128,102.467375285636,86.9828492249419,503.353630917271,11.7152787770632,89.8447194578516,97.6579937335044,74.8604061320759,43.5216522624348,7.45516403588311,7.38820225464153,2.71016746037199,7.23795377305154,5113.56561013161,68.308013198723,781.604312789807,7.06621069085164,1.0000354,1,75,
4324,122.831686390315,101.899060334998,86.4271193375896,507.150808754933,11.795514728737,88.1008619235466,97.4634596630278,75.1747170799798,43.5104799580001,7.45636923233737,7.38819453273186,2.49613812108403,7.10968832898615,5130.86206146812,68.2524957960174,786.628924406616,7.06674835766605,1.0000354,1,75,
4325,122.901317325486,102.384488298441,87.2198755393199,517.513284699208,11.9468189999532,85.1000879987244,97.0954181172035,75.6019689160831,43.4176487215439,7.45888538352708,7.38900622047828,2.27593201679832,6.92438523678648,5057.52650112225,66.8967564420977,784.763706623912,7.06898292116793,1.0000354,1,75,
4326,121.699116821146,101.60972087987,86.7610369232754,512.539549349305,11.9222410710202,85.2816539955888,97.1444304610684,76.1629141621612,43.344396876013,7.46007152758247,7.38962562479945,2.03753277444433,6.7324821979679,4988.90521530953,65.5030767951902,783.484188727237,7.07112373960982,1.0000354,1,75,
4327,121.634128852785,101.950429588585,87.4016083933075,520.625428046149,12.0395233594699,83.1303010765078,96.868932118287,77.0074457319354,43.2405387096224,7.46213327274231,7.39055520701013,1.75866604597286,6.44393444909179,4942.3586930804,64.1802704414435,782.630891903968,7.07258062363815,1.0000354,1,75,
4328,120.703461641885,101.42073777469,87.1682896989372,518.196110604174,12.0426327561854,82.8291509339328,96.853577078565,77.4395936894035,43.1823068571718,7.46380142804574,7.39102954479264,1.58363410103309,6.26162069513043,4868.84859292158,62.8728581977028,782.365185120625,7.07518423347223,1.0000354,1,75,
4329,120.449924912116,101.456847435152,87.4184858217437,523.485719539079,12.1286093128156,81.2888071426588,96.6526006941155,78.207770896869,43.0522480089408,7.46571983221556,7.39222956290223,1.33445045593991,6.00366638469138,4843.28548641392,61.9284430545996,788.291980826865,7.07687151386389,1.0000354,1,75,
4330,119.528354571579,100.957527889147,87.2312646890888,525.032753949733,12.1747298134265,80.4650530057658,96.5536005230083,78.8313177779548,42.9789127196464,7.46723142392709,7.39286081862879,1.14807688963272,5.81199838985091,4773.36720515478,60.551660681355,778.464677241315,7.07929345219162,1.0000354,1,75,
4331,119.114893237829,100.919883428269,87.4713979168555,526.702000501519,12.2224103499359,79.6167391039662,96.4485244231975,79.663625586443,42.8463233400078,7.46875523051249,7.39409389964759,0.88477641667061,5.53507636368632,4726.14654229509,59.3262798109376,783.832948960276,7.08107476176491,1.0000354,1,75,
4332,118.186820318528,100.179552636952,86.869833046221,528.095629469162,12.2674430687097,78.7735977042043,96.3495389344467,80.3849640883288,42.798052030018,7.47118865802233,7.39447478203189,0.691890283235468,5.32762917407175,4719.73336317372,58.7141316376975,784.237352922071,7.08327763063099,1.0000354,1,75,
4333,117.661785007889,100.170190996239,87.2416215093669,533.335715926871,12.3555114120726,77.4283307190169,96.1598228908847,81.1935958444824,42.6858458984922,7.4732962605188,7.39550595537258,0.504360859325896,5.11120420468352,4630.69295992302,57.0327365324799,778.675743566625,7.08575998417801,1.0000354,1,75,
4334,116.604941761768,99.5935117063846,87.019846013275,541.385718857637,12.4759299185907,75.688272703028,95.8940439402698,82.1202511108226,42.5299568576115,7.47581556168434,7.39698615120912,0.253865235285354,4.8333046911464,4554.97412492549,55.4671236791334,779.946195730279,7.08839837308463,1.0000354,1,75,
4335,114.325212882267,97.7076822600541,85.4251596262449,556.610571793608,12.6791664932558,72.8266303508153,95.426240177033,83.3336120188517,42.4863309329471,7.48185408105715,7.39732344739642,0.00583193988874786,4.48863750337359,4515.24703158184,54.1827831794978,777.516997872259,7.09260777993392,1.0000354,1,75,
4336,108.625809986641,92.8380364478093,81.1688125278034,586.59856849777,13.0542886911183,68.1352186452968,94.495889371503,85.6221702081161,42.353288752177,7.48887756629967,7.3985785681933,-0.264944120364813,3.87147325491568,4407.59763463577,51.4772940690772,773.504506326102,7.09883600337574,1.0000354,1,75,
4337,104.483980518858,89.0368335940015,77.6193771712816,601.887294401865,13.2630758664008,65.5002632801613,93.9209456005336,89.2674689522802,42.2073250230954,7.49399723569317,7.39997701734016,-0.425288898312497,3.42845283979082,4496.10370814364,50.366653842814,778.85836822658,7.1048515077973,1.0000354,1,75,
4338,101.931411211598,86.8530650917464,75.7082005683776,613.630206906509,13.4292195790531,63.863357555821,93.5111488379182,93.5245101754295,42.233518417277,7.49514163679774,7.39961629547813,-0.585712934054043,3.11135285080541,4598.05299278426,49.1641494209316,777.170647137868,7.1086693214076,1.0000354,1,75,
4339,93.3633384292183,79.5793114089947,69.3911175244816,630.285231012141,13.6518876836315,61.5779677841536,92.8979074362636,97.5384407265171,42.5736840276589,7.49823176517977,7.39605403260264,-0.85684295931393,2.29955175398568,4383.75976244969,44.9439188262306,757.220867512918,7.11081533556764,1.0000354,1,75,
4340,70.8232344036455,56.997960182475,46.7792792363924,607.655411875696,13.3741839213386,63.7533402144505,93.5952180673514,83.8459364637554,43.3829270373363,7.49986892110079,7.38781246030491,-0.904268722100879,1.43875322917006,3779.64138443087,45.0784086127384,666.160920280761,7.10883464805131,1.0000354,0.99547728737656,75,
4341,51.1335504295103,37.4840573213761,27.3953015457987,582.351024887461,11.9017190395295,57.7237308627292,91.6113342396329,72.1659342099336,44.0805675195875,7.49660464693791,7.38082706619245,-0.860955455346033,0.831872926578766,3211.76368551726,44.5052602821452,547.556142457393,7.09458055401936,1.0000354,0.841992491162169,75,
4342,48.7181539328819,35.7201564520891,26.1129409228074,649.544756385573,12.2455558989377,53.6071771420763,89.9932663497924,73.6106866076561,45.9599754683821,7.4989452472316,7.36250429513817,-1.029024604216,0.565464158743456,3119.69501396971,42.3810068583878,529.216987825963,7.08320032678002,1.0000354,0.776133457790667,75,
4343,47.4825411084148,34.9281479313405,25.6488138439379,692.240432987095,12.6497364014454,52.2099298402406,89.2301458948655,75.5132380471124,48.666486928975,7.49231769462946,7.33689965184571,-1.15822756786913,0.388269568636663,3091.10416896835,40.9345996663501,521.791263804246,7.07534879749224,1.0000354,0.753886798471053,75,
4344,48.5473859354233,36.4857608802636,27.5706467090586,862.548289188857,15.1037773848286,51.3846488802353,88.9186070924938,82.4054992548466,52.5552084011249,7.4945659469622,7.30172934551547,-1.27042153165604,0.205834919608134,3240.83440401059,39.3278899262294,539.853113870161,7.06857203637474,1.0000354,0.779544767430697,75,
4345,63.5495143123707,52.9433050058652,45.1039329097525,1476.72682583897,25.543778766262,56.4422252205658,93.4562595091011,119.871705658312,54.6452868007336,7.62561278682158,7.28132909987533,-1.48541765546724,0.0642152195791579,4145.45017889086,34.5823908663421,582.64568768809,7.11550032461707,1.0000354,0.967467345999513,75,
4346,78.2162389029945,68.3575579537414,61.070706817337,1783.52800658409,31.0410454973236,72.2407210064538,97.3507250526759,146.674766850766,52.3535261794675,7.7053990655756,7.29440896934461,-1.56647474660949,0.172409172869475,4714.86259108924,32.145015071927,566.974317171466,7.20036415954088,1.0000354,0.997005491814625,75,
4347,86.9090609963056,76.8694436811911,69.4488569700194,1821.66371660533,31.8590097067764,79.9753344627687,98.2172914541956,153.342027799913,49.2766640963498,7.72108237314781,7.31334276941633,-1.51072806965403,0.455335382913876,5019.64706546782,32.7349725152823,571.982462486522,7.26217714314687,1.0000354,0.9991734189116,75,
4348,50.9109691800208,38.1260445363984,28.6763176258949,911.550649827005,17.1603870343391,68.1611370271532,94.6988792713409,78.9457364093792,58.2526525609832,7.47872923591051,7.23336165994998,-1.00799023670009,0.479377752146657,3290.95295874275,41.6862658887272,486.277470644857,7.16695443637917,1.0000354,0.939722582755995,75,
4349,48.9558390412678,36.3728378846241,27.072358768844,1433.47596464333,25.0352218131355,56.7713210351526,93.1219319876274,79.5368098816062,74.4050688288865,7.5863713416195,7.11855863760013,-1.09976852019437,0.371967559681962,3263.22655333601,41.0278782640825,452.636425285168,7.13821678146647,1.0000354,0.950522167323692,75,
4350,48.5770516664048,36.30597994573,27.236057369579,1438.29227699519,25.223893673188,55.8572185688608,93.0609098504581,81.1782158312198,73.6915017965368,7.5977148922175,7.11239607542489,-1.12826690694521,0.286509021424239,3248.0059647192,40.0108074741656,449.982539697202,7.15264665753912,1.0000354,0.950514974644634,75,
4351,48.6292860560434,36.4778280943551,27.4963156878899,1479.10250181961,26.0225291126745,58.7000892625029,94.047450893243,81.7113375303331,74.6717180489402,7.60406242831307,7.0942373104733,-1.1212041420583,0.256732486974707,3237.46833964931,39.6207972785599,437.300416416733,7.16318183838415,1.0000354,0.954252181787188,75,
4352,48.7823014505021,36.6066340445287,27.6072277009831,1537.23842202792,27.1352315391301,59.5218072383915,94.4311528559217,81.5774651818564,75.0708487364421,7.61296331200175,7.07750507462803,-1.10762156209962,0.270666704283554,3238.60367638509,39.6997341013899,429.79814065458,7.17215228453251,1.0000354,0.959323979688299,75,
4353,51.2641071334055,39.1363999058125,30.1724423897654,0,33.3424392733624,78.1944546769369,94.7176163565615,81.2325049840081,75.6577524543598,7.26631547123556,7.05766901512503,-1.0957075790569,0.294672552620613,3212.20587284787,39.5433561168678,432.524173401957,7.14913085157984,1.0000354,0.969618834188184,75,
4354,57.4888392253925,45.6716960989584,36.9372859620288,0,18.7389599959039,34.7316161752664,44.7688113054101,102.204875259309,108.825761014195,6.90829399399759,6.88153446392277,-1.21948662597627,0.297629414199361,3938.02917996958,38.5307371099297,698.656817081786,6.91523893121316,0.950090972324384,0.679844498840459,75,
4355,47.9594752895964,43.8149058128527,40.7515283735204,0,0,13.2325278643601,11.7411170103882,202,72.3010431529139,7.1097001974848,7.03915574475835,0.384174702536354,5.88691251158804,2729.76722691761,13.5136991431565,673.160559635691,6.68666076551671,0.242895059226493,0,75,
4356,3.40016520915962,3.40016520915962,3.40016520915962,0,0,1.69514093369153,0.88145790294139,0,8.41724643846818,7.9579407995934,7.95062088292039,1.88628986249087,2.98011024847564,0,0,56.9968108048719,6.66265272130097,0,0,75,
4357,1.5320457279715E-09,1.5320457279715E-09,1.5320457279715E-09,0,0,0.171681751785863,0.744182234595402,0,0.0449389724448664,10.2292487258043,10.2234350091496,-0.000525673454128572,2.9274060310948,0,0,2.58047999424434E-08,6.66495292350567,0,0,75,
4358,2.38921722925326E-13,2.38921722925326E-13,2.38921722925326E-13,0,0,0.020005208805296,0.529627250133209,0,0.00030218506800768,12.401863177255,12.3960575048909,-0.000174883270549486,2.90783163689283,0,0,4.04322215997195E-12,6.66392502863286,0,0,75,
4359,1.59281148616884E-13,1.59281148616884E-13,1.59281148616884E-13,0,0,0.00370709927421061,1.0864560388504,0,2.03448736682365E-06,14.5740226463951,14.5682170281236,-8.57232234761085E-05,2.90063061969186,0,0,2.70790134721236E-12,6.66258018926994,0,0,75,
4360,1.59281148616884E-13,1.59281148616884E-13,1.59281148616884E-13,0,0,0.000805402284434585,3.16397371454808,0,1.36986502685362E-08,16.7461046477425,16.7402990298352,-6.33460347159165E-05,2.89798151350804,0,0,2.72008441662642E-12,6.66119155236794,0,0,75,
