4320,129.940463250795,109.499349009827,94.3906993534596,521.473865483014,11.8015554464028,90.8406362470076,97.7177025144982,77.2525280180791,41.7250140968593,7.45002210756961,7.37838355168851,2.88043684066211,7.39271490307473,5148.87190340207,66.6498823468548,778.673689693926,7.09192802809183,1.0000354,1,0,
4321,132.235443578465,112.127948890506,97.2658875994061,515.766776295593,11.7542547264015,93.7386217810041,98.0509826183097,77.7895421144691,41.82281879714,7.44936226457845,7.37730386461627,2.79871995284609,7.43486269316706,5100.04489904526,65.5620892014048,781.077763459801,7.09238831648749,1.0000354,1,37.5,
4322,130.86978867515,110.605587318663,95.6276993595209,519.111235031829,11.811444135677,91.5274837519718,97.8064243367073,77.3275447644625,41.8337051483452,7.44875516792999,7.37712864245125,2.71610041597232,7.41317719506453,5109.2662510283,66.0730437852511,774.69158726309,7.09127344274612,1.0000354,1,37.5,
4323,130.445002758621,110.147165671045,95.1444165193584,522.164866120733,11.8630025349872,89.9870942567522,97.6316919336932,77.3690721508161,41.8271001755015,7.4491710923514,7.3771367158747,2.61314476232366,7.33237142904048,5120.49531135872,66.1827157675783,773.104345615763,7.09109520203492,1.0000354,1,37.5,
4324,129.904983842577,109.920694753961,95.149698471071,522.171033213686,11.8784430917808,89.3108611198895,97.5610809562094,77.523088942479,41.81234504298,7.45027611490247,7.37723167718558,2.49741922929075,7.20576208787561,5051.43296708853,65.1603675240111,770.500353579904,7.09181194052302,1.0000354,1,37.5,
4325,129.169557076774,109.205401650868,94.4492867708505,521.595396600198,11.8864550098458,89.0304036318109,97.5360346597201,77.8383991758486,41.8105556525871,7.45090984102894,7.37719257476073,2.37802763304689,7.0855451839284,5066.86880830937,65.0947201118892,772.260656185559,7.09234508330888,1.0000354,1,37.5,
4326,128.984820762208,109.396311765776,94.9178485944999,521.693253015585,11.9012385896587,88.4466000615063,97.4744438753293,77.9745842664439,41.7869543105195,7.45192168352484,7.37738236110113,2.25372655327159,6.93054471241063,4980.22850865588,63.8698949857576,771.010740517744,7.09364553519205,1.0000354,1,37.5,
4327,128.257627181862,108.687680281832,94.2229369209402,521.490238282502,11.9120781441719,88.3828585277102,97.4663229005072,78.0845136361326,41.7186975775697,7.45089828855676,7.37803615138175,2.14752067936517,6.80703597572308,4982.52376171581,63.8093717908516,767.574310434329,7.09336469066601,1.0000354,1,37.5,
4328,127.696724002383,108.417182118554,94.1670859435496,522.035454295976,11.9307047459489,87.5936854073343,97.3835826649961,78.4816784391919,41.731054680681,7.45304890049088,7.3778530040694,2.02534447635529,6.67226225583024,4933.5531835468,62.8624830873024,773.165035101881,7.09406968831611,1.0000354,1,37.5,
4329,128.090678196372,109.112378120211,95.0849389334827,527.173366298111,11.9977729086332,86.3421237869718,97.2244231779325,79.5422102147162,41.6350640767942,7.4531798303903,7.37879869334437,1.89001202220174,6.50942429564156,4922.09266189736,61.8802601613742,777.558123175061,7.09456088172001,1.0000354,1,37.5,
4330,126.880947010495,107.939165643735,93.9387185465651,514.15554052646,11.866192380711,89.1365450117728,97.5879076008914,79.3598804666306,41.74239301393,7.45282179322237,7.37762819424046,1.7763194880446,6.38415744368504,4901.3604970347,61.7611879984576,765.968389536126,7.09591124148025,1.0000354,1,37.5,
4331,126.37848069323,107.763419697112,94.0044615695464,520.230027689421,11.9459511999453,87.3675732244578,97.3752241537165,79.6139523605971,41.7341213825572,7.45372926940815,7.37766152253031,1.66219711441253,6.24370511816591,4832.23970983602,60.6958901870524,766.357630169485,7.09575361054537,1.0000354,1,37.5,
4332,125.861348638562,107.227264964508,93.4542465967299,522.566120656645,11.9822869315672,86.7692734794122,97.2977613873119,79.8558880138355,41.6681346941029,7.45300331583389,7.37829517368354,1.56237553967693,6.13131800660708,4851.87726775414,60.7579151447608,764.384770297098,7.095450940109,1.0000354,1,37.5,
4333,125.580228753049,107.235673807849,93.6766549353104,523.709165909637,12.005074946838,86.0146607853654,97.2147799302518,80.3093561846154,41.6716230448613,7.4549752584216,7.37820657280458,1.44974086813046,6.0021630729037,4803.61448650831,59.813883645957,772.87337419606,7.09593041241032,1.0000354,1,37.5,
4334,124.857235125528,106.778390791886,93.4157667191944,520.674412980284,11.9834920507263,86.3838070251116,97.2719115176827,80.8253464460231,41.6412613907984,7.45529436723142,7.37847054921535,1.33534875182599,5.87716605566434,4764.45316174186,58.9475130171408,766.97132011088,7.09708947542411,1.0000354,1,37.5,
4335,124.95075192131,106.926188917383,93.6036858275244,522.786692927793,12.0162030732003,85.8438035002938,97.2026485828079,81.3561232728082,41.5815086151929,7.45495643392851,7.37904173599623,1.22211583221119,5.7484529595897,4781.34202910069,58.7705244148323,768.195677212816,7.09743315013352,1.0000354,1,37.5,
4336,124.739336545041,107.041341204342,93.9602142133908,525.857260777575,12.0588793517506,84.8120811141393,97.0797541768799,81.7648226701772,41.6043114434509,7.4570205392812,7.37875252103722,1.10362318586728,5.60920857948682,4718.29833227829,57.7057245181214,767.476083308671,7.098450880962,1.0000354,1,37.5,
4337,123.650684793697,106.239958833195,93.3711613841286,517.895055674681,11.9844970331505,86.1962425411207,97.2732399345471,82.2031467318049,41.601391996224,7.45693058247132,7.37873130832465,0.990108423879278,5.48340187848195,4666.595353035,56.7690598057053,761.138840914927,7.09893111891766,1.0000354,1,37.5,
4338,123.840935133674,106.534298470443,93.7424365889242,526.079760469142,12.0814511557438,84.4216488117805,97.0398843011021,82.7009424070854,41.5642368179565,7.45756805149104,7.37906760060642,0.877458750206285,5.34308934798825,4666.78675267631,56.4296683549822,765.028202760146,7.09873010957767,1.0000354,1,37.5,
4339,123.008845176025,105.980375127136,93.3941146562187,522.820015985404,12.056741582839,84.6925896337039,97.0902701107334,82.8292715263114,41.5844211454142,7.45858135064703,7.37880549502733,0.786374595604975,5.23290329908344,4598.90346362249,55.522683936217,766.03295603688,7.10051817725207,1.0000354,1,37.5,
4340,123.289351176966,106.400737323297,93.9178488227596,529.539666683346,12.1384388798896,83.3737354349548,96.908777709294,83.8835181949495,41.4633013916356,7.45867504078505,7.38002044358799,0.647679358549833,5.06120878160376,4619.18615444109,55.0666716637453,769.725975385479,7.10060923574771,1.0000354,1,37.5,
4341,122.558889971022,105.975640209911,93.7184556038733,523.435403313273,12.0830003022354,84.0411804453362,97.0216102044514,83.8321170987146,41.5298693090654,7.46030447673474,7.37927314665378,0.558385509053279,4.94327053533568,4532.88704909675,54.0710076993422,763.709511033475,7.1022154309972,1.0000354,1,37.5,
4342,121.497871285353,104.878331570243,92.5943239547265,517.978325244125,12.034332903825,85.0227855066179,97.1569957350398,83.9457839788137,41.5375524428138,7.45935121993096,7.37914109456717,0.483189543141063,4.86621254753952,4548.96612483148,54.1893339870356,757.436230343395,7.10205601898622,1.0000354,1,37.5,
4343,121.219810677567,104.959173502439,92.9404416773434,526.360680825764,12.1339897007124,83.1974724638799,96.9176872152984,84.8820848758297,41.4867157740162,7.46111934910733,7.3796215090913,0.361491747311713,4.71864575587906,4500.37205582657,53.0191036472533,769.611715067182,7.10185147868616,1.0000354,1,37.5,
4344,120.660433621,104.610143365554,92.7468853506589,527.133649605259,12.152150980688,82.88360463594,96.8806307216825,85.1627066416041,41.4787448892011,7.46153247490394,7.37965367372871,0.293650950756147,4.63900798947738,4456.84128112536,52.3332507488445,764.22763942913,7.10343384652273,1.0000354,1,37.5,
4345,120.952627977363,105.05764067908,93.3091718064357,537.366574742357,12.2726560099332,80.9617886999259,96.6073629174908,86.1226615117914,41.3693304154804,7.46306724313736,7.38074965481792,0.169619066872877,4.4935338165911,4463.46824729338,51.8268730777935,767.116963467633,7.10396872107112,1.0000354,1,37.5,
4346,120.20937567542,104.643897166715,93.1389782689764,532.213906671786,12.2267076250726,81.2954115898574,96.6832006746257,86.4835243767484,41.3714297212983,7.46541350181089,7.38067712694011,0.0839931183310676,4.38266923145055,4389.253635666,50.7524834041809,766.468122151242,7.1069052025308,1.0000354,1,37.5,
4347,119.329931202305,103.771516115022,92.27181800703,525.829596094112,12.1672007273812,82.2168710970821,96.8236350964402,86.8891912220427,41.3438119997886,7.46484079321121,7.3809162788545,0.0112658321056505,4.30533760001643,4407.8411036937,50.7294525556073,759.306229370366,7.10769080319359,1.0000354,1,37.5,
4348,119.108314672671,103.914104267934,92.6836009253027,537.378331128244,12.3024039857793,80.1306570645957,96.5254383885642,87.5691286192733,41.3072370927394,7.46695407366244,7.38125060120349,-0.0820826089054338,4.18169662931192,4338.34400427321,49.5419341573575,770.563770510651,7.10778727474207,1.0000354,1,37.5,
4349,118.215495349109,103.258157361248,92.2027336310903,539.05103113453,12.3303758088951,79.6971028424293,96.4703951932123,88.1892209500917,41.3071771389685,7.46797450299828,7.38120151683717,-0.15703685567733,4.09461169788523,4300.95239164567,48.7695927609983,762.168648897127,7.1096056377438,1.0000354,1,37.5,
4350,117.967497364664,103.18459448626,92.2581010543957,551.574989793143,12.4774085129586,77.6075901894621,96.1492583268055,89.0755037986482,41.2496372031574,7.47054317521038,7.38175805363677,-0.260207537880938,3.95717899070979,4293.51349923399,48.2008331823675,769.641588902486,7.11099761306093,1.0000354,1,37.5,
4351,116.764550739812,102.108227953025,91.2752937193124,557.228525621696,12.5490639403124,76.7603435744954,96.012177666861,90.0247988230517,41.2323149400589,7.47116816681931,7.38189259996271,-0.355103415008765,3.82131529527945,4302.11487220577,47.7881087039338,766.807703494731,7.113411133052,1.0000354,1,37.5,
4352,115.458876175427,100.995452180848,90.3050953152892,572.045400133955,12.7221085993107,74.6431233717511,95.647841780735,91.2628843907474,41.2402462352381,7.47353847379756,7.38176271571316,-0.442229389691798,3.66801917794284,4303.87976383022,47.1591468159488,765.985099163439,7.11517742243853,1.0000354,1,37.5,
4353,113.209503521834,99.1614738944716,88.7781476481603,589.096477367507,12.9207773827256,72.0923312852995,95.1900010631837,93.0627893359882,41.2424347172183,7.47848010400157,7.38169520542281,-0.555878719852316,3.42566857218713,4262.71504243299,45.8047203704925,767.128530657459,7.11793660417978,1.0000354,1,37.5,
4354,111.278535097997,97.5797349731965,87.4545348809527,595.347313407224,12.9985867631969,71.1426023446832,95.0172813157738,95.3420881960314,41.1871639763348,7.4807773612535,7.3822356456471,-0.660607619116894,3.14489228611295,4258.55254686199,44.6660297402554,756.664341053107,7.12126981205501,1.0000354,1,37.5,
4355,109.261827711508,95.8185430315078,85.8822021810731,601.572726302806,13.0754574667415,70.3987126030063,94.8755582951194,97.9260195297484,41.2458792625152,7.48231653848238,7.38157829680808,-0.736594713483747,2.89778166428012,4292.38154535225,43.8329012653097,761.474559858828,7.1231678250022,1.0000354,1,37.5,
4356,108.590164353662,95.4471951321756,85.7328265771641,603.604356808838,13.1040337809002,70.3404665655657,94.864732754509,100.426002525618,41.2987885907017,7.48209120822623,7.38098578430757,-0.803364519705469,2.76906813479233,4303.62566137377,42.853698774637,755.875694845332,7.1244177123304,1.0000354,1,37.5,
4357,105.903887616729,93.0673676434963,83.5795050545852,598.998090258832,13.0563387746778,71.2428494058217,95.0638473636558,100.749847550707,41.6779158117348,7.48172052255754,7.37698378270137,-0.915237431563705,2.51496540159362,4216.83414910106,41.8544965735928,748.615402112339,7.12390990618013,1.0000354,1,37.5,
4358,99.0131582236112,86.1364045814851,76.6188040633919,630.183057197372,13.4152509379728,67.5202671209027,94.2075582683457,98.2346924718188,41.9897373152934,7.48274815518803,7.37371541322321,-0.953070974115465,2.22325683905272,4124.45052589832,41.985681658051,732.603997709066,7.12211662320536,1.0000354,1,37.5,
4359,88.7177762275721,75.7534904256705,66.171192224265,632.76581708495,13.4513523429065,66.8876063938469,94.0940385993136,94.1153471022657,42.3481645432879,7.48597835112612,7.36999671954507,-0.962181851073534,1.84105557592783,3978.35804818983,42.2710872422002,713.505666661936,7.12235926711911,1.0000354,1,37.5,
4360,79.1999326930145,66.292151983363,56.7516184153597,640.954655984362,13.5469037998412,65.359835972366,93.7395611685351,89.629470421802,42.5863160221741,7.489266790449,7.3675401935777,-0.973051606162322,1.45621653005721,3772.2218876456,42.0868478848897,685.273321548928,7.12205680581303,1.0000354,0.999142252651273,37.5,
