4320,130.215818427906,109.647012059832,94.4439812660385,517.067639805637,11.7539625303939,90.1133790904197,97.6483645652032,77.0892515218035,42.4243062060576,7.45476786194452,7.38453105024375,2.95144395604053,7.69559972721607,5170.085681665,67.0662327056415,766.644866056014,7.07780866716819,1.0000354,1,0,
4321,133.256671648988,113.226342742788,98.4213170295092,506.389372841312,11.7065861931832,93.0847519279283,98.009647859836,77.3689158144417,42.5397319882884,7.45274603103029,7.38312391008719,2.70122601393158,7.72195849537766,5053.00133987311,65.3104840190861,780.137657585043,7.07908407524468,1.0000354,1,150,
4322,130.74023750786,110.792994867384,96.0493807418153,512.26385196902,11.8522191464397,89.1131870376257,97.577437612199,76.5076876007255,42.6247624836462,7.45261293143604,7.38203649245886,2.37184973841669,7.57825356708842,4976.02745723687,65.0395746268729,779.945610672858,7.07817740054782,1.0000354,1,150,
4323,128.975329514931,109.124752964103,94.4525876874036,527.77221304162,12.0903908852125,84.2696561971948,96.9840443696639,77.1601711844898,42.5739619406214,7.45522867299658,7.38233997600438,1.92678106106257,7.25066221012799,4994.14479124879,64.724387136309,777.803535102354,7.07939367753959,1.0000354,1,150,
4324,127.253935604221,108.211022590701,94.1358260154904,535.970613053704,12.2469865195825,81.2658637028165,96.6053795393095,78.2204024971089,42.4182292063261,7.45961181292806,7.38372278635609,1.45810322394116,6.78921109504423,4856.77798922405,62.090935793939,781.589267616157,7.08308956424403,1.0000354,1,150,
4325,125.364329971747,107.029287310925,93.4772992572747,546.684447162399,12.4347485093475,78.2672533036783,96.1951338247637,79.5433623156389,42.2722966679162,7.4642188743779,7.38501448353445,0.981979433786329,6.26600373805803,4755.33033631473,59.7828680845163,772.720444569467,7.08725806622138,1.0000354,1,150,
4326,123.109326110925,105.569373562809,92.6050608098538,553.771374237283,12.5868258257246,75.9048408673023,95.8652762268064,81.0985936602416,42.0722082271725,7.46888827550098,7.38687227847565,0.513327102046513,5.70416369144741,4638.06209720596,57.1904133952913,771.650519216984,7.09224087726824,1.0000354,1,150,
4327,120.643635718581,103.959992972534,91.6286048558896,562.781859924537,12.7646285342069,73.3640297983401,95.4779920352762,82.9613208738768,41.8425422052831,7.47372795240795,7.38904811855322,0.0729033498690486,5.1378096153124,4512.95872288719,54.3983470290701,767.973747291269,7.0974396923455,1.0000354,1,150,
4328,116.340236569784,100.658661643596,89.0679323503269,579.305509592917,13.0343937220148,69.7271601388755,94.8513587647095,85.3808135574041,41.7079216132441,7.48169748949817,7.39024802235525,-0.414601750619922,4.42969413983464,4365.6085148673,51.1310250274456,767.859205438817,7.10357908470373,1.0000354,1,150,
4329,109.439304736799,94.3767031749035,83.2434759335027,609.672638285708,13.4750590884498,64.534451616661,93.7073913158733,89.1263458090723,41.6078868955746,7.48849514356573,7.39109547040013,-0.770724569928907,3.71881978381409,4377.24555818813,49.1128130347128,767.695286300548,7.11127517631183,1.0000354,1,150,
4330,89.0608123105468,74.6632069894204,64.0214987085878,680.793608293208,14.4256171020439,56.7690692551614,91.4795328784405,88.0575489376684,42.0616239642067,7.50261057465812,7.38620672788508,-1.16504678533408,2.43459715166386,4133.82110945102,46.9445397847395,738.006571279427,7.1201420249362,1.0000354,1,150,
4331,46.1437679682208,33.2121337623042,23.6539693492355,687.288186452251,12.9382977290366,51.4343884917468,89.8140832103128,70.557519919133,42.2655472160601,7.52794891087815,7.38394974715327,-1.30256795640288,0.511716986143424,2975.03130558248,42.1646241108276,488.141752936439,7.11812559683216,1.0000354,0.783928938135283,150,
4332,42.8608460852631,31.0852183480862,22.3814934988684,650.314244415672,11.0666801907188,48.2220919415376,87.6900890042852,73.9120498490375,43.9592236420163,7.50465264945714,7.36654245639603,-1.45456475902125,0.0679730237013878,2837.88071383982,38.3953728740589,457.430617509328,7.10585079662817,1.0000354,0.58691068234445,150,
4333,41.8700985901115,30.5821136020459,22.2388203499974,620.368417622423,10.5282257983908,49.947084364743,87.5929665342215,77.7250394582236,48.9754035628048,7.45664631709439,7.3182248284229,-1.46505671441676,-0.128792732347126,2860.69921019863,36.8053748205071,446.329062717237,7.08015908400639,1.0000354,0.554721700491736,150,
4334,57.9910968646234,47.9067407651198,40.4530862567911,1599.66503417975,28.043489682735,50.8109120490534,91.6622419354961,126.795353781994,56.3785619492623,7.61711890437785,7.25339260586893,-1.64144107001079,-0.239352947923233,4169.13861380512,32.8808468879178,555.491300567131,7.08768723818009,1.0000354,0.913762641599333,150,
4335,47.2772651056856,35.3653450556535,26.5608824099776,895.179749417011,17.6603957955824,81.6339803118394,97.2958612843477,83.5052381536937,60.9198895197388,7.49135153226986,7.21290600674507,-1.22641137239888,0.146787335681618,3243.32381146185,38.8397648240033,430.101710657851,7.15162319730337,1.0000354,0.96765898473359,150,
4336,45.0539206395456,33.19441584318,24.4286949067359,1495.9160680679,27.1755600379188,57.9222528379412,94.1128929793676,83.4412599638304,79.7038068915001,7.6114012967843,7.08722199202181,-1.27342369310485,0.0531145942745752,3226.57845912474,38.668860711396,408.417536969516,7.13939133980922,1.0000354,0.945307454512672,150,
4337,45.0698354122631,33.3606548578696,24.7060431437526,1607.19365256514,29.4515389048229,54.4154390227168,93.5888912801074,85.2462197033999,81.7656185802951,7.63883368436724,7.06367600246111,-1.2920208994029,0.0112677880386398,3254.59125799893,38.1787165380792,397.466575052743,7.16517417777137,1.0000354,0.945852160114619,150,
4338,48.1570163760673,36.8028920388578,28.4107131809204,0,20.4017887532848,76.9482717270437,92.4150782624409,87.0003038995054,88.2220066705835,7.10676563437556,7.01392888090796,-1.35358753820366,-0.0282437747607651,3220.84063798394,37.0210274403679,411.324303266891,7.11699870744425,1.0000354,0.972187234101349,150,
4339,71.7262903281243,62.4917008346689,55.6661346873323,0,11.2782959763584,27.0778283692534,27.8746169346676,156.162416085554,132.959347758251,6.82237627844332,6.81468112556398,-1.76554997907323,-0.153151147791615,4702.06832792061,30.1101151338781,926.204903442805,6.85721824486263,0.825535154995365,0.391256615972471,150,
4340,6.92073882960834E-07,6.92073882960834E-07,6.92073882960834E-07,0,0,1.64402235160228,29.952430962837,0,0.192813681987658,9.65332182544349,9.65214866095792,2.0715728442255,-0.147871342659429,0,0,0,6.84916869749042,0,0,150,
4341,2.38921722925326E-13,2.38921722925326E-13,2.38921722925326E-13,0,0,0.0774524664340172,3.65480005216963,0,0.00129110647677796,11.8276025868001,11.8264363923819,0.000458314651534675,-0.147871753929527,0,0,3.85238927129111E-12,6.84868237792978,0,0,150,
4342,2.38921722925326E-13,2.38921722925326E-13,2.38921722925326E-13,0,0,0.00983298359987589,3.17077573897703,0,8.69621355687525E-06,13.9993764531772,13.9982103054301,-1.1396519283835E-09,-0.147871905227341,0,0,3.8738048888958E-12,6.84764294937741,0,0,150,
4343,2.38921722925326E-13,2.38921722925326E-13,2.38921722925326E-13,0,0,0.00251078116060217,12.3670738620517,0,5.8561584528435E-08,16.1713386806333,16.1701725332006,0.000207301292801443,-0.147871960886695,0,0,3.89508864109304E-12,6.84634598208507,0,0,150,
4344,2.38921722925326E-13,2.38921722925326E-13,2.38921722925326E-13,0,0,0.00024884999591425,6.45489363099618,0,3.94377380509237E-10,18.3432679125137,18.3421017650831,-2.38848940625758E-10,-0.147871981362628,0,0,3.91629140179477E-12,6.84502042975541,0,0,150,
4345,2.38921722925326E-13,2.38921722925326E-13,2.38921722925326E-13,0,0,5.25175065876126E-05,16.1034436395645,0,2.65599617101529E-12,20.5151646099989,20.5139984625683,1.24825367375792E-07,-0.147871988895302,0,0,3.9373684210704E-12,6.84371724117387,0,0,150,
4346,1.59281148616884E-13,1.59281148616884E-13,1.59281148616884E-13,0,0,9.67864004707477E-06,28.1118226621537,0,1.78869242789772E-14,22.6870757526947,22.6859096052641,0.00234523255859642,-0.147871991666419,0,0,0,6.84243797521253,0,0,150,
4347,1.59281148616884E-13,1.59281148616884E-13,1.59281148616884E-13,0,0,1.37113107608114E-06,30.3147025746438,0,1.20476625855381E-16,24.85886908821,24.8577029407794,0.223813812332042,-0.147871992685855,0,0,0,6.8412193720547,0,0,150,
4348,1.59281148616884E-13,1.59281148616884E-13,1.59281148616884E-13,0,0,9.40637157651887E-08,8.37369392959959,0,8.11115241007052E-19,27.0310371466509,27.0298709992203,1.22179516393039E-05,-0.147871993060885,0,0,2.66649692036352E-12,6.8399279775586,0,0,150,
4349,1.59281148616884E-13,1.59281148616884E-13,1.59281148616884E-13,0,0,2.02624762786944E-08,21.0431939517242,0,5.46472026600227E-21,29.2025939896234,29.2014278421927,3.74125188606911E-08,-0.147871993198851,0,0,2.67991067664394E-12,6.83884262971354,0,0,150,
4350,1.59281148616884E-13,1.59281148616884E-13,1.59281148616884E-13,0,0,3.40292557227835E-09,30.4725221517977,0,3.68270140872165E-23,31.3739244356299,31.3727582881993,0.0743839433047402,-0.147871993249606,0,0,0,6.83784991553763,0,0,150,
4351,1.59281148616884E-13,1.59281148616884E-13,1.59281148616884E-13,0,0,2.1562790136631E-10,7.11209259708072,0,2.48242378406291E-25,33.5450331948027,33.5438670473721,0.0767286952723523,-0.147871993268277,0,0,2.70590851570563E-12,6.8369438631344,0,0,150,
4352,1.59281148616884E-13,1.59281148616884E-13,1.59281148616884E-13,0,0,5.46667616369091E-11,24.5175169921041,0,1.67279414000148E-27,35.7164276355696,35.715261488139,1.67601856926325E-06,-0.147871993275146,0,0,2.7185228162736E-12,6.83599588716934,0,0,150,
4353,1.59281148616884E-13,1.59281148616884E-13,1.59281148616884E-13,0,0,4.46861820116744E-12,9.25521524659516,0,1.12738805394346E-29,37.8876933655981,37.8865272181675,0.011628241956477,-0.147871993277673,0,0,2.73087485570805E-12,6.83510201705187,0,0,150,
4354,1.59281148616884E-13,1.59281148616884E-13,1.59281148616884E-13,0,0,1.08069112390381E-12,27.9714685444483,0,7.59632114044637E-32,40.0591611801837,40.0579950327531,3.19270026416518E-07,-0.147871993278603,0,0,2.74300322115796E-12,6.83418814032181,0,0,150,
4355,1.59281148616884E-13,1.59281148616884E-13,1.59281148616884E-13,0,0,1.57801263489622E-13,31.6650832057113,0,5.1183531353957E-34,42.2306349112713,42.2294687638406,0.147849524510702,-0.147871993278945,0,0,0,6.83329232177448,0,0,150,
4356,1.59281148616884E-13,1.59281148616884E-13,1.59281148616884E-13,0,0,3.8181740970214E-15,0.877590940710567,0,3.4489542165806E-36,44.4020481356098,44.4008819881791,-1.77635683940025E-15,-0.14787199327907,0,0,2.76656440895441E-12,6.83243806474707,0,0,150,
4357,1.59281148616884E-13,1.59281148616884E-13,1.59281148616884E-13,0,0,2.899714095481E-15,31.9170067395165,0,2.32370830331735E-38,46.5735873649472,46.5724212175166,0.172574637299648,-0.147871993279117,0,0,0,6.83157604874535,0,0,150,
4358,1.59281148616884E-13,1.59281148616884E-13,1.59281148616884E-13,0,0,7.79787724597955E-17,1.12922839425013,0,1.56586802713712E-40,48.7449678622888,48.7438017148582,6.21724893790088E-15,-0.147871993279134,0,0,2.7892629733058E-12,6.83077354312622,0,0,150,
4359,1.59281148616884E-13,1.59281148616884E-13,1.59281148616884E-13,0,0,5.71594492071994E-18,0.278579136717647,0,1.05510074835932E-42,50.9164179035914,50.9152517561608,0.060741935787969,-0.14787199327914,0,0,2.8003043532777E-12,6.82997363527184,0,0,150,
4360,1.59281148616884E-13,1.59281148616884E-13,1.59281148616884E-13,0,0,6.08949604330036E-18,24.3723138113124,0,7.10835984378711E-45,53.0879945469867,53.086828399556,8.88178419700125E-16,-0.147871993279142,0,0,2.81115881627626E-12,6.82916483127127,0,0,150,
