4320,123.541229186723,102.350638064711,86.6880272353984,513.411985889837,11.7039570809626,91.1891204856068,97.7609355988024,74.6788867612907,42.551182976252,7.45213715851876,7.38302836625798,3.13286202401496,7.36165647484405,5159.83398603105,69.0936114584078,774.656680122855,7.07695556564242,1.0000354,1,0,
4321,126.421959323822,105.729939597805,90.4358380611841,512.374232463197,11.7316315070649,91.321991667112,97.7904352212589,76.0970216523471,42.5737277334883,7.45191905483305,7.3826654096435,3.00592634586491,7.39349723176359,5134.11231059231,67.4679796805681,786.323771333412,7.0774945614622,1.0000354,1,75,
4322,125.174046116604,104.635273815459,89.4544421146127,505.976517334427,11.6912653778246,93.4792780259991,98.0418431214733,75.1496374858719,42.7281477178571,7.45110760699279,7.38096597585805,2.84142478798368,7.36677844400155,5032.64378640898,66.9683042363992,773.403953182071,7.07762117521154,1.0000354,1,75,
4323,123.942301220176,103.370354789288,88.1650030795016,513.573934977664,11.8171543207909,89.3645043046951,97.5848157035037,75.1437017225534,42.7133238246202,7.45208681600016,7.38099234679651,2.62855894558052,7.24699595727999,5040.37433924993,67.0764711307419,778.57870417881,7.07694075035488,1.0000354,1,75,
4324,123.447264959337,103.11208605452,88.0817364292203,517.916955571322,11.8996685425509,87.242374644257,97.3421699082838,75.478691753085,42.6481461647879,7.45425493081557,7.38153448248835,2.40219540441369,7.04212356396779,5004.57478425524,66.3044717392137,773.124103950186,7.07859015031078,1.0000354,1,75,
4325,123.041536505933,102.919040945346,88.0458920527381,526.651475460463,12.0242572205428,84.9554218232128,97.0483737506822,76.1259816780937,42.5226217531362,7.45461776027561,7.38269588366896,2.15900193489112,6.80408276985996,4994.70184039207,65.6110007423308,777.626723943924,7.07992339907504,1.0000354,1,75,
4326,122.366820557919,102.768821325404,88.2833436318066,521.484965625433,11.9987076457962,84.9396296215711,97.0795454971392,76.2678245472105,42.5117041378457,7.45720690905556,7.38269187853595,1.9532302264032,6.58300753451888,4873.57795110965,63.9008386569734,779.7795991049,7.08251005289994,1.0000354,1,75,
4327,121.118041478119,101.643224845574,87.2487951606494,522.575375650791,12.0386419015951,84.245121871383,96.9959091152112,76.608990737122,42.416699264488,7.45703595279391,7.38354873870607,1.7609961993249,6.40085886352295,4864.60900951107,63.4991919708695,771.090988624389,7.08324172498705,1.0000354,1,75,
4328,120.517364183914,101.245437701608,87.0009703016421,525.065241343278,12.0936027942634,83.1485711879783,96.8633011923204,77.2885490053406,42.3334463479903,7.45850375539858,7.38428852516439,1.54809918558817,6.19536874253905,4856.63098181451,62.837652463613,774.563524622225,7.08473766520033,1.0000354,1,75,
4329,120.001497327788,101.227485034982,87.351041166387,530.825082516598,12.1840279008273,81.3907620608534,96.6387746693963,78.0523265919217,42.2737538708371,7.46180532412902,7.38478965157119,1.32319708433046,5.96877386462718,4777.90788623126,61.2141635599337,780.115106372747,7.08685347338393,1.0000354,1,75,
4330,119.40655378655,101.118229342719,87.6007721451044,528.369470634144,12.1861834316858,81.2660283374603,96.6432218969997,79.0625914469563,42.1633343105771,7.46264014838259,7.38581409832904,1.08739069092099,5.74234607650637,4714.5449912714,59.6305396141034,772.857758363324,7.08945249595124,1.0000354,1,75,
4331,119.114767238118,101.142276773467,87.8582620822042,534.639988773129,12.2831218439197,79.6577886434835,96.4241335802236,79.6866733536719,42.0807962050218,7.46501968693125,7.38655482510039,0.856237302756492,5.49526784290508,4669.69784735347,58.6007377498122,779.863988692267,7.09124724911299,1.0000354,1,75,
4332,117.967060576496,100.289207246362,87.2229678284368,532.106416151416,12.2843818134267,79.3698923083673,96.4153431735019,80.4156450957239,42.034488401969,7.4674396472037,7.38692307688089,0.628969975186003,5.24613112887803,4635.16179502504,57.6400498871521,767.355417086283,7.0937964212458,1.0000354,1,75,
4333,117.208953789799,100.163840758678,87.5652789530672,539.145561068401,12.3912545399348,77.6858855504155,96.1754162757991,81.2238414891737,41.9110457775939,7.47021275460367,7.38809059538384,0.420197379468904,4.9879034222965,4514.17335340439,55.5769497063997,772.234195372361,7.09647820776778,1.0000354,1,75,
4334,116.132823104884,99.5960617676171,87.373238170507,550.642039961247,12.5491626492805,75.4991054476694,95.8306342037706,82.2568328830699,41.7717300040199,7.47305986366336,7.38942724031934,0.174198944910685,4.68784198721779,4435.24141827166,53.9194284878006,771.68457594965,7.09918629890435,1.0000354,1,75,
4335,114.797785643532,98.8139917837441,86.9998832786837,557.694238716838,12.6592610706058,73.9079775430026,95.5824270611844,83.3843300744108,41.6657126307902,7.47644451257422,7.39042257287145,-0.0377606196634241,4.39862745003718,4345.69393081826,52.1164339503625,780.660584637112,7.10299363643364,1.0000354,1,75,
4336,111.18620737043,95.5206171147825,83.9417025779996,562.570179405236,12.745522904305,72.6117451438541,95.3911390583753,84.7697280496998,41.6644254465269,7.48077875619677,7.39032974181495,-0.26826895572828,4.00000330911646,4329.94494823292,51.0789057350084,766.644503108078,7.10719784711129,1.0000354,1,75,
4337,105.442423258445,90.475566837974,79.4131077445824,599.646926099288,13.2016541360909,67.0892253269256,94.2547529480202,87.5478962860998,41.5824012349288,7.48842869985911,7.39108449761175,-0.46169726127154,3.4288717472237,4272.39235116673,48.8006283692401,760.954457164405,7.11241959064141,1.0000354,1,75,
4338,100.726963461276,86.154563159347,75.3836585883558,613.42927836749,13.3921790320186,64.840286854939,93.7488015392741,91.6122152241421,41.5469053563823,7.49283117710069,7.39136360932074,-0.630074005863047,2.95772267513314,4352.90610407104,47.5144727525805,754.509033681228,7.11780608077264,1.0000354,1,75,
4339,97.302428726217,83.4528564909801,73.2162161431963,626.557260815554,13.5738432872571,63.2364685961519,93.3183410102269,96.3028987461896,41.6289302383296,7.49285461227845,7.39042622859848,-0.806057438457464,2.54067830448474,4348.81107632987,45.1576342244001,750.808561244335,7.12060523412857,1.0000354,1,75,
4340,82.3949589568274,68.6184081061067,58.4357400860088,631.719614735865,13.6595071517501,62.4388638799597,93.1303740568773,90.4328036422425,42.4120490751634,7.49459645634074,7.38226275647204,-0.949222519571379,1.8508469757506,4062.20013763078,44.9195421796396,702.397433651878,7.12049329210697,1.0000354,0.999879994148785,75,
4341,51.7060425444458,37.9498949363406,27.782307573828,610.382378097788,12.7557803396395,58.3340493483856,91.9035933750061,71.1942970813596,43.0023032009156,7.50074742594404,7.37620054906741,-0.911873950209513,0.912096322472646,3193.27893048938,44.8530157807466,559.608292629374,7.11397547302317,1.0000354,0.91306543467891,75,
4342,48.6712969191026,35.6474530294856,26.0211336328121,634.022769089673,12.0915452215717,54.4795153505746,90.2842912917576,72.5812671392142,44.069578114328,7.49453482883276,7.36546461289593,-1.03741509229672,0.577334820201715,3082.18391417082,42.4652811345804,535.041581018184,7.10071927703433,1.0000354,0.786238318518389,75,
4343,46.9016782117068,34.4402620369244,25.2296500816504,662.316628848149,12.0944758921743,52.8119268647679,89.4275529385271,74.3230218215316,46.3512082729361,7.48835954174198,7.34310997021761,-1.15370827365921,0.364813683183152,3019.8514566974,40.6314407391673,520.00585923069,7.09036224608427,1.0000354,0.736068761424999,75,
4344,46.8209175101921,34.6733250592741,25.6946697694652,708.028492360079,12.8503683409646,52.7051217562731,89.183745827067,76.7544889189461,49.8247424081668,7.47769536533135,7.31049559154329,-1.22318010458664,0.259306584355942,3040.10664699007,39.608193472573,524.151752508759,7.07985419625015,1.0000354,0.75441088938035,75,
4345,53.4690777100747,41.8585555469474,33.276865252462,1074.56903164261,18.8478550643892,54.4108404397757,91.1120603093121,94.7836858222871,53.935455528938,7.53019825789035,7.27353568663766,-1.30657350568366,0.148413328354502,3588.22912101995,37.8570329892808,567.278117846532,7.08347230492057,1.0000354,0.891439780791462,75,
4346,70.9541114349278,60.5309641072331,52.826898691111,1594.24035792803,27.6516649414708,67.4218420270764,96.2196463523826,131.132822055658,54.5650490595502,7.64639575223445,7.26402462884103,-1.46951099004034,0.17442802253901,4456.61487705198,33.9855026925327,563.032458735866,7.14568752825258,1.0000354,0.994878911088938,75,
4347,85.0729267943194,74.9928634796836,67.5423818993006,1776.72188672056,30.8928894552233,80.0981278461396,98.0909086893539,148.953374003055,52.1128424337069,7.69080262971121,7.2776173160696,-1.48197290471869,0.454173395827517,4895.62818853697,32.8668499206777,559.969332185896,7.2174392144567,1.0000354,0.999999618667018,75,
4348,92.2746885167471,82.1318833064684,74.6350272814799,1836.99274596984,32.0423711100535,78.9399271380735,98.063052050241,154.502509734116,49.0077087642996,7.70508064528928,7.29641922762299,-1.43718266424611,0.696838522381609,5109.61814329792,33.0714248725868,583.211585959212,7.26788967008278,1.0000354,1,75,
4349,94.7772797332432,84.513681684172,76.9275439957281,1829.99715579383,31.9866508567251,78.9256609885576,98.0901518792202,155.420711199331,46.563106336293,7.70914658304757,7.30970488032521,-1.41578085367031,0.816666400604259,5201.19754843834,33.4652795518846,591.082687365321,7.29854245306002,1.0000354,1,75,
4350,95.7727462122755,85.4570579671828,77.8324188295057,1832.77425603721,32.0909326951187,76.2798906617806,97.8776778140382,155.248642127068,44.6876143849426,7.71379861123916,7.3179797468461,-1.43687234758196,0.874199138841967,5221.80729588295,33.6351237881295,595.756802449476,7.31630814521769,1.0000354,1,75,
4351,95.8958985087064,85.5703142983538,77.9383607515715,1838.49867494168,32.2471746925564,70.091403905295,97.2544338189527,154.557345761112,42.4336825802187,7.72111812125909,7.33059657225226,-1.45459062810482,0.877037575545715,5203.54249454832,33.6673903716685,610.360265629678,7.32957447877477,1.0000354,0.999997592615026,75,
4352,95.4026228445999,85.0179472233542,77.3423174163465,1814.75781236836,31.8711619246314,68.1154509013657,97.0295947025411,153.45810339456,40.4216595075287,7.72328405893552,7.34178928747013,-1.46018800439709,0.858630527051548,5196.10099157127,33.8600626270706,623.255171759653,7.34250985652922,1.0000354,0.999291575914687,75,
4353,94.9998332536431,84.7253786348405,77.1312165252907,1803.37539861429,31.710881823616,65.387665150698,96.6757477127698,153.025509575037,38.9176817886524,7.72560422809356,7.34827816938757,-1.46862445056555,0.82887472585874,5126.45836228545,33.5006782628726,630.21635114043,7.35318778821017,1.0000354,0.99846225882763,75,
4354,96.1415961452796,85.9562977311454,78.4280336859158,1814.98671242316,31.9703397236659,63.6515556850577,96.4888396609076,154.345490227334,37.3507792243182,7.73372873472954,7.35605718287858,-1.49436994930517,0.798028089642083,5125.81023466291,33.2099773508973,638.520644064439,7.36058072169847,1.0000354,0.998398536573631,75,
4355,97.5808460656144,87.6386352616026,80.2900446673331,1799.46367604759,31.7431329670344,68.7999601589798,97.2427681236112,155.836448586163,36.1282214172986,7.7354535759931,7.36025323852565,-1.49011202897943,0.818063739743517,5051.80794133018,32.4173708215444,650.74888168889,7.36921012538396,1.0000354,0.998397357590123,75,
4356,100.851805780731,90.6507383799725,83.1108189968033,1740.43983080478,30.7426986034506,78.3197218903638,98.1774610992623,154.695264792088,35.4411735659372,7.72591069798046,7.35810275934027,-1.44145146761419,0.982868110317681,5145.38005762394,33.2613933887336,643.613690836459,7.37348382180989,1.0000354,0.999763427891698,75,
4357,101.750654913272,91.4529252216017,83.8415597973237,1691.45215543882,29.9021405798968,80.5114772731785,98.3198107296235,151.897788373155,34.8818390554334,7.71548884462733,7.35447272336193,-1.39502625535936,1.11380326087087,5100.20649527943,33.5765684932171,642.465605455076,7.37110512092166,1.0000354,1,75,
4358,101.904704644564,91.5133380636352,83.8327627646878,1680.72929200717,29.7232648094338,77.2966843779989,98.014502518225,149.558239825813,34.5443630171134,7.70608759329593,7.34826054855422,-1.40542142406317,1.15532637993591,5067.31419038417,33.8818790344547,646.211465347286,7.36541747319796,1.0000354,1,75,
4359,101.721292050872,91.412147440416,83.7923449022529,1756.94615638757,31.0801303187043,66.3199986967407,96.8338962450386,151.345844166998,33.9676237960029,7.71679980653338,7.34530172028978,-1.43511217951848,1.12452330586544,5087.30708203879,33.6137877458026,654.991336550793,7.36309461366122,1.0000354,0.999982630692751,75,
4360,103.521370077249,93.3387356513472,85.812440640898,1789.40034446675,31.6958553972296,67.0235643586365,97.0075357431247,154.533062645348,33.3259977702334,7.72530002364996,7.34328591478191,-1.45195730432275,1.11949049128326,5130.69721367622,33.2012912049192,660.966414220847,7.37054288313147,1.0000354,0.999951680285782,75,
