4320,132.177999141138,112.539554834621,98.0241829558913,531.663216654399,11.9165975067966,91.5703215730259,97.7852160047876,78.7081678615786,40.9028496173814,7.44383718534126,7.36714051044898,2.5900085558795,7.30950404827335,5039.89752694979,64.0327130446396,750.558360716917,7.11047283426517,1.0000354,1,0,
4321,133.30203128494,114.210443144121,100.099269300907,523.026463457615,11.8977997534107,94.6582114116767,98.1497577053651,78.972125553892,41.028114611499,7.44255668786512,7.36558383146191,2.39870329226956,7.3341329161676,4915.98677481277,62.2496449263989,761.704469815062,7.11076378397938,1.0000354,1,150,
4322,132.786851770831,113.785391573857,99.7408340369635,533.517765191317,12.0792945257933,88.2722770459933,97.4288314278825,79.3666064788137,40.9970733756869,7.44135758748558,7.36569155024599,1.99256051118117,7.14818513418578,4917.219659657,61.9557755813789,766.25331327461,7.11011240941519,1.0000354,1,150,
4323,130.423658572262,111.670844899819,97.810069576709,533.997152629318,12.1523742262015,86.4505660535458,97.2371065894629,79.6579005114044,41.1215094539563,7.44385714941222,7.36416136266456,1.56440030189891,6.80702445897566,4870.68581327632,61.145043768496,760.01343566046,7.11152883289093,1.0000354,1,150,
4324,128.220909497014,110.086243067811,96.6823591853561,546.175625542733,12.3523019171706,82.6459027853189,96.7529648588429,80.629700078808,41.0796891547067,7.4473064163413,7.36439326976669,1.11464252878375,6.33850149224845,4767.59589955462,59.1295254093063,755.508464871558,7.1137742833409,1.0000354,1,150,
4325,126.1292446705,108.77559627238,95.9489865868133,563.195955543728,12.610858573047,78.6066789382939,96.1761782559206,81.7977113002359,40.9433892982952,7.45164848843336,7.36563017634361,0.701937022560617,5.86651880843065,4628.3561246737,56.582953863898,759.254882723719,7.11731725631983,1.0000354,1,150,
4326,124.399000148884,107.577778432123,95.1447015110389,559.731330912392,12.6466350876064,77.7013014854456,96.0972551012608,83.3024302061769,40.8014639391282,7.45530324860407,7.36693530942774,0.321182787616649,5.4453079728312,4568.88291067731,54.8469342295193,756.098350434337,7.12134349449089,1.0000354,1,150,
4327,122.843227869209,106.679931665305,94.7331475145933,563.584888683106,12.7654998440401,76.010554556583,95.8632829593282,84.9721161507215,40.628892179742,7.45771190474939,7.36857660163555,-0.022178138820232,5.06591141261332,4478.17630368252,52.7017156515114,755.854969456398,7.12480640807683,1.0000354,1,150,
4328,120.653676339853,105.242730439106,93.8520312950752,583.099615674455,13.0681254695874,72.2441010868046,95.2215180773707,87.0166455569587,40.5314221378518,7.46237901895465,7.36942375502963,-0.454906887004729,4.57739878402334,4372.46614030128,50.2486175181182,752.021819700554,7.12889940264724,1.0000354,1,150,
4329,117.004979106279,102.173075560487,91.2103642440318,603.624425293959,13.3917496589191,68.2395272734372,94.45740258754,89.6127575257791,40.4813327634197,7.46924019155669,7.36976823200863,-0.840180286940878,4.06261454842715,4333.72705892487,48.3606037642372,759.917580613673,7.13498911007943,1.0000354,1,150,
4330,85.0836609123218,70.6528829241599,59.9866557155185,653.460416327826,14.07910443405,59.5095546396757,92.1835805401144,80.3793385009585,41.2473738073607,7.48237171252445,7.36144414262652,-1.33826430895231,2.34170199589394,3782.06505419306,47.0527019098068,695.347364572171,7.14360209329767,1.0000354,1,150,
4331,44.7767941838515,32.3900572122065,23.2346429288167,733.465854135805,13.4110801979391,49.9845816040646,89.1866144917173,70.6438090485542,41.0715709817505,7.52799532110687,7.36313357370454,-1.47185491011422,0.301864628391739,2853.15815043874,40.3879432446477,478.69117518934,7.14461184095132,1.0000354,0.76807257119424,150,
4332,41.9658393141499,30.677521076358,22.3339815092944,614.787806081991,10.5648426895836,49.6430287882331,88.1629577918323,74.0951449141474,42.0752853146117,7.48721043457711,7.35239233202819,-1.50649765737276,-0.113081325514457,2727.18009178816,36.8064614078033,448.324976997065,7.13417709194907,1.0000354,0.58138223452642,150,
4333,41.5231320682075,30.5159416657792,22.3801922378975,580.409736733345,10.2668016756926,53.3000654944965,89.1090079781005,77.3224440300347,46.2930040849403,7.44120370931844,7.30985494041488,-1.46879493724724,-0.214459925989122,2775.08872901675,35.8898216918597,440.193395626864,7.10714801257704,1.0000354,0.588553832919957,150,
4334,46.6688398186649,35.8123518728123,27.787991217182,1000.03210629699,17.3422014059312,53.3987499549298,90.2172165298093,93.2988762231455,53.3827589757383,7.48386055832976,7.24519453236686,-1.45377989863783,-0.212892952794621,3302.63507507375,35.3984443196802,495.253896146296,7.08703244899883,1.0000354,0.745993204073959,150,
4335,72.3415594860398,63.010510801967,56.1136487311306,1856.23200526322,33.9530754831136,61.6035488119211,95.8363969618759,155.087620453785,57.1449805190386,7.69121817120667,7.20948752902825,-1.76696091456154,-0.198430062614842,4718.48316183046,30.4246280136624,520.460889181891,7.16093181991,1.0000354,0.998290921494138,150,
4336,45.9725594204325,34.0516486590463,25.2405407049782,1410.11886441317,25.8169000973844,62.2269444119642,94.7989190080017,83.4270362950882,72.0142642505958,7.57607848392816,7.10078230879659,-1.24808520460801,0.0856370059521403,3242.73212747907,38.8690797550241,405.368391685727,7.16410397632514,1.0000354,0.955427815615032,150,
4337,45.4434438272065,33.7120204135919,25.040968325268,1675.2657468664,30.7564799123385,54.0388517347093,93.652371833156,85.3941249384232,80.1701279259211,7.64755584522467,7.04288215718316,-1.28661799158919,0.0326821402585229,3266.4312661161,38.2512411535511,392.844599135784,7.18873748880206,1.0000354,0.952226987735326,150,
4338,48.2554564315619,36.901339293471,28.5091657566212,117.20262350499,33.5821386651262,66.6942734075647,93.481560859159,87.7146514968954,83.4831700958584,7.37368238424083,7.00973649218488,-1.34770815727221,-0.0497492589317621,3247.28446103655,37.021003967068,390.468905277011,7.19810492007993,1.0000354,0.964102539685224,150,
4339,51.4688504915275,40.4849918674813,32.3664876670992,0,19.617793979191,37.3548695309846,48.8028782421773,104.488868245562,115.591643005379,6.87411138414893,6.84891343072232,-1.45642495297361,-0.0930139754838537,3742.13784659325,35.8137465686657,583.352325087808,7.000001925497,0.966439070921992,0.730974812086067,150,
4340,2.53806828987612E-05,2.53806828987612E-05,2.53806828987612E-05,0,0,2.46034873256174,14.9996674687291,0,1.23520876911393,8.80934564598386,8.80964418847572,-0.000363227546416045,-0.176267521174419,0,0,0.000409448933588622,6.8878495859818,6.77011917429406E-08,0,150,
4341,6.37124594467536E-13,6.37124594467536E-13,6.37124594467536E-13,0,0,0.434272617400272,25.7082081066492,0,0.00801274483896293,10.9974626698949,10.9977501851817,1.53723910012313,-0.181720884142961,0,0,0,6.88749462072993,0,0,150,
4342,2.38921722925326E-13,2.38921722925326E-13,2.38921722925326E-13,0,0,0.0593889958448599,26.1736949723823,0,5.39534936450169E-05,13.1694058138412,13.1696932576138,1.29120102685651,-0.183727064264273,0,0,0,6.88656546698429,0,0,150,
4343,1.59281148616884E-13,1.59281148616884E-13,1.59281148616884E-13,0,0,0.00348534794158486,4.93541568964566,0,3.6334226898203E-07,15.3413399731535,15.3416274164445,-7.98262158019369E-06,-0.184465096686174,0,0,2.61684558692533E-12,6.88533721350805,0,0,150,
4344,1.59281148616884E-13,1.59281148616884E-13,1.59281148616884E-13,0,0,0.000145293999804012,0.345045448011933,0,2.44715415489669E-09,17.5131767508432,17.513464194131,-1.23396754325711E-06,-0.184736603641095,0,0,2.63257945213343E-12,6.88406055717313,0,0,150,
4345,1.59281148616884E-13,1.59281148616884E-13,1.59281148616884E-13,0,0,0.000143305778283137,25.0303493853666,0,1.64866088591252E-11,19.6847643280444,19.6850517713321,0.260333750723595,-0.184836485467962,0,0,0,6.88285542880205,0,0,150,
4346,1.59281148616884E-13,1.59281148616884E-13,1.59281148616884E-13,0,0,6.28278770252577E-06,2.44183622120844,0,1.1100796641738E-13,21.856846294006,21.8571337372937,7.58880462079503E-05,-0.18487322993861,0,0,2.66370750087924E-12,6.88153670946093,0,0,150,
4347,1.59281148616884E-13,1.59281148616884E-13,1.59281148616884E-13,0,0,1.1062931395144E-06,4.3907074415788,0,7.47622664768803E-16,24.0287172601736,24.0290047034614,8.17873253566859E-08,-0.184886747473938,0,0,2.67882965787451E-12,6.88030783558897,0,0,150,
4348,1.59281148616884E-13,1.59281148616884E-13,1.59281148616884E-13,0,0,2.15826266691515E-07,9.63935061786298,0,5.0352426948046E-18,26.2005689523013,26.200856395589,-7.34516776290661E-08,-0.18489172029728,0,0,2.69360761076822E-12,6.87911532119513,0,0,150,
4349,1.59281148616884E-13,1.59281148616884E-13,1.59281148616884E-13,0,0,4.18488411200508E-08,19.6411001810923,0,3.39097038852874E-20,28.372489364213,28.3727768075007,-5.25136765183731E-08,-0.184893549696752,0,0,2.70805521009905E-12,6.87793673601064,0,0,150,
4350,1.59281148616884E-13,1.59281148616884E-13,1.59281148616884E-13,0,0,5.83959191530788E-09,20.8104452555885,0,2.28370544470993E-22,30.544384774883,30.5446722181707,-1.94612215231871E-08,-0.184894222695208,0,0,2.72218832409902E-12,6.87679529457509,0,0,150,
4351,1.59281148616884E-13,1.59281148616884E-13,1.59281148616884E-13,0,0,7.83248100149836E-10,20.5034039313152,0,1.53831076583334E-24,32.7161043808276,32.7163918241153,-7.34939353819186E-09,-0.184894470277503,0,0,2.73601413193579E-12,6.87572878105384,0,0,150,
4352,1.59281148616884E-13,1.59281148616884E-13,1.59281148616884E-13,0,0,1.20089084000782E-10,25.6154900006432,0,1.03619662770674E-26,34.8878357810797,34.8881232243674,0.00435276317708233,-0.18489456135794,0,0,0,6.87468770840446,0,0,150,
4353,1.59281148616884E-13,1.59281148616884E-13,1.59281148616884E-13,0,0,3.3637134938667E-12,0.912752403189726,0,6.98178362876893E-29,37.059314949645,37.0596023929327,0.000742592642973161,-0.18489459486456,0,0,2.76276884282898E-12,6.87373055487349,0,0,150,
4354,1.59281148616884E-13,1.59281148616884E-13,1.59281148616884E-13,0,0,2.29389063551626E-12,27.5753837997782,0,4.70349272045218E-31,39.2309343589807,39.2312218022684,0.338178942969937,-0.184894607190957,0,0,0,6.87277081293855,0,0,150,
4355,1.59281148616884E-13,1.59281148616884E-13,1.59281148616884E-13,0,0,2.81509151787825E-13,23.3401167658362,0,3.16995176960116E-33,41.402197592804,41.4024850360918,7.46951768393345E-06,-0.184894611725585,0,0,2.78844127902788E-12,6.87192713939467,0,0,150,
4356,1.59281148616884E-13,1.59281148616884E-13,1.59281148616884E-13,0,0,1.26952287829406E-14,2.37735482233866,0,2.13631510124141E-35,43.573499871462,43.5737873147498,2.35315811281112E-09,-0.184894613393781,0,0,2.80088562477319E-12,6.87108956047826,0,0,150,
4357,1.59281148616884E-13,1.59281148616884E-13,1.59281148616884E-13,0,0,3.51083881197356E-15,11.2097839451316,0,1.43950158749291E-37,45.7449337865476,45.7452212298354,9.71605135875464E-05,-0.184894614007476,0,0,2.8130953464241E-12,6.8702478790326,0,0,150,
4358,1.59281148616884E-13,1.59281148616884E-13,1.59281148616884E-13,0,0,3.75310687294458E-16,6.85114179236497,0,9.69907579511003E-40,47.916424966901,47.9167124101888,-3.05178105008963E-12,-0.184894614233242,0,0,2.82507155336246E-12,6.86941298826139,0,0,150,
4359,1.59281148616884E-13,1.59281148616884E-13,1.59281148616884E-13,0,0,1.00013628315991E-16,25.9341933604381,0,6.53580471829519E-42,50.0878151287097,50.0881025719974,3.53797901153641E-06,-0.184894614316296,0,0,2.83681197393138E-12,6.86862208670995,0,0,150,
4360,1.59281148616884E-13,1.59281148616884E-13,1.59281148616884E-13,0,0,9.36280774905098E-18,13.0656621977111,0,4.4046245795474E-44,52.2591230582559,52.2594105015437,0.000902628178491849,-0.184894614346851,0,0,2.84832086235952E-12,6.86786245228661,0,0,150,
