4320,127.076157998478,105.468238563543,89.4971676768521,505.968115112667,11.6199564049434,92.0478719560969,97.8687909901904,75.1555500387967,43.3025692427978,7.45496759707028,7.38893620904939,3.33411546343748,7.83750234680829,5295.03495249363,70.4543436879943,793.949606623992,7.06779528267658,1.0000354,1,0,
4321,128.95390647789,107.873966429127,92.2931411756943,501.804713960677,11.5884173809024,94.42944151361,98.1354022281437,75.4628091820435,43.3550266831346,7.45473316786926,7.3883437977498,3.26638537688935,7.90027828972534,5186.77204348666,68.7328248140657,794.963634838934,7.06854680590907,1.0000354,1,37.5,
4322,127.432885017614,106.198145829211,90.5029038203913,502.18328505345,11.6119435988361,93.0955979550537,97.9958941244643,74.7651588956306,43.3973929748847,7.45422998616203,7.38785489913645,3.20168640099876,7.89356887572126,5176.55715609946,69.2375597479268,788.14126703904,7.0674672150532,1.0000354,1,37.5,
4323,126.862314207758,105.442363018943,89.6102251837322,509.952079439456,11.7247636150028,89.7987516807972,97.6223164685566,74.8533598105016,43.3633609227035,7.45457176524828,7.38813234866453,3.1026732589794,7.82938988655194,5227.86780321987,69.8414582385442,793.369141975791,7.06700485196771,1.0000354,1,37.5,
4324,126.632593153898,105.452046273538,89.7968594489243,508.699781529763,11.7259922827019,89.1813511588991,97.5636202158133,75.0301783997434,43.3216162161664,7.45647221243592,7.38848955810631,2.98919993787,7.7276912877642,5181.6487518728,69.0608614078749,789.295628825206,7.06844895842413,1.0000354,1,37.5,
4325,126.070277488472,105.123553175611,89.6411917269749,509.71026282425,11.7535435430379,88.5725961215037,97.4964492017511,75.3186972299084,43.279128557941,7.45690024547756,7.38885576057066,2.86779247180673,7.61489192342999,5144.15135301423,68.2984642885132,793.02234719105,7.06927172970255,1.0000354,1,37.5,
4326,125.919980192235,104.939193196028,89.4316549814401,510.457023995443,11.7770723653679,87.9793539080927,97.4321832274441,75.677519338322,43.2323814955618,7.45771820053397,7.38926612610703,2.73965313201381,7.50059334863782,5177.06340710769,68.4095283827056,788.883632037558,7.0702502956454,1.0000354,1,37.5,
4327,126.392252726535,105.732094988546,90.4615436169884,511.813719745071,11.8070239696691,87.0955849518044,97.3338375649517,75.980873994718,43.1676713508946,7.45938134022824,7.38985957291275,2.61018577535149,7.35519318952544,5118.38251983219,67.3640911288807,791.667359224172,7.07156866634422,1.0000354,1,37.5,
4328,125.807105549147,105.441712757858,90.3890311295135,509.646685653813,11.7947238083885,87.3733933398182,97.3743311891679,76.2486410329652,43.1321586503121,7.45906782900888,7.39016037974393,2.48343204564816,7.21688421057379,5063.13748301653,66.4029865244096,787.364830058468,7.07238345680782,1.0000354,1,37.5,
4329,124.937301202402,104.834700277129,89.9762561149705,506.001027200744,11.7641554221213,87.845516910908,97.4431784257179,76.5824527431944,43.1240930922711,7.45944707812087,7.39018519387024,2.363707726852,7.08863400037418,5019.68360985039,65.546132698087,791.297737151645,7.07275490316246,1.0000354,1,37.5,
4330,125.11288564956,105.02793727274,90.1825406463955,514.446817559671,11.8759233409155,86.1235620505573,97.222871078341,77.0052905898682,43.0784538302249,7.45941107878888,7.39058889541235,2.24028441948208,6.95611653811692,5042.9667602632,65.4885751567662,792.334130280632,7.07319190574942,1.0000354,1,37.5,
4331,124.863977457211,105.09064429396,90.4755719559054,509.299308111059,11.8283252895492,86.5497229098634,97.2974522638307,77.3216979996706,43.0798161193809,7.46126668654938,7.39052036417138,2.11484595193653,6.81439588263266,4985.12540996567,64.4725289140302,789.141570848043,7.07453447347158,1.0000354,1,37.5,
4332,124.190229953346,104.704964722855,90.3028121611875,507.030409910238,11.8134681100106,86.8246879619578,97.3391424415503,77.6264875677057,43.0643224429311,7.46125382630037,7.39062148838949,1.99497509062689,6.6801694244652,4931.86385302682,63.533260457331,785.645131127352,7.07493514234533,1.0000354,1,37.5,
4333,123.795651710309,104.279915105818,89.8552402242373,503.100078217267,11.7782655079476,87.4655026914946,97.4254038019058,77.697712073063,43.0712727776999,7.46093839498872,7.39049593472899,1.89627455354021,6.57643880428174,4944.10858327483,63.6326148011365,783.476799145598,7.0749809576403,1.0000354,1,37.5,
4334,123.91866436045,104.694045878404,90.4845452612398,512.373190091966,11.8985895201421,85.3959948414921,97.165103772497,77.8961115398499,43.0448912461569,7.4621488430759,7.39070720561075,1.79272220061052,6.45276871491114,4882.79319270878,62.6834009578366,787.422425166207,7.0752338743682,1.0000354,1,37.5,
4335,122.80638135079,103.808972680029,89.7674097494666,507.295753332749,11.8511800735482,86.1411464818066,97.2714324787418,78.3078954760675,43.021560611173,7.46219821577088,7.39088727191758,1.67191689287705,6.34041951608324,4850.59192568145,61.9425652572146,788.015282602297,7.07602156073302,1.0000354,1,37.5,
4336,122.975655438938,103.986367261789,89.9508064352007,513.6508311489,11.9349148071906,84.8457704763129,97.102840691859,78.7676536031917,42.9677438680251,7.46245767582621,7.39137450892757,1.55629768746956,6.21808238192648,4876.98495160902,61.9160877405063,789.093494596086,7.07643317192739,1.0000354,1,37.5,
4337,123.01453734617,104.342808062278,90.5419646785313,514.982365060828,11.9602650113742,84.0520312005122,97.0146369729757,79.1429441434482,42.9339879870482,7.46501152277019,7.39166053565714,1.44032743223066,6.07998878977408,4818.27480488682,60.8806616563771,788.218522843855,7.07788225699026,1.0000354,1,37.5,
4338,122.409075554439,104.023726011861,90.4345546108251,511.288432115313,11.9297216480945,84.419229228615,97.0752849564196,79.4763272256699,42.8820528714623,7.46549096588102,7.39213011122959,1.3220581686914,5.95265404424037,4764.35925637434,59.9468976824524,782.776717592939,7.0790792446359,1.0000354,1,37.5,
4339,121.5792724953,103.46642998564,90.0786768263265,507.857384429343,11.9012954985156,84.8902731160847,97.1456548346942,79.831516858564,42.8749598365676,7.46544808137862,7.3921450017048,1.20855435379574,5.82964117160164,4714.71900324059,59.0583667800471,786.590145667372,7.07963007623958,1.0000354,1,37.5,
4340,121.703168706962,103.591241482168,90.2041648377554,514.428646620414,11.9849074804448,83.6048070818496,96.9725226543571,80.0793776642546,42.8213707036496,7.46560996142342,7.392630643669,1.11918995886922,5.72876663361231,4729.1182719809,59.0553824207835,788.30125871793,7.07990153024784,1.0000354,1,37.5,
4341,121.255611283475,103.38366163918,90.1739597281788,513.583504565874,11.9857843128659,83.3459452286755,96.9536475790887,80.4044561133494,42.8104162439,7.46738446142429,7.3926846363759,1.02013934712413,5.62500396028531,4685.40214855073,58.2729163909216,785.106956541922,7.08080173412351,1.0000354,1,37.5,
4342,120.734117208231,103.094250721366,90.0560885354212,509.123703632789,11.9467641121209,83.8939922728672,97.0385191116814,80.7788058415349,42.7659982205667,7.46757725285759,7.3930776802868,0.91667552656789,5.52159768557221,4646.08920588339,57.5161907567401,781.439578655958,7.08162103567547,1.0000354,1,37.5,
4343,120.917743565776,103.396290215461,90.4456507826204,521.070529021676,12.0858349055668,81.7592898743637,96.7377809588594,81.3171585972179,42.6993159964629,7.46823660743371,7.39369743219217,0.78715919547988,5.36952861759623,4645.65701906907,57.1300952862857,792.645753525313,7.08236011402407,1.0000354,1,37.5,
4344,120.497168055702,103.253021768506,90.5073484257967,520.472606368886,12.0893257905096,81.3625907410942,96.702712357464,81.6010077498267,42.6699093550368,7.47076251595906,7.39393917546153,0.693430360630059,5.25556865501331,4588.0912034831,56.2259135028004,786.521679957174,7.08433250212712,1.0000354,1,37.5,
4345,119.690354917758,102.698198969139,90.1387793549429,515.22424061215,12.0425795195246,81.9344206591588,96.7993933368044,81.9647011501422,42.6223551978264,7.47135716096597,7.39436549063754,0.595208192995548,5.15170061654683,4541.19516392714,55.4042789176845,789.278960499101,7.08551203580636,1.0000354,1,37.5,
4346,119.741479879065,102.810072745724,90.2955544297769,520.329401880162,12.1074031384114,80.9838860796093,96.6628610713932,82.3731376265137,42.5449354443702,7.47152923240054,7.39509727152593,0.500759399573373,5.04080240462521,4547.50812157349,55.2062025631736,789.276284262772,7.08620811533144,1.0000354,1,37.5,
4347,118.856364161163,102.316173614216,90.0908153838635,525.252392059195,12.1705218425991,79.9468076676521,96.5233464198863,82.8654597803381,42.570254387099,7.47363416807022,7.39478182336046,0.388059241235323,4.89798340335242,4468.98476896702,53.9306096993068,792.195010749472,7.08747256433624,1.0000354,1,37.5,
4348,118.610845047192,102.180185361258,90.0357847238286,536.497261248709,12.3029428647132,78.1324677115612,96.239659304888,83.4537139159315,42.4675168920467,7.47458329462592,7.39577449253477,0.279410322462639,4.75981420053164,4470.90550589177,53.5734755962522,787.314220041851,7.08902153860075,1.0000354,1,37.5,
4349,117.645718470462,101.507774086151,89.5797282368769,531.458283296432,12.2577567291111,78.4768586569221,96.3247679152963,83.9681601707207,42.5043484292034,7.47699238794496,7.39534239224075,0.205194693743377,4.65576488430871,4418.32515622944,52.619054022933,787.429691115333,7.09126535803023,1.0000354,1,37.5,
4350,116.516883289138,100.574573884719,88.7911278031926,534.73217734872,12.3028530361522,77.9734267777269,96.246162332777,84.6816688608876,42.4739486252365,7.47694489775997,7.39559881729657,0.0977366422796595,4.51046761087746,4401.85227379435,51.9811705768999,779.580799746141,7.09172651880512,1.0000354,1,37.5,
4351,115.016007576273,99.2684247593598,87.6289070251197,546.676011811417,12.4429271321127,76.2886272350143,95.9710832744687,85.6460631264914,42.5487924124315,7.47841120871294,7.39478206041791,0.00487804847590079,4.35068485003665,4397.60408458886,51.3462490166536,779.539022037111,7.0925931155323,1.0000354,1,37.5,
4352,113.175229746598,97.3847954525749,85.7136048874271,561.238960961702,12.6122867399713,74.1741257783037,95.6155176864038,87.0428555564877,42.6546791088715,7.4819364812195,7.39365331107246,-0.0956214950775434,4.14202028363982,4481.48582147353,51.4859696734696,779.430398079194,7.09450973461849,1.0000354,1,37.5,
4353,111.981839367583,96.648783861847,85.3156558793467,578.48109262553,12.8120317125037,71.8122864387934,95.1696184082683,88.8005975349394,42.6167673322994,7.48460062384416,7.39399326464797,-0.175020942628121,3.96943580193064,4439.55476482565,49.9946496765279,789.23033657305,7.09704350341341,1.0000354,1,37.5,
4354,110.305375381978,95.0921403673319,83.8475753565064,588.426842329441,12.9302025016209,70.4518772760523,94.9095127339664,90.821212528364,42.6673754187571,7.48732515372481,7.39343511438995,-0.289574189629598,3.72209383595069,4505.09228515284,49.603965414422,780.098596292372,7.10042103632114,1.0000354,1,37.5,
4355,109.576719130778,94.7884636716375,83.8580139844464,597.49656623415,13.0379738983403,69.3347578811406,94.6708890723137,93.0134729363729,42.6257231689969,7.4882961620124,7.39382047268935,-0.364551507598061,3.55495978544518,4484.9502118571,48.2182856985148,784.90849508921,7.10233802789887,1.0000354,1,37.5,
4356,109.32879773523,94.7568981922312,83.9863637474058,605.027851073188,13.1276580008351,68.5986401144502,94.4967094745225,95.0726015544593,42.6629710498273,7.48797329598973,7.39340588600101,-0.452338469075079,3.39159774838763,4517.16930491634,47.5128399881729,782.659224613825,7.10321626062755,1.0000354,1,37.5,
4357,108.055075738997,93.9003317238842,83.4381296257573,605.953565079933,13.1413947537281,68.724437350509,94.5358606427823,96.9187431399885,42.8943374201346,7.48842403713619,7.39102477906402,-0.543393571283516,3.2351753784015,4473.05887924548,46.1526711379721,774.99312102609,7.10360298022646,1.0000354,1,37.5,
4358,105.543237038307,91.8705940575187,81.7647275065012,614.559611253016,13.2414774068247,68.0112406734405,94.3688210737759,98.9360298992792,43.1889743666107,7.48869722784891,7.38802310586337,-0.667559260907329,2.92233224101729,4410.64165185987,44.580742287214,780.598028533162,7.10321848459966,1.0000354,1,37.5,
4359,104.312988829419,90.8986387292027,80.9836843073036,620.680318414221,13.3133351112385,67.5213599917944,94.254596007494,101.670440366099,43.342553366406,7.48909680322687,7.38645652454011,-0.736203068181161,2.72247723735676,4446.91842859445,43.7385577615463,771.965381908115,7.10328576954827,1.0000354,1,37.5,
4360,103.802996450453,90.7792181972306,81.1529473144144,623.762009929999,13.3495950725115,67.6746414375322,94.2696231134031,103.318387928911,43.5961312451475,7.48713345934297,7.38390062328022,-0.837356432281868,2.51783889295678,4387.42227832587,42.4650671218822,773.993111532336,7.1024100577252,1.0000354,1,37.5,
