4320,134.531501013564,113.450025553475,97.8680654308007,516.313312471308,11.7577746407678,92.8172150831269,97.9416866924228,76.9744039384025,42.1064099133323,7.44856479176259,7.37932050322565,3.31494461045849,8.16948916464604,5291.05358041144,68.7378311450845,793.678101185111,7.08505488010585,1.0000354,1,0,
4321,135.586250858387,114.880561805066,99.5763568526104,510.51775431575,11.7694309039375,93.8728108405427,98.0794939742122,77.0280052524179,42.1978616202006,7.44749601527259,7.37812266024012,3.10982955195731,8.18899426288503,5200.35702610423,67.5125496118308,795.777443569588,7.08523772754579,1.0000354,1,150,
4322,135.049163129773,114.536619072004,99.3751734640878,520.875574819445,11.9614746373112,88.1077099080719,97.4342801554893,77.4433241372293,42.1741861121463,7.44779776906435,7.37811932800006,2.65499686982802,7.9528639123032,5179.62519471976,66.8827849582164,799.931973062094,7.08497926544487,1.0000354,1,150,
4323,132.186275554003,112.298468537096,97.5987850898178,518.108647956986,11.9996068497164,87.0826543739691,97.3438593626743,77.6218712404462,42.2291711749186,7.44941042706689,7.37731404685567,2.22175715412508,7.58773705675287,5033.45078864271,64.8457800386026,790.071296614645,7.08704361397269,1.0000354,1,150,
4324,130.498987644784,111.094604617305,96.7522345535159,530.381028260427,12.1986442063105,83.066666529841,96.8416814318954,78.3387574052606,42.1501250543476,7.45266108681155,7.37789254429526,1.79777391371601,7.16470862664316,4956.45695619283,63.2695375872786,789.806672411647,7.08882255665794,1.0000354,1,150,
4325,128.572732843551,109.71432947469,95.7755095933581,534.72224618211,12.3153575309851,81.0884966052979,96.5957526015837,79.3839916682448,42.0395808001901,7.45477774977062,7.37880213366479,1.38620176210153,6.76650461843293,4881.26825323256,61.4893273902371,786.76914912225,7.09141294034863,1.0000354,1,150,
4326,127.21371936064,108.98468992154,95.5110594665539,535.806489229497,12.3979280855666,79.6924641990062,96.4356145090256,80.8001291754102,41.9441158962174,7.45736891567311,7.37956212872401,0.992763891859779,6.35427074288217,4802.5337226259,59.4372035247617,787.596442036829,7.09431442259147,1.0000354,1,150,
4327,125.444013922901,107.683043606785,94.5553698948733,548.858314121938,12.6174458682499,76.4804484042538,95.9734185617306,82.3403907629229,41.8501323888919,7.46219480492866,7.38031194568719,0.499677631519847,5.85135147221581,4768.41926421378,57.911059445214,789.128095231173,7.09835603033142,1.0000354,1,150,
4328,123.231615074009,106.5240345219,94.1749532442543,572.383786315474,12.9646512637435,71.9233487276091,95.1983298285203,84.2951956456214,41.6346435432636,7.4683031070948,7.3823317909435,0.0434003132396028,5.31264712583659,4592.09864044492,54.4763981538187,792.578547469678,7.10389919429615,1.0000354,1,150,
4329,117.427597126755,101.30907125336,89.3953782165032,599.438420661826,13.3642763620719,67.0632424313626,94.2215605089301,87.0292654727784,41.5698521831916,7.47546911776508,7.38278982669054,-0.471259825601893,4.56017435264789,4573.88731109272,52.5557384202372,787.82772633814,7.11153256379406,1.0000354,1,150,
4330,107.677119621287,91.9760281192648,80.3708735308137,662.707087727454,14.2143293263725,58.3115092105693,91.7189645491945,92.4657153493801,41.6099985552725,7.48244639908114,7.38216286810186,-0.80997848622594,3.71759792626219,4733.75089397786,51.1946603786222,802.313778772314,7.11997120452567,1.0000354,1,150,
4331,71.320482905644,56.5107420597079,45.5644118692334,907.35878277095,17.4284997732455,49.7263438283645,89.1732838506066,83.1106142036368,42.4993278052291,7.53633152057444,7.37279475584126,-1.18775509041854,1.80400147083404,4013.27363905638,48.2883405147638,700.967221722324,7.14041169801769,1.0000354,0.992234313116417,150,
4332,44.6140046569191,32.1859985162407,23.0000809340001,662.999521739782,11.6686198960804,48.8657321102528,88.5502180544566,73.6867483162932,41.7595712206191,7.52373222826118,7.38018440862291,-1.3212480332699,0.286966567383818,2985.97160201639,40.5225046598527,482.074237051454,7.14122607099389,1.0000354,0.64471857121413,150,
4333,42.764732225263,31.102160182374,22.48199823763,645.160952255451,11.0052648754293,48.4287279479514,87.3199357405544,77.999408473153,45.5912191516188,7.47967241586748,7.3410504328095,-1.41229068838024,0.00492902352779723,2966.06367630846,38.0267457711473,464.917281486432,7.11402214681819,1.0000354,0.574774682161955,150,
4334,49.8016238156823,38.9216046268132,30.8798513133013,1067.9597326081,18.1786763973636,49.6777603584738,88.5862230984445,101.39950361308,53.1696443658435,7.49634264674242,7.27133092351265,-1.50277990662514,-0.173437434977016,3597.1646096496,35.4751698132139,550.055858482753,7.08660856813614,1.0000354,0.729002406057096,150,
4335,73.2565115385748,63.8847930696567,56.9578707230651,1830.93981884443,33.4223216054423,66.1861748084485,96.5942428274661,159.988289574656,56.9907453498316,7.69194946765071,7.23468280595131,-1.72851113301724,-0.177261570632427,4888.79977601094,30.5572350889449,533.466207264774,7.16308446347044,1.0000354,0.997393020587053,150,
4336,47.8175110255048,35.8450746532182,26.9958825519628,1326.25987240315,24.4220801989362,66.2038557219436,95.3458334112158,86.9440620939226,71.4132148727074,7.5507645023884,7.12796167954949,-1.20183331539195,0.156503337784977,3394.04257844477,39.037083116479,429.994647359416,7.1499901673914,1.0000354,0.960920696467288,150,
4337,47.0790067007506,35.2246538754652,26.4627409176455,1672.43622557594,30.7783034537432,55.0894235951579,93.8295598798929,88.5609994195742,82.9921871252186,7.64218977868891,7.05093364730058,-1.23500496767026,0.0951587821233604,3423.06526682929,38.6520622990249,402.655754984131,7.16875147904722,1.0000354,0.965059738425061,150,
4338,48.8264150891205,37.234801870034,28.6670877515788,889.288964785835,33.2920555870914,59.2888718611393,94.0093937367587,90.3720944417799,85.3187804562379,7.56189666962462,7.02298109388982,-1.26976871158123,0.0503693837824364,3415.64754870258,37.795378870001,402.061553933137,7.19019923813271,1.0000354,0.969051316141357,150,
4339,49.3815066952199,37.9598700656538,29.5177908177137,0,19.9198662783852,47.2749648721318,65.8702162094932,91.5545490992516,108.757762697182,6.92632792207959,6.89739778120437,-1.31498175362578,0.0365463168449578,3409.59730511793,37.2411566510112,562.020705559974,7.02012987373002,1.0000354,0.967270316351688,150,
4340,0.100378105200497,0.100378105200497,0.100378105200497,0,0,2.65528910739875,4.83195093478441,0,4.89432756250004,8.22721252945124,8.22744306692665,0.0219518182802707,0.0339693571742883,0,0,1.6508215191531,6.823614634362,0.000174811815326913,0,150,
4341,5.25627790435717E-12,5.25627790435717E-12,5.25627790435717E-12,0,0,0.479167654663821,12.2049411472831,0,0.0286213236330776,10.4603558113737,10.4605559380462,-3.41085903121652E-06,0.0336445465492199,0,0,8.69547369679537E-11,6.82356983930268,0,0,150,
4342,1.59281148616884E-13,1.59281148616884E-13,1.59281148616884E-13,0,0,0.086175607223638,21.1052700178991,0,0.000192606600711196,12.6325350229079,12.6327349719063,0.244316974252684,0.0335250553979822,0,0,0,6.82274890128653,0,0,150,
4343,1.59281148616884E-13,1.59281148616884E-13,1.59281148616884E-13,0,0,0.0121524188279366,22.7389554366587,0,1.2968030529501E-06,14.80465430283,14.8048542506328,0.629736576037127,0.0334810970600428,0,0,0,6.82142525213998,0,0,150,
4344,1.59281148616884E-13,1.59281148616884E-13,1.59281148616884E-13,0,0,0.00167340815692044,23.4664626204747,0,8.73186138628184E-09,16.9767162585533,16.976916206348,0.707923188280619,0.0334649256912445,0,0,0,6.81998782922006,0,0,150,
4345,1.59281148616884E-13,1.59281148616884E-13,1.59281148616884E-13,0,0,9.70551522890941E-05,4.19057088151366,0,5.87914425048479E-11,19.1488292823621,19.1490292301567,3.35442516812279E-05,0.033458976577128,0,0,2.69540367892424E-12,6.81852881619299,0,0,150,
4346,1.59281148616884E-13,1.59281148616884E-13,1.59281148616884E-13,0,0,1.86063610184108E-05,8.88923464971516,0,3.95929873145327E-13,21.3207485636492,21.3209485114439,1.91813351868575E-07,0.0334567880203518,0,0,2.70975408786714E-12,6.81714417768242,0,0,150,
4347,1.59281148616884E-13,1.59281148616884E-13,1.59281148616884E-13,0,0,1.81397482418239E-06,4.39400834630519,0,2.66638950044376E-15,23.492665514978,23.4928654627726,-9.75793756907706E-09,0.0334559828953078,0,0,2.72379133490758E-12,6.81579129694085,0,0,150,
4348,1.59281148616884E-13,1.59281148616884E-13,1.59281148616884E-13,0,0,3.72021681289607E-07,10.6970023699543,0,1.79561756016824E-17,25.6646125986608,25.6648125464555,4.80376665557003E-07,0.0334556867063567,0,0,2.73751501539649E-12,6.81446296907442,0,0,150,
4349,1.59281148616884E-13,1.59281148616884E-13,1.59281148616884E-13,0,0,6.40684048399468E-08,17.2820830551789,0,1.20923837240159E-19,27.8365440368833,27.836743984678,-2.93825674901882E-09,0.0334555777445305,0,0,2.75094358997097E-12,6.81317256224497,0,0,150,
4350,1.59281148616884E-13,1.59281148616884E-13,1.59281148616884E-13,0,0,1.03869353802079E-08,24.0604907087886,0,8.14859479306229E-22,30.0079300232607,30.0081299710553,0.278582755385342,0.033455537659715,0,0,0,6.81205555365577,0,0,150,
4351,1.59281148616884E-13,1.59281148616884E-13,1.59281148616884E-13,0,0,3.25722063265732E-10,1.08594857989353,0,5.4922006795668E-24,32.1791302627429,32.1793302105375,6.96002493030257E-05,0.0334555229133353,0,0,2.77694753528955E-12,6.81103237594312,0,0,150,
4352,1.59281148616884E-13,1.59281148616884E-13,1.59281148616884E-13,0,0,8.65300147464809E-11,4.92806715471644,0,3.70185743668723E-26,34.3503112692909,34.3505112170855,0.174341700112722,0.0334555174884454,0,0,2.78955706251077E-12,6.81004589307019,0,0,150,
4353,1.59281148616884E-13,1.59281148616884E-13,1.59281148616884E-13,0,0,2.11067433682196E-11,16.7500461603753,0,2.49475393833111E-28,36.5216228049721,36.5218227527667,6.43241543674122E-06,0.0334555154927401,0,0,2.80190890079452E-12,6.80905440010992,0,0,150,
4354,1.59281148616884E-13,1.59281148616884E-13,1.59281148616884E-13,0,0,3.51171768649601E-12,24.4673835988729,0,1.68146028648151E-30,38.6928326004655,38.6930325482602,0.206001738823801,0.0334555147585611,0,0,0,6.80810974011386,0,0,150,
4355,1.59281148616884E-13,1.59281148616884E-13,1.59281148616884E-13,0,0,4.27294378119661E-13,20.2584825707296,0,1.13308044745112E-32,40.8642119290031,40.8644118767978,2.22662107858262E-05,0.0334555144884718,0,0,2.82587466152809E-12,6.80715479726213,0,0,150,
4356,1.59281148616884E-13,1.59281148616884E-13,1.59281148616884E-13,0,0,3.33874004365567E-14,6.71160609131613,0,7.63577852165447E-35,43.0355543641993,43.0357543119939,0.00156593192839738,0.0334555143891113,0,0,2.83750845757416E-12,6.80622696219446,0,0,150,
4357,1.59281148616884E-13,1.59281148616884E-13,1.59281148616884E-13,0,0,3.16587784282393E-15,3.08313538194809,0,5.14469075124657E-37,45.2070700521422,45.2072699999369,-3.14415160573844E-13,0.0334555143525588,0,0,2.84893477726397E-12,6.80528496160506,0,0,150,
4358,1.59281148616884E-13,1.59281148616884E-13,1.59281148616884E-13,0,0,4.98857653411945E-16,4.32794810615575,0,3.46644939494225E-39,47.378546462223,47.3787464100176,8.92219720327603E-09,0.0334555143391118,0,0,2.86014370648795E-12,6.80437589815176,0,0,150,
4359,1.59281148616884E-13,1.59281148616884E-13,1.59281148616884E-13,0,0,1.29424952624729E-16,16.8407588902643,0,2.33585084324494E-41,49.5499535672439,49.5501535150385,1.87334925469962E-05,0.033455514334165,0,0,2.87114092232802E-12,6.80350592124691,0,0,150,
4360,1.59281148616884E-13,1.59281148616884E-13,1.59281148616884E-13,0,0,1.03393175717135E-17,5.69256120748102,0,1.5741421199468E-43,51.7212834929228,51.7214834407174,0.145937187254577,0.0334555143323452,0,0,2.88193086592077E-12,6.80266827151096,0,0,150,
