4320,115.144932861877,93.2334343172382,77.0379788712008,489.923248136081,11.4410593540056,90.1823552365488,97.6886949213346,72.1091505319935,44.3289220022369,7.46304434273025,7.39965700389181,3.18133735882243,7.02123235680761,5151.77967637491,71.4441875735196,767.149044159721,7.0861311236058,1.0000354,1,0,
4321,114.63813063146,92.6663910904593,76.4264096905888,492.063778606062,11.5113703231009,89.1403418816181,97.5759290831076,71.4702538011468,44.3842000267568,7.46254705939591,7.39898296561337,3.11971648143048,6.99576753637064,5120.17244651856,71.6406081439774,770.144673093345,7.08554315499185,1.0000354,1,75,
4322,113.763869153224,91.7549029048747,75.4874061126165,491.81234569338,11.5480257728942,88.7627560534774,97.5402090200688,71.3056758984836,44.3699248762252,7.46167314485315,7.39899539726888,2.94763500141613,6.92141638028885,5117.03711453546,71.7619887906325,765.99508200272,7.08559917851562,1.0000354,1,75,
4323,112.9874467951,91.2539748453892,75.1901042738641,493.780860611385,11.61123735113,87.514681032354,97.4069819500565,71.5790712709352,44.3593213957243,7.4631651158688,7.39897656040364,2.76488391136464,6.804422558874,5072.35909764079,70.8637176702295,763.810623766544,7.08600897510073,1.0000354,1,75,
4324,112.404821345706,90.7918734299485,74.8170858400404,503.526804947869,11.7683587099891,85.1232384905784,97.1136667518174,71.8814604162586,44.2942204219106,7.46466487208885,7.39949505400276,2.53975221971882,6.64733897471999,5065.53966831842,70.4707394505394,768.110185367779,7.08712004980893,1.0000354,1,75,
4325,111.026012992891,89.7852549374816,74.0855642008746,498.655780569019,11.7441372305636,85.1160212871128,97.1376846050234,72.0651521260514,44.1844337083948,7.46586287893485,7.40045592943491,2.26460052164527,6.40539961951599,4991.02955436707,69.2571847435651,765.14065906986,7.08912898896755,1.0000354,1,75,
4326,108.71588735616,87.7772443026301,72.3008559587163,517.129237390593,11.9913823727053,81.2890929094827,96.6240000080698,72.3412188121876,44.0769514771537,7.46986244890305,7.40139801229294,1.97619872059634,6.05393401849772,4938.88798816109,68.2721146983083,762.166193854486,7.09144896241269,1.0000354,1,75,
4327,107.208710055021,86.6764076854054,71.5003581078633,512.291106762469,11.9707665927517,81.1146623855918,96.6341363335148,73.1080603853031,43.8402198288501,7.47212935801026,7.40362081780832,1.76046617465622,5.75828574023091,4894.38056229829,66.9472085089295,753.275432088834,7.0947191664275,1.0000354,1,75,
4328,106.838900865511,86.5601590075853,71.5715237212921,509.996998278279,11.9772617851221,80.7489405566671,96.6073703841994,74.2131188750667,43.6150493139141,7.47349359203347,7.40574150002702,1.55257695923825,5.51888897397923,4907.0051312708,66.1204542492204,758.111306661748,7.09691324610881,1.0000354,1,75,
4329,104.1188286855,84.6264237241633,70.2189939701318,508.122666462634,11.9879863510885,80.2293734718665,96.5671244849951,74.2833240312314,43.5751755356187,7.47624200831968,7.40602369609448,1.21036474047993,5.10855050367351,4721.19106395348,63.5565401188632,743.428249942964,7.09940479486678,1.0000354,1,75,
4330,99.8656469361574,80.8304059206342,66.7608799526388,515.206774573047,12.0965316976596,78.1746592874683,96.2910155968611,74.5377184736569,43.4089185204195,7.48073374558555,7.40756375219872,0.9435445441653,4.56896696134584,4626.25211894593,62.0659206329335,738.164720699131,7.10159105634683,1.0000354,1,75,
4331,96.4893260775799,78.2175634783177,64.7123476440804,502.790353592491,11.9930436688674,79.1541585621581,96.4870766196602,75.2709453602527,43.1996016702883,7.48247167427267,7.40953943592161,0.742397722069033,4.15254421918517,4484.38236663977,59.5765383997393,728.647184470592,7.10399037552551,1.0000354,1,75,
4332,95.1246251983847,77.2475256142705,64.0340172260123,503.551128976633,12.0331199350745,78.6044230882568,96.4257546505486,77.0584380728672,43.0938087775158,7.48324763103452,7.41047985943665,0.572733592151814,3.90397591430558,4491.71386808967,58.2897081802029,729.477609910079,7.10514937872184,1.0000354,1,75,
4333,90.5870269271072,73.0748065158186,60.130991429214,511.783192225676,12.1552832994276,77.0566586156804,96.2036707463868,77.6144724743968,43.204697958134,7.48494541890839,7.40924095213492,0.321330751631468,3.48726229969345,4431.78564503568,57.0999905526334,718.59070388793,7.1062278573209,1.0000354,1,75,
4334,82.7491177292197,65.8560232218025,53.3698229337115,529.05648133341,12.3793408394257,74.2012145469903,95.7484356699392,78.6150177790072,43.3044765216862,7.48876510797639,7.40811999399112,0.142830138354237,2.95750971302332,4330.21590023459,55.0812811924454,697.795212227893,7.10730504281869,1.0000354,1,75,
4335,76.9969345090793,60.5517479409315,48.3966100427353,544.1351000662,12.5721044894313,72.0077167944873,95.3551029360506,80.6447762313644,43.4478998393136,7.49025654065242,7.40657460544738,-0.0292492960948447,2.52765813980643,4324.24077649608,53.6208416536506,680.937625569782,7.10813642527384,1.0000354,0.998995946660955,75,
4336,70.3204192821336,54.5280712148735,42.8554661216812,556.610617176487,12.6817837589099,69.9626097303865,94.962193307026,82.6712935107461,43.8313734539844,7.49207160845177,7.40266324319801,-0.217821913764125,2.03440635753881,4256.92758027432,51.4922096836549,652.445075503757,7.10771720109852,1.0000354,0.991264758242353,75,
4337,49.3598872983086,33.7528579997637,22.2172276486652,494.31508193696,11.2745876267003,72.8228898286729,95.5598119681093,61.2634833742801,44.8904724028671,7.49021172705657,7.39221784907548,-0.176881864019318,1.46830032970555,3117.57387927386,50.8879630664731,484.689383871341,7.10036560563719,1.0000354,0.900562623953995,75,
4338,45.4520005266453,30.0722342899274,18.7045809845272,434.611681018751,8.15714399109881,60.4076083335808,91.7033402368463,60.3942391132039,46.5313130910511,7.45186219279574,7.37656403059853,-0.188738787160769,1.29959240519349,3028.5871148645,50.1469537382145,432.720743000339,7.06894911151448,1.0000354,0.576119812720648,75,
4339,45.6517097028593,30.7268073854709,19.6953578465316,571.807249699553,8.65156599494282,47.9642844307912,85.2889920602322,65.5887378634963,49.6631926283641,7.44429686038234,7.34804578113616,-0.446618740238273,1.07694211013616,3191.79943014374,48.6638336719718,448.364411623158,7.03925605891031,0.991411323019723,0.436958794479754,75,
4340,43.33355246965,29.5860935552989,19.4249282707786,620.41124797505,9.20568103864097,47.6248053294455,84.8349009018073,69.6477905579574,53.1992392556418,7.43507993570078,7.31734929232511,-0.743538513035427,0.668100818893839,3121.94031464721,44.8246856021842,432.809006854998,7.02267530586543,0.991411323019723,0.42669341011553,75,
4340.09240716078,42.3933459885303,29.1681690366476,19.3930382461256,606.314891314873,9.01576737779824,48.5632665361603,85.4363053860111,NaN,53.5920657248849,7.43337908093388,7.31403295447027,-0.784641079307219,0.473730466106251,3062.19494196685,43.1217436323852,424.66143664423,7.02099494183484,0.985759902273112,0.424376004956766,75,
