4320,115.878138626513,93.5127447987464,76.9818015347452,486.451790187547,11.3783752717629,89.7266688559997,97.6378769007277,72.3024724703007,44.5508569289233,7.46597746232181,7.40523758455086,3.42119520205006,7.21927196802328,5272.59629893419,72.9241493242155,788.548973614087,7.0808707600065,1.0000354,1,0,
4321,116.188835225991,93.6506478998699,76.9919877023025,489.785982945584,11.4428745919027,89.0024807597711,97.5520339634222,72.1852231258302,44.5731483095938,7.4650491829145,7.40493830327332,3.39917015497652,7.20980826060618,5304.71564841493,73.4875562989946,795.452384382384,7.08029544223661,1.0000354,1,37.5,
4322,116.006986457712,93.5257070791505,76.9091092776052,486.613023728712,11.4208143815386,89.2853948562581,97.5967171813059,72.1987708343791,44.5953028894655,7.46542935070914,7.40464399754383,3.34195094031893,7.18945966069186,5292.31454516566,73.3020033998363,795.079373375235,7.08074834522161,1.0000354,1,37.5,
4323,115.665766779964,93.2844003585679,76.7416512644928,484.366877725824,11.4094452544626,89.5729565355762,97.6367614803393,72.19357096608,44.5945090847532,7.46506246246526,7.40457619903455,3.25335852982566,7.15561869323389,5268.41458439706,72.9762292389222,794.500152419476,7.08093644033969,1.0000354,1,37.5,
4324,115.22047113537,92.9576269314204,76.5024812154575,486.251767775209,11.4512582779888,89.059103209853,97.5793750263877,72.3085581347828,44.6068834586699,7.46480906034483,7.40438341185637,3.15121295158154,7.0999857954659,5248.86218984446,72.5897781015161,793.698813193293,7.08083548702494,1.0000354,1,37.5,
4325,114.752086076566,92.4375314654067,75.9441650136802,489.654984393235,11.5117493314871,87.9823828829078,97.4572721469816,72.4496258993764,44.6076183332792,7.46581558474992,7.4043067261209,3.01407659146521,7.00514644598594,5271.31770228277,72.7583840060676,789.463692423985,7.08103156878042,1.0000354,1,37.5,
4326,114.323985689468,92.397532645486,76.1910238738471,499.063882607932,11.6469204857815,85.7326531267742,97.1823685515825,72.6317070220338,44.53277042308,7.46812243444906,7.40496835494037,2.86166593964557,6.84577911706708,5192.6548467881,71.4929479106534,795.517220092158,7.08213583338003,1.0000354,1,37.5,
4327,113.619765787349,91.8723803250182,75.7982258528607,499.265893680759,11.6643280309924,85.1478440637855,97.1199237423547,72.920627686275,44.4166421845679,7.46976582761596,7.40603558559329,2.70634817333395,6.65405627114305,5170.73489841958,70.9090837871766,785.552452450968,7.08357390711104,1.0000354,1,37.5,
4328,112.497095702152,91.1119814898961,75.3055927243156,496.233973717556,11.6408505979716,85.3245612782257,97.1544054171457,73.33057223507,44.3399418338707,7.4702488940189,7.4067200677769,2.57147782919012,6.47915378982538,5113.18457113897,69.7278694996139,783.782824731636,7.08514154621158,1.0000354,1,37.5,
4329,113.164585370682,91.9143240080806,76.207609087897,493.688949816754,11.6227620098504,85.4316119989564,97.1795921803565,73.7913974709396,44.2664498053466,7.47084532279938,7.40737507867436,2.44946755656692,6.30979672619966,5112.87096881723,69.2881710341747,789.139977577371,7.08603057620611,1.0000354,1,37.5,
4330,113.630970202662,92.79467963277,77.3939431245892,495.355869604414,11.6571546185001,85.0398646922422,97.1341934939085,74.3178341015939,44.213006844669,7.47112203374688,7.40783552497557,2.35205176309819,6.20078137803342,5049.03371971145,67.9383862668728,795.635550096545,7.08678330203727,1.0000354,1,37.5,
4331,114.136613273193,93.4479712424727,78.1563662632445,483.958993986432,11.5237486251631,86.8257571532416,97.3738369866531,74.626429055067,44.2205815994677,7.47045272462461,7.40769803077379,2.24273126276143,6.11330976911809,5034.0725199927,67.4569664358193,798.838672188522,7.08783179253212,1.0000354,1,37.5,
4332,114.69666428093,94.363505477646,79.334648970871,486.831238279817,11.5732813696228,86.3804390561227,97.320777819822,74.8478974408659,44.2601842444491,7.47035316895924,7.40724744346153,2.15560238295,6.04503457030308,4962.25729980633,66.2978850371421,796.592728207965,7.08810700357007,1.0000354,1,37.5,
4333,114.976646129618,94.7486047309864,79.7974436972149,482.464653710661,11.5281073155943,87.0420160771621,97.4122262485172,74.9060049853695,44.3236309011674,7.47048300464275,7.40656413120381,2.05911772417634,5.98818121049253,4940.4361475492,65.955141360351,800.716564247537,7.08837768704709,1.0000354,1,37.5,
4334,115.838993133211,95.7644883909428,80.9268109727448,482.918685658094,11.545308014265,86.9372407432426,97.4019987915553,74.8492128637649,44.3398965220668,7.47018830733241,7.40634418398886,1.95043291479327,5.923159855348,4899.21951398372,65.4545228538465,801.153241858138,7.08851101948197,1.0000354,1,37.5,
4335,115.512613640378,95.8492509010337,81.3154610502138,479.645721882906,11.513191413416,87.3416368502005,97.4616850235851,74.7498547733874,44.4200262176503,7.47080899010461,7.40549982623054,1.84288884396704,5.85322417549058,4792.50931713576,64.1139615811267,803.321481479325,7.08859030829296,1.0000354,1,37.5,
4336,115.14166682548,95.6241754724478,81.1982036028154,479.242136541699,11.5185585390309,87.5699010801065,97.4894086653759,74.7284329513409,44.4654916155576,7.46988174333206,7.40499505494929,1.73536858508741,5.78837565560392,4755.59314722672,63.6383362986255,802.002062141052,7.08877415395285,1.0000354,1,37.5,
4337,115.038475879749,95.6858222423775,81.3816869451896,484.968942667736,11.6039663140255,86.3650572804969,97.3471334501134,74.7822896375129,44.5040798645861,7.47092900973111,7.40455820946538,1.62972500173911,5.71493171647949,4718.82752082612,63.1008697874774,804.847995016852,7.08859602904442,1.0000354,1,37.5,
4338,115.009003594467,95.8290322868997,81.6525317552198,487.445690282071,11.6461780676553,85.7286878222755,97.2739264626357,74.8797075165518,44.4997708595784,7.47177623313122,7.40454016963834,1.52182284065014,5.6372284116935,4682.8140661829,62.5378252866143,804.032921950043,7.08948537401205,1.0000354,1,37.5,
4339,114.575303959536,95.6685238218216,81.6939471982935,495.481474241216,11.7572332031407,84.1225191744959,97.0732720444944,74.9756552640616,44.490265575673,7.47363348221179,7.40457277142675,1.39191216754194,5.52182202038202,4622.02899610303,61.6470637012029,799.097871143563,7.09065229429269,1.0000354,1,37.5,
4340,115.175856680124,96.3253433585874,82.392355251365,505.096234430449,11.8822856974893,82.1427980884171,96.8137764994898,75.1730059868784,44.3647599919652,7.47642864379171,7.40573928223727,1.27061294795979,5.3943502135676,4620.40366564474,61.4636012620174,810.983368314379,7.09208098933757,1.0000354,1,37.5,
4341,115.186881451753,96.5453954257471,82.7669057543517,500.561190417485,11.8384672332691,82.4877849309192,96.875806752946,75.4024174357235,44.2515412742877,7.47722162331409,7.40678846826891,1.17780256076805,5.29821756203778,4583.11358989381,60.7820511033438,802.912329828429,7.0949936433332,1.0000354,1,37.5,
4342,115.106970544257,96.692256292277,83.0813805408138,500.980809244736,11.8528282186778,82.1564809697791,96.8412404936561,75.5506946082431,44.2166045183097,7.47842319879795,7.40707128124594,1.07922763808603,5.20332155760902,4536.2634344863,60.0426436581215,801.565857637747,7.0960733887702,1.0000354,1,37.5,
4343,114.547574575024,96.3650787525229,82.9258427098049,503.299405079504,11.8891850134649,81.6236551826532,96.7759484756784,75.7302035789294,44.2267588530584,7.47957259868671,7.40691144099469,0.986200719406042,5.11074845669794,4489.70123935182,59.2854769586411,805.65367443657,7.0973698828207,1.0000354,1,37.5,
4344,113.747213843541,95.7679327346171,82.4788988714993,495.849732785884,11.8094145470379,82.5774241211771,96.9218719962206,75.9534134024857,44.2358629768464,7.47968868505492,7.40676253490306,0.888411143847158,5.027301629781,4452.6077777152,58.62287918675,797.686532840705,7.09844788873077,1.0000354,1,37.5,
4345,112.779869242402,94.9257163346307,81.7291685332343,517.706731069769,12.0643387720596,79.4242859251341,96.4538772963416,76.2911760100723,44.328422612686,7.48077520738516,7.40579664249006,0.771349054660347,4.89917466427297,4441.28232120303,58.2148887129053,803.106778486395,7.09802631084385,1.0000354,1,37.5,
4346,111.634399801481,93.9189433420711,80.8249103068549,531.580361804778,12.2216965120317,77.1972712705262,96.1110956263747,76.9799800086701,44.3464744449871,7.48384128585449,7.40556305470304,0.671245063019879,4.7615232012773,4446.56824942807,57.7626578875087,799.295563632336,7.10002428378408,1.0000354,1,37.5,
4347,110.811983304574,93.251693036719,80.2723480561303,542.893783944818,12.3517493931598,75.4406786781313,95.8229097351099,77.9117159955295,44.2916798455591,7.48634906826291,7.40604495477594,0.578025144151743,4.61464742819256,4460.96978675917,57.2567261516244,807.873155014552,7.1025888792286,1.0000354,1,37.5,
4348,110.230651948683,92.815581309505,79.9435725761996,548.261963588526,12.4168189379264,74.717467079996,95.6946854447352,78.9654786800812,44.2294782782268,7.48665943556484,7.40660204466447,0.481546418310486,4.46623604020252,4483.91462026071,56.783225976844,806.955294904425,7.10505009794241,1.0000354,1,37.5,
4349,109.238008537526,92.0815117174436,79.4006227634695,555.540378908432,12.502223656146,73.6478383300772,95.5197138444334,80.103187787676,44.3503603721739,7.48950735384797,7.40536591662036,0.408864767609129,4.3581696346701,4480.9823720835,55.9401254287274,795.121788880891,7.10672563106339,1.0000354,1,37.5,
4350,109.111080100843,92.0381451874922,79.4190193819718,566.724588145163,12.6301916104273,72.2580487369493,95.249865454119,81.2071892173198,44.3670726338579,7.49034574310361,7.40515394274683,0.327255454812842,4.24035544428124,4520.61461883576,55.667665171098,804.1797724042,7.10801441509222,1.0000354,1,37.5,
4351,108.321861509761,91.5604069736852,79.1715057948464,572.142452054994,12.6941504653059,71.6174784263348,95.1321211055347,82.2628610922446,44.5028436375815,7.49162843177234,7.40378085551364,0.239877334472672,4.1226473364874,4495.83470278327,54.6520585728463,796.49684041237,7.10925541882883,1.0000354,1,37.5,
4352,107.683002497377,91.1356177173238,78.9049420103282,585.13067254654,12.8416079066283,70.2427976178973,94.8241126450348,83.3245091319071,44.5787992545637,7.49088513071132,7.40299656985582,0.120721389029146,3.95972704971909,4495.69615426118,53.9540670698012,803.680228681684,7.11022054428302,1.0000354,1,37.5,
4353,105.131962905145,88.9419898390688,76.9754880076208,600.036955019772,13.0109021849427,68.2942846603357,94.4196787127072,84.6766710720746,44.8456791455061,7.49509766449596,7.40036357627476,-0.0196036650343223,3.675130337842,4469.97119036887,52.7886976870424,803.38184734745,7.11141614239041,1.0000354,1,37.5,
4354,103.351349696744,87.837326845459,76.370440390161,607.120813315402,13.0932983096516,67.3581101336254,94.2188328374493,86.6606189230319,44.88217487612,7.49733196974206,7.39997413661629,-0.120536069385856,3.38041125872953,4383.70211472767,50.5847081316263,796.599221893904,7.11400132961808,1.0000354,1,37.5,
4355,103.504937603189,88.2968148543425,77.0560284747604,608.546681493334,13.1117152680152,67.3739172392208,94.2223902091939,88.6102044909051,44.9397726179153,7.49707510720538,7.39938486461162,-0.202912952485996,3.19781213544932,4393.94047985116,49.587296464282,800.018227530674,7.11454030604666,1.0000354,1,37.5,
4356,103.461553505206,88.4305044392289,77.3205986078546,607.416955478772,13.1004918042453,67.8547370302823,94.3297209624354,90.0222509290317,45.1183330322026,7.49589037271069,7.39763203589947,-0.256971191361273,3.11794022934526,4411.98454115908,49.0099336067172,801.179411110055,7.11503500607593,1.0000354,1,37.5,
4357,103.617541186508,88.8047186768271,77.856110734889,609.594729698179,13.1256114962221,67.8816640045939,94.3328499681789,91.0215269090194,45.3561751677506,7.49549561649233,7.39531905805039,-0.324644542747365,3.03472669022563,4396.19307079455,48.2983885250438,808.113938509012,7.11450325505785,1.0000354,1,37.5,
4358,103.422982203737,88.849244063979,78.0773506563322,612.96938359552,13.1636074763266,67.8887537761996,94.3154010816528,91.721987141373,45.6158746176429,7.49390927435491,7.39280991002688,-0.399765393186042,2.95111989547416,4358.52196178674,47.5188348794587,812.096908359631,7.11393281393585,1.0000354,1,37.5,
4359,102.669721315018,88.3362352242107,77.7419194179617,617.681512948023,13.2163079958645,67.643154568051,94.2514928035623,92.3795117888149,45.9377334996833,7.49365949494486,7.38972669717438,-0.478780953653967,2.86896807962951,4317.40026425623,46.7354739233312,811.366045153327,7.11314065330944,1.0000354,1,37.5,
4360,101.723462083548,87.6356538797545,77.2229260769508,623.774855307837,13.2845193511762,67.2270225817977,94.140676387178,93.1584125665808,46.2175022976043,7.49321476041255,7.38706002135567,-0.556126992179216,2.78432831410595,4279.17779746065,45.9344215897013,808.779440125483,7.11233198409125,1.0000354,1,37.5,
