4320,123.84977501486,102.999731237427,87.588829314977,514.229059156168,11.7191389724181,91.3749276566457,97.7826714184369,74.8940197035003,42.634195944836,7.4515383574968,7.38101898634518,2.9269816248187,7.1057324676732,5091.53734438454,67.9832296963302,761.289371531211,7.07816240973631,1.0000354,1,0,
4321,126.059425538624,105.386208529285,90.1060046528163,511.263007189773,11.703492229488,92.3269059809446,97.9000583680738,75.6680561175465,42.6535761205879,7.45163957429392,7.38075458018037,2.85809413470606,7.12688778506756,5100.53183384801,67.4066719240757,768.495183947739,7.0791475983978,1.0000354,1,37.5,
4322,125.635622723835,105.02330983184,89.7881220421041,510.894703850389,11.7173278441773,92.357600305555,97.9070155029464,75.3707688030497,42.7182893249078,7.45102598841551,7.38003229732722,2.75648351282061,7.11055187414174,5065.52535239584,67.2080891947977,766.929883712412,7.07931713346255,1.0000354,1,37.5,
4323,125.416440058353,104.922181790434,89.7742517663196,509.065494709229,11.7121949065873,92.5693819096367,97.9384389897686,75.3587098789571,42.7554433878725,7.45137505077808,7.37959249254975,2.63926291940366,7.04750043439797,5035.707329811,66.8231626828468,765.586913275299,7.07979383575997,1.0000354,1,37.5,
4324,124.856830468601,104.603087472383,89.6329296056122,511.783761587778,11.7607621964025,90.6937666806222,97.7306172466136,74.8690725531305,42.7433433894274,7.4517665508858,7.37965445203223,2.54927226952428,6.97656619071791,4944.27444983484,66.0389434679608,765.526347688318,7.07962146447762,1.0000354,1,37.5,
4325,123.595101782446,103.187992004108,88.1044760809884,514.169140057884,11.8040564903917,89.654751875995,97.6101832098041,74.8019195130326,42.7010830110261,7.45151795793919,7.38002383906667,2.4591695049008,6.90185358949033,4977.24552732222,66.5390080859494,758.087470003195,7.07904948356187,1.0000354,1,37.5,
4326,122.808886181875,102.604159266173,87.6702306763056,516.637424934151,11.84708114595,88.4228579793663,97.4707313215281,75.1158805616579,42.6792515161994,7.45293869162782,7.38018671314207,2.35131866937946,6.80636630668439,4948.56830700886,65.8791226303591,762.725401423104,7.07920891338654,1.0000354,1,37.5,
4327,123.232035607515,103.022492356536,88.085003866682,523.610256246721,11.9388190109582,86.3822071163682,97.2175143001025,75.5666004378104,42.568529955524,7.4543181211052,7.38125632774594,2.23457337611036,6.69077593234177,4979.44803830168,65.8948266754391,763.060623906167,7.08036708639555,1.0000354,1,37.5,
4328,123.269255407132,103.334783542548,88.6006086861162,522.102641572815,11.9349498587213,86.1563814910396,97.2025237526446,75.9472644220394,42.5158291714431,7.45575650017165,7.3817378718823,2.10826690050012,6.56348791175876,4936.41531791115,64.9979344941177,760.424801019622,7.08216584527766,1.0000354,1,37.5,
4329,122.924617297127,103.26595044949,88.7356314751494,519.603330794276,11.9195669379192,86.277743358699,97.2298976214287,76.2946688463613,42.474227820445,7.45649051945632,7.38210679097667,1.98294568067808,6.43488991735996,4890.38529446781,64.0986502519048,757.503958899178,7.0831555998048,1.0000354,1,37.5,
4330,122.348164533824,102.959478144688,88.6287099440232,519.179196341654,11.9267443209294,86.1869778573917,97.2242926528616,76.6496776356325,42.4586445644687,7.45659126810436,7.38220986836122,1.86139201670339,6.30693743772379,4845.66671894972,63.2183574467779,761.935798964594,7.08414961113799,1.0000354,1,37.5,
4331,121.853193629551,102.710570127896,88.5616744962382,519.377408121115,11.9405015719565,85.8613244241857,97.1905645401911,77.0428330782156,42.4346528724884,7.45729286080951,7.38239892252277,1.73940356512517,6.18482070335008,4808.70930525237,62.4160497884399,758.625535556995,7.08483483712231,1.0000354,1,37.5,
4332,122.051329581956,102.939229086586,88.8128939378338,523.181097680584,11.9926561056075,84.9790570710305,97.0745189955624,77.4405737085892,42.3702121390673,7.45728663826416,7.38300269504354,1.62117455228291,6.0574759916359,4825.82760964397,62.3165270934547,760.118672582836,7.08523587274507,1.0000354,1,37.5,
4333,121.969243191112,103.177708881452,89.2883139569204,523.265547672092,12.0042026098632,84.4569702443509,97.0217564654826,77.766868184843,42.369560946655,7.45947744706007,7.38295446229512,1.50337133936729,5.91784908997588,4764.87676008527,61.2712954925701,759.132209648334,7.08645547296027,1.0000354,1,37.5,
4334,121.31733466219,102.809683165107,89.130114667263,519.430208167962,11.9739273261079,84.9247458925519,97.095247451734,78.0838464077686,42.3385217705167,7.4597460805848,7.38321734188312,1.38379134867526,5.78971549619673,4712.02225829968,60.3456729538221,763.512733289898,7.08730833811488,1.0000354,1,37.5,
4335,120.786435048129,102.27004184817,88.5840120916781,518.421578145753,11.9735285288091,84.960266593275,97.106001260672,78.186865526075,42.3479636877981,7.4597567612637,7.38306469284847,1.29597606593673,5.69676253268499,4720.46757803709,60.3741759728535,758.177507155944,7.0880742067662,1.0000354,1,37.5,
4336,120.640921779146,102.439056065445,88.9855031466217,521.656850417327,12.0182279304459,84.0201406780658,96.9883557216724,78.7393896937039,42.2899033333995,7.46107513850748,7.38360503713292,1.16767705175795,5.554329917499,4673.07522290376,59.3486340328775,759.60099084685,7.08834502030793,1.0000354,1,37.5,
4337,120.068730407442,102.112475333847,88.8404607142338,521.672108471413,12.0285036837559,83.804853139419,96.966731504641,78.9764647757631,42.2822304291858,7.46155774163698,7.38362852354062,1.06991337735985,5.45123553494942,4623.89834046457,58.5478009631495,755.609371554839,7.08922267477141,1.0000354,1,37.5,
4338,119.672023521578,101.692128677999,88.4026411849183,520.115049875211,12.0220190827809,83.8692834370498,96.9843374687831,79.3348456966288,42.2571820522764,7.46192367118899,7.38383021952774,0.966839269794792,5.3494181610768,4650.99583397338,58.6248803175149,761.577987330625,7.08962242996644,1.0000354,1,37.5,
4339,119.850025746299,102.257639137166,89.254570773893,528.235323952189,12.1185561182179,82.187846983094,96.7538717535815,79.8732053747165,42.1935608038418,7.46341314149995,7.38442944198091,0.837374516554267,5.18793778344524,4581.6371919267,57.3613788307661,762.916381223799,7.0908912793212,1.0000354,1,37.5,
4340,119.230634952148,101.90104365248,89.0922153005518,525.050592292434,12.0945747518596,82.3370295657715,96.79250592483,80.1384605923294,42.163492046394,7.46477176789249,7.38468404493135,0.737956208254366,5.0780690987312,4528.18475059092,56.5045137768013,756.691131264149,7.09241954755273,1.0000354,1,37.5,
4341,118.515108135904,101.428424032892,88.79913578284,520.806470070528,12.0590861245624,82.8958043877875,96.8796771211003,80.480271184971,42.1270893640428,7.46456828314038,7.38500376384347,0.635190984723992,4.97105324525347,4483.75674622637,55.7124954999365,752.558337144711,7.09297067308812,1.0000354,1,37.5,
4342,118.654205360161,101.611801902953,89.0152428258868,530.545788326121,12.1734580693493,81.173504284658,96.6301528335187,80.8689756309935,42.0747564625061,7.46515069042747,7.38548839626515,0.533722952729795,4.85555070068643,4493.73653170379,55.5681149246749,763.927128489024,7.0931000688069,1.0000354,1,37.5,
4343,117.965576058169,101.312976919554,89.0045340779687,525.148557105376,12.1253839222934,81.6311288999062,96.7204581710183,81.3652323608108,42.062448398635,7.46694478127425,7.3855606459281,0.418685589434118,4.71114486693557,4417.89834450905,54.297126872545,756.579596725687,7.09504988609298,1.0000354,1,37.5,
4344,117.413786792483,100.781655560441,88.4883411715394,524.203106463515,12.1250523932484,81.6017525992295,96.7249393171374,81.728374660131,42.0398834475582,7.46732432078266,7.38573882769546,0.330758502429314,4.61277455115276,4432.16160178173,54.2303896316666,751.869960117319,7.09567401968875,1.0000354,1,37.5,
4345,117.186250833106,100.9663199251,88.9776753409206,531.978133867984,12.2189626220206,80.0737582144508,96.5087709920599,82.2363457292784,41.9927167790055,7.46932743307124,7.3861718840231,0.218690006862349,4.47247572996917,4349.18243421235,52.8863776185999,760.042826337811,7.09712169346173,1.0000354,1,37.5,
4346,116.292325492212,100.347761403013,88.5626488153441,528.168352722987,12.1876211693198,80.4334054628167,96.5758058556885,82.6337910463462,41.9581135059136,7.46978934116403,7.38647558620726,0.134286768551941,4.37427151572882,4296.00867667603,51.9885221563483,752.412929618644,7.09852490025862,1.0000354,1,37.5,
4347,115.979601335059,100.219818849682,88.5712839691861,533.101397974594,12.2510750983755,79.4325400246584,96.4332461990507,83.1743817032706,41.9008561666247,7.47116087028069,7.38701488845338,0.0284323022564226,4.22868619217787,4274.00102458772,51.3860270081172,760.519852236271,7.09900138909544,1.0000354,1,37.5,
4348,115.377747460108,99.8054187117805,88.2954365934519,534.550461605578,12.2768314380931,78.9957751732431,96.3790848919926,83.6183264035983,41.9120272379995,7.47245536057965,7.38684587139688,-0.024963642623868,4.16134309011892,4245.70540131204,50.7748191565017,754.305477972351,7.10058482795615,1.0000354,1,37.5,
4349,115.026283480842,99.673453521075,88.3257096377689,546.451578092303,12.4169755109826,77.1573421873018,96.0823067417645,84.2482892729358,41.8385390066869,7.47351982298112,7.38755560111154,-0.149092902503899,4.01653571835993,4217.39571621383,50.0591258601216,762.330449096392,7.10148850479235,1.0000354,1,37.5,
4350,113.672064106529,98.5336106040735,87.3443188848675,552.421958544183,12.4925802933929,76.0097047790762,95.9103435397519,84.9440820552486,41.8536372997935,7.4764336633306,7.3873475696626,-0.244990155989742,3.86342931488259,4192.85130104706,49.3601343330778,759.138066031589,7.10405206815966,1.0000354,1,37.5,
4351,112.139915841519,97.265547523666,86.2714492017746,569.125310945741,12.6870247537877,73.5217195463393,95.4730836355004,85.9685605816928,41.8089159377489,7.47959702485192,7.38776207988631,-0.337588654668515,3.70458276308123,4169.39468195753,48.4990635384142,764.022674941199,7.10662797680597,1.0000354,1,37.5,
4352,109.330098585009,94.6516392579598,83.8023432336193,583.832877164618,12.8602566874398,71.1790047541529,95.0486086712917,87.4983591743619,41.7872241120596,7.48488266400427,7.38793992817569,-0.464579138299764,3.41313346976433,4187.69655218641,47.8602866579635,758.365804097576,7.11024726834551,1.0000354,1,37.5,
4353,107.327143245507,93.1114459697284,82.604191461544,594.666282909672,12.990742819714,69.4529522438485,94.7103987753161,89.8004603234007,41.6365468748291,7.48849837221201,7.38946455433252,-0.534016046030848,3.17602946524364,4162.378323087,46.351414102967,759.702795141408,7.11434684110445,1.0000354,1,37.5,
4354,105.737076961891,91.9720597368853,81.7979165705765,589.205870957137,12.9372091276024,70.0877646466243,94.8692693160452,92.1721356702364,41.5963690120789,7.48910576095637,7.38984328899804,-0.646449290649934,2.88882503737318,4136.86388248895,44.8819358736503,742.383341790668,7.11717958872309,1.0000354,1,37.5,
4355,104.546794578757,90.9900200877001,80.9697954638754,594.235577801283,13.0004056639379,69.6630382806428,94.7787802332967,94.5776267512157,41.7088164779325,7.48911788667669,7.38863424758013,-0.708021917560579,2.73382871668046,4180.60952385653,44.2029438405505,745.121528910361,7.11750617987948,1.0000354,1,37.5,
4356,104.382481665647,91.0223749489732,81.1475134627362,599.568706894913,13.0659611640266,69.3462589440972,94.6949370665545,96.7672458691682,41.8303477520613,7.48779894550162,7.38733720669632,-0.768943224389044,2.6402226668702,4215.34504595325,43.561692885757,746.958502866034,7.11727475259143,1.0000354,1,37.5,
4357,102.859068946066,89.8170494427036,80.17729589674,605.936908695766,13.1420255698361,68.8901701973927,94.5852012077144,96.9609262193216,42.1484672326722,7.48725624365156,7.38401621683669,-0.878324219952169,2.48055768263979,4123.21918996946,42.5245441719783,739.861713281302,7.1164181175905,1.0000354,1,37.5,
4358,92.2554375844672,79.0272703860595,69.2499294133234,626.821300314024,13.3844948028469,66.2935913122955,93.9702402967075,92.9225205227645,42.6795636933641,7.48960733083902,7.37855012975646,-0.933696034274577,2.0280517728165,4007.8870963924,43.1314935695328,715.726695710381,7.11526339217593,1.0000354,1,37.5,
4359,80.8298380246919,67.6857538356098,57.9705611741143,628.184296337233,13.4061620294165,65.5110330058149,93.8396175387544,88.7842231684827,42.9834158704511,7.49482318286758,7.37544778439971,-0.934073028635037,1.57881574699656,3805.05512538258,42.8573342153579,689.322020625847,7.11522736911758,1.0000354,0.999800293368481,37.5,
4360,58.3944562180324,44.6197922375225,34.438518860624,596.019960378293,12.8791732963252,67.5405469266499,94.3711004840066,72.3973724133121,43.6746146101707,7.49467306656244,7.36850395659909,-0.861550602880287,1.05968571687306,3251.61141413203,44.9133898889145,585.646625824988,7.11129689653522,1.0000354,0.978173127908624,37.5,
