4320,136.111253646181,115.371424756149,100.041986011343,510.359156594596,11.6849074537621,92.048061327681,97.8717543113012,77.263233082502,42.7625258509147,7.45377267008207,7.38582968029517,3.12062409210113,7.96070935009538,5224.838464351,67.6238652707155,799.371310539272,7.07389045762461,1.0000354,1,0,
4321,136.881453203844,116.448702494732,101.346234579301,507.313795808214,11.6680196228057,93.7199044887435,98.0622565883186,77.8779045488558,42.8229073021863,7.45345576190014,7.38515630509545,3.05133861764872,7.99178298210601,5188.42944808177,66.6226123845804,799.669969619058,7.07446509371083,1.0000354,1,37.5,
4322,136.562703911097,115.862990646038,100.563202580559,507.359436044101,11.6871765636321,92.958082823484,97.9846859031157,77.4391364807255,42.8816177139005,7.45326284151342,7.38450322628166,2.95655356783923,7.97856401047486,5226.60467806768,67.4930650778703,797.410877724652,7.07438207880479,1.0000354,1,37.5,
4323,136.366860435894,115.951426266058,100.861757531831,511.492322537085,11.7543745903521,90.3082612687965,97.6918129892373,77.0756504630502,42.8519415400195,7.45422797331413,7.38474783858157,2.85732749991773,7.89219024566332,5130.62934305687,66.5661504279678,799.071891961938,7.07461762066731,1.0000354,1,37.5,
4324,135.479023441517,115.01167998231,99.8836435124618,515.71745538382,11.820334141941,88.8078910307088,97.5153500226146,77.5205158028299,42.7548930685446,7.45437722914377,7.38567682068434,2.74487156399068,7.77892695847774,5173.36300269015,66.735404803657,794.345696214928,7.07424564789046,1.0000354,1,37.5,
4325,135.062224565901,114.889754200775,99.9796674091604,514.834936940706,11.825230493581,88.4407918907227,97.482758142039,77.8793446669473,42.7368765363091,7.45560306573093,7.38580654724154,2.61584826898577,7.6443231326334,5122.4319333793,65.7739475760292,797.999736607444,7.07540886862193,1.0000354,1,37.5,
4326,134.283455166811,114.377965679862,99.665212580812,509.954803441409,11.7823427847784,89.1785953806481,97.5835362529681,78.2504698504026,42.7194150483221,7.45605037289564,7.38593158936002,2.48578211356235,7.51267026524588,5078.72429473934,64.9034351416512,792.3445585449,7.0762453876737,1.0000354,1,37.5,
4327,134.452195025831,114.582181738972,99.8956501791192,515.235603767682,11.8580177524595,87.6525876086238,97.3988446542341,78.2959901837451,42.6730542598491,7.4563204670568,7.3863518803862,2.37630476359537,7.3897507904004,5072.62199037579,64.7877621634436,794.872174104175,7.07634538430758,1.0000354,1,37.5,
4328,133.641905663899,114.052760865482,99.5738277536077,510.551443502826,11.8168962947921,88.2586914963232,97.4863557609043,78.60280410568,42.6690260940142,7.4570238148318,7.38634281662511,2.2568912515092,7.25942048581518,5020.51579395708,63.8719680688121,789.719669710029,7.07709133711577,1.0000354,1,37.5,
4329,133.580060519882,114.01003034821,99.5452254387139,515.894393914433,11.8915205991794,87.1050940561849,97.3395098096268,79.0322325249885,42.6048117279956,7.45628522169227,7.38694713829652,2.13753320930742,7.12541654047006,5043.01856699181,63.809643304677,790.362734857997,7.07710295392309,1.0000354,1,37.5,
4330,133.346634009763,114.101703518176,99.8771896765686,517.477716980555,11.9216190692437,86.1934267821491,97.2394636497923,79.3971861162552,42.6232442474821,7.45867868949646,7.38671124567946,2.01037002978363,6.97887024820347,4982.14404262741,62.7496298840169,796.243955097729,7.07829202563765,1.0000354,1,37.5,
4331,132.234354012996,113.273807982072,99.259491350519,509.223272494544,11.8393580739253,87.6216020877874,97.4316648140723,79.8103887185504,42.6025176425581,7.45857567735533,7.38687417139511,1.88640737447423,6.84338301760786,4934.06751541925,61.8223716817009,788.488551060085,7.07910461767095,1.0000354,1,37.5,
4332,132.387693394137,113.494021337493,99.529133295626,515.503310971363,11.9232193844043,86.1317542475021,97.2460123890919,80.3324758077209,42.5568339977208,7.45914248710686,7.38729196680729,1.7653033395736,6.69871971472912,4948.82784794252,61.6043237580246,791.590155288718,7.07896961838805,1.0000354,1,37.5,
4333,131.765731926045,113.207415277148,99.490398623616,511.516704594318,11.8897076882839,86.5867708720688,97.3170104490096,80.721821707716,42.5582089277983,7.45992456707488,7.38723084392164,1.64418807069107,6.55124364698704,4884.54771762542,60.510870719838,786.582860522351,7.08026313597862,1.0000354,1,37.5,
4334,131.094483180884,112.79526616214,99.2697579308949,509.18166470956,11.874364672949,86.8521244587328,97.3568698619389,80.7930723824912,42.5538327037312,7.45987330340325,7.38722770757702,1.54478098400409,6.44042817758212,4820.60395879431,59.6660557228542,784.474710129207,7.08037855473334,1.0000354,1,37.5,
4335,130.946863406958,112.611095380645,99.0585711872838,515.853926061606,11.9607647069152,85.3417461383114,97.1651809125073,81.2717186048157,42.5111227267388,7.46049207043301,7.38761621130987,1.42965723026119,6.31750665164705,4858.84864907085,59.7852331965198,791.824378890427,7.08044735532599,1.0000354,1,37.5,
4336,130.567332977569,112.518624100247,99.1782740604871,515.275039718986,11.9652734184827,85.0922215675933,97.1442603692201,81.6746222403289,42.4904617387855,7.46163010702145,7.38778003837802,1.31676375340972,6.18925419699452,4806.49058628445,58.8492539597094,788.473744524631,7.08170453867282,1.0000354,1,37.5,
4337,129.939368349627,111.8469115855,98.4742261511455,511.888694687858,11.9386261770109,85.4958979718517,97.206499627587,81.9177252518565,42.4841516234072,7.46188295662873,7.38779697622089,1.22511875093794,6.09718467257311,4832.48204590275,58.9918974317861,783.426290263353,7.08222351472914,1.0000354,1,37.5,
4338,130.251637141811,112.574960945571,99.5095915831321,520.541438210476,12.0426064070572,83.5717423680069,96.9546027724315,82.7077901467564,42.3953427001293,7.46342422654505,7.38865854559082,1.07484659941993,5.91529712505588,4766.96370612934,57.6362117482629,787.10559889563,7.08309437104215,1.0000354,1,37.5,
4339,129.169593241799,111.799189171946,98.9601948594458,513.582336247548,11.9784373710016,84.5623036988042,97.1031187563701,83.0525673202346,42.3927530796867,7.4638503492179,7.38863780558873,0.963839965431911,5.7865061818348,4703.89701275282,56.6375870671825,786.064798973332,7.0846040745623,1.0000354,1,37.5,
4340,129.180273213838,112.0363979994,99.3648380582929,521.539963766351,12.0739382323647,82.934799608676,96.8838763051696,83.7659714765519,42.3221113548824,7.46477513770809,7.38931366896946,0.816536374452268,5.58122764633101,4682.43166710228,55.898971677455,788.148778066656,7.08468433363661,1.0000354,1,37.5,
4341,128.460301208375,111.567724768465,99.0819073998353,511.87207231039,11.9803990452848,84.3777374082889,97.0968286328997,83.8066274057878,42.3475131485008,7.46503374555853,7.3890053612001,0.74820028330681,5.48268102273742,4616.03484373998,55.0795919920433,782.817978558354,7.08593974512678,1.0000354,1,37.5,
4342,127.580159543237,110.591997263689,98.0355294918494,507.603342267635,11.9434117514779,85.1456649441016,97.2015856803664,84.212512083827,42.3419845186554,7.4641868157339,7.3890133115232,0.657157722186559,5.39449237044603,4664.63691977503,55.3912572413437,777.913649143479,7.08563012563881,1.0000354,1,37.5,
4343,127.801026168249,111.149526880726,98.8418969725575,522.530965326295,12.1153054156317,82.0907965360293,96.7935271069151,84.8431420021937,42.2896544384556,7.46698117664771,7.38950219807383,0.533119153386064,5.24875921674296,4606.43458514189,54.2935407203894,789.828665522162,7.08618666274551,1.0000354,1,37.5,
4344,127.192753785207,110.787503235655,98.6618832642471,519.151266936365,12.0889696472186,82.4569724617844,96.8548706017261,85.2398993795241,42.2551628264791,7.46712125939635,7.38980820535752,0.442103383721714,5.14961543185763,4559.53567019288,53.4906270817132,783.537707262272,7.08799473994018,1.0000354,1,37.5,
4345,126.74688776145,110.504004694252,98.4983954706704,517.00994709407,12.0758431456346,82.5899969711954,96.8833430107645,85.5866656086434,42.2234385678097,7.4675437579692,7.39008574154632,0.380626038557085,5.0827548711912,4532.77379527978,52.9612149631637,782.255592029771,7.08829906680624,1.0000354,1,37.5,
4346,126.414424850909,110.40373353738,98.5697443056401,515.360172755361,12.0678446347588,82.7285313996645,96.910550072011,86.2712948794925,42.1960264739348,7.46771821543154,7.39031925961627,0.270215499413222,4.98807523757085,4503.71834541644,52.2041352422891,782.014208324,7.08864878055556,1.0000354,1,37.5,
4347,126.338211562215,110.510086088584,98.8110368254662,529.506556771109,12.2314387855031,80.2583821001508,96.5576206913752,86.7425446892694,42.2023236333798,7.46964577443856,7.39020695686668,0.14373327366388,4.83868709569052,4476.68425858291,51.6088647689477,791.930941186341,7.08904150110567,1.0000354,1,37.5,
4348,125.492934068667,109.872565174871,98.3270751229347,532.73346589587,12.2768191099841,79.514820334035,96.4596059042931,87.3639573233741,42.2132280374772,7.47141585263236,7.39004704049174,0.0384407790483925,4.6929495573326,4449.57371265345,50.9314578800904,781.443591770709,7.09156938980782,1.0000354,1,37.5,
4349,124.595142455315,109.279982671143,97.9600819611034,539.903531716937,12.3656704720327,78.1245578525035,96.2571299997192,87.974300481334,42.1672660121236,7.47386906634663,7.39047288322049,-0.0369003022608849,4.58196964111717,4393.11099513626,49.9362992498971,784.526518039318,7.0933126454739,1.0000354,1,37.5,
4350,124.093089009965,108.871814033723,97.6213064425874,544.622146513081,12.4276716881371,77.2821989630948,96.1275318718314,88.7797738590955,42.0978653363898,7.47479656351795,7.39114143241096,-0.120175426577415,4.46583935582899,4406.15618806543,49.630180350071,787.50305519548,7.09495772673611,1.0000354,1,37.5,
4351,123.110236179848,107.98688163128,96.8087500084252,553.939620961187,12.5401620364148,75.9928005738387,95.9090721803514,89.7369090728618,42.096138772485,7.47532294921182,7.39111364931574,-0.206020467546037,4.34172620985776,4425.00801794929,49.3109029903895,789.831100907331,7.09641735751195,1.0000354,1,37.5,
4352,119.498639368632,104.68214047377,93.7308152036543,581.222474705789,12.8534512685562,71.9729538673869,95.1952473393671,91.4798497300899,42.1582254165468,7.48219264410431,7.39042945972036,-0.363530734439169,3.98155782632468,4419.42590687622,48.3103756719724,779.380210412702,7.09947952451499,1.0000354,1,37.5,
4353,117.135720177938,102.672513028297,91.9823164394318,587.799486172559,12.9359662060028,70.7801712587445,94.98960010223,94.099716356656,42.0595984202243,7.48620756178497,7.39140444432964,-0.45175858331997,3.68799437902672,4437.59580671982,47.1584397757426,778.672080048389,7.10377139169039,1.0000354,1,37.5,
4354,116.599729230637,102.61964024975,92.2865310030079,590.631452023975,12.9752184004512,70.4124711396732,94.9226903730616,96.8816964704335,41.9699583767257,7.48693896165758,7.39229205590816,-0.536122469134293,3.49421280500073,4416.17721148315,45.5831944771,772.013043699553,7.10627017122389,1.0000354,1,37.5,
4355,116.050558417777,102.252338212027,92.0536537121251,587.940173197216,12.9505605196735,71.0637185240158,95.0542899611342,99.4015643151572,42.0496408439589,7.48547164869314,7.39143259181511,-0.595286159456812,3.39030930721955,4472.09594464138,44.9901968389792,769.028468814434,7.10661101188512,1.0000354,1,37.5,
4356,116.252218569874,102.554176576559,92.4295368423701,595.03494600566,13.0350470432691,70.4949655093579,94.9243275634449,101.70026797798,42.156413003473,7.48469900927491,7.39029850760829,-0.650114877530922,3.31658595086969,4542.29579630814,44.6635577921153,774.9192146333,7.10571828769646,1.0000354,1,37.5,
4357,114.261626833486,101.18550469863,91.520544859824,614.880354176252,13.2635269985029,68.4687272875531,94.4663980482331,103.99832812723,42.5457106710527,7.48551260864625,7.38627637679336,-0.834650986169449,2.96537063442485,4434.04552457963,42.6357385202874,775.117860697454,7.10605609185937,1.0000354,1,37.5,
4358,110.525311773921,97.8243991977819,88.4367681632441,617.13085280675,13.2917091310521,68.4285562978305,94.4717623726013,105.447305297085,42.847811963602,7.4864988991798,7.38317582632183,-0.92123203950434,2.62403077993023,4366.81943192214,41.4123378460849,758.85618238338,7.10615802827129,1.0000354,1,37.5,
4359,104.166322816378,91.4140879804742,81.9885231017628,619.316621610461,13.3192309594599,68.433796349377,94.4679498262389,103.062756211031,43.2570376462139,7.48586070437575,7.37902146841045,-0.964512965253501,2.33407957873591,4285.3162340475,41.5796781649511,745.702178483405,7.10461662373374,1.0000354,1,37.5,
4360,95.2646163251593,82.4250010737731,72.9348506705746,622.883610857275,13.3638154195921,68.06236136175,94.3971622821455,99.2798903880867,43.7875446452003,7.48713500368683,7.37370433998665,-0.972245371091181,1.98336435462016,4156.31180455422,41.8645889747373,725.34608243265,7.10217680708623,1.0000354,1,37.5,
