4320,119.009181404422,97.6938562589915,81.9390507167166,507.868388578191,11.6579712269651,89.7357579078741,97.608791014617,73.8110016441481,43.3333104724116,7.45647585151013,7.38853678522594,3.10375549865187,7.16496705372558,5129.88798905618,69.5003166843339,759.133913030521,7.06795240335055,1.0000354,1,0,
4321,119.544382278714,98.4162990368991,82.7998896842534,500.475115477529,11.6078078637265,91.13372637358,97.7890505196846,74.2157611168375,43.3324098069019,7.45598673667858,7.38841238120981,3.01881685053527,7.16304874765005,5112.70890549191,68.8897995325143,768.051607002769,7.06846459118913,1.0000354,1,75,
4322,119.549167045395,98.4726205366436,82.8943035519145,498.790775832707,11.6252669900824,91.3827268934137,97.8251391960078,74.2281595379872,43.3655419776949,7.45466172244249,7.38795220752223,2.88204229471049,7.13263457398609,5101.08975806054,68.72175990636,764.17367991109,7.0683806275892,1.0000354,1,75,
4323,119.2399492071,98.3085848685099,82.8375764443348,500.470874616248,11.6825774195161,90.1379280076274,97.694659008166,74.3966300637923,43.4090984277145,7.45498094272611,7.38739271723089,2.68762621265249,7.05801233121727,5077.44961829028,68.2483818680572,766.659620126024,7.06831742554672,1.0000354,1,75,
4324,118.79343035995,98.1095984587006,82.8215487925596,504.339936029657,11.7644875124163,88.5101544505312,97.5132291608783,74.7380601210216,43.4072641369316,7.45559239183052,7.38729085729748,2.46995675047608,6.93482913829655,5040.4306354857,67.4412826252627,765.629349945678,7.06893937557238,1.0000354,1,75,
4325,119.074393864465,98.5173867326451,83.3230771134738,514.717920374007,11.9182165196537,85.6629010128424,97.1650143765656,75.2204242936343,43.3426121246617,7.45717941302749,7.3878207434585,2.24009118270583,6.76367575952068,5041.85657337896,67.0277603553167,768.557341724594,7.06980125912499,1.0000354,1,75,
4326,118.705502977672,98.4696743968872,83.5127576197853,516.899010619521,11.9728102412575,84.5133936082823,97.0328091294406,75.6179272792782,43.3077293545141,7.45895329006094,7.38805547414397,2.0572105635117,6.61395546690714,4989.31107731463,65.9805320884783,770.539883750986,7.07229946033097,1.0000354,1,75,
4327,118.067698187139,98.1769531419725,83.4750981085885,513.64988830124,11.9669464962428,84.4651576337341,97.0465013910804,76.123816603068,43.2105300550474,7.4595977887727,7.38891771243152,1.84636997524177,6.44970184657819,4937.03750858967,64.8553597139361,764.89076183133,7.07392256433427,1.0000354,1,75,
4328,117.703461199702,97.9293581400615,83.3137167481531,515.329738546317,12.0138823076616,83.5942605584112,96.9459133963281,76.7386321232082,43.1684320603851,7.46067122238017,7.38922871033321,1.62549373713599,6.26989112421813,4947.72631603094,64.4750392225794,772.776605313917,7.07484154912014,1.0000354,1,75,
4329,117.701720416978,98.3851794815564,84.1077361814624,525.485235778357,12.1519601925712,81.2587462864779,96.6285787152273,77.4154202739027,43.0859979095884,7.46279887169011,7.38994803471311,1.39866975082909,6.05939958955396,4875.86481676642,62.9831214442184,771.892825173212,7.07683625407304,1.0000354,1,75,
4330,117.045869708227,98.208304385674,84.28488653857,525.440095214335,12.1806123125852,80.6263862117511,96.5613972054241,78.1147081877618,43.0035935121142,7.46459891126081,7.39066948170735,1.16880965822422,5.84247407435093,4797.91343134685,61.4213832792444,776.617760084318,7.07918749722704,1.0000354,1,75,
4331,116.475604004225,98.0987360234042,84.5158336027973,531.419065525627,12.2753032772306,79.1145419232392,96.351422228573,78.9789221826666,42.8783332494134,7.46658849321596,7.39182628180808,0.872806385655242,5.53561800312363,4732.35722021187,59.9192428742776,768.768445479026,7.08163495596961,1.0000354,1,75,
4332,115.447687159784,97.5473810984969,84.3167200966762,538.526097400671,12.383677746003,77.321658709486,96.0967371058689,79.952228081938,42.7479318175527,7.47020408006831,7.39303857516075,0.623247564748064,5.22416465126785,4666.44175400513,58.3653747488162,777.427233126263,7.08507185925492,1.0000354,1,75,
4333,114.538448254143,97.1481869855169,84.2945156130542,538.953182971413,12.4189755030199,76.5245072384329,96.0050331090115,80.8793010070891,42.6389841974936,7.47338937295169,7.39403583688277,0.44802842911782,5.00795080822434,4586.04506228027,56.7023330466011,765.148937804718,7.0885685749051,1.0000354,1,75,
4334,114.223492681916,97.1593590332148,84.546738510262,542.637616076266,12.4907889241804,75.4492746349386,95.8454536044312,81.7225528370143,42.4650546070053,7.47497913147616,7.39570025006614,0.258037850742038,4.79591059270878,4546.95849777662,55.6389679461552,771.680194238052,7.09105073971565,1.0000354,1,75,
4335,112.993839430349,96.1707594693472,83.7363090633891,542.724995587311,12.5225460048385,74.7915996853057,95.7757141258555,82.5616120873843,42.4564695956514,7.47823888804511,7.39567847715113,0.0681077264523102,4.59059896436026,4528.75154500591,54.8529931829894,769.678335166681,7.0938520756366,1.0000354,1,75,
4336,108.854915246718,92.7108631748403,80.7783029478005,581.544327633287,12.9960590864275,69.3009569505015,94.6984507121757,83.8354542905018,42.4873398025366,7.48255665326503,7.39525536451938,-0.240949891031546,4.13497452720898,4413.01184806759,52.6389686250865,777.894383932021,7.097071792314,1.0000354,1,75,
4337,100.762902471355,85.3658503390318,73.9854205020972,619.310595097395,13.4669015910587,63.1976451330158,93.2697957602006,87.1115704580746,42.3801510109009,7.49343113416278,7.39625056579871,-0.492122563552645,3.36676968247284,4373.28967968492,50.2033157786969,773.34268872191,7.10510695224392,1.0000354,1,75,
4338,93.3012790115828,78.7763881083965,68.0405991799544,621.349440330372,13.5217420204476,62.2709457258444,93.1036497883643,92.2519307174907,42.2997864138939,7.49891332638384,7.39698525689778,-0.70077805480947,2.60488813319629,4369.01126961422,47.3595645709978,744.634346122139,7.1122122995596,1.0000354,1,75,
4339,87.6981884180887,74.0017472951354,63.8782908129526,616.571432870597,13.4927186683261,63.0675474821378,93.3591041490017,94.6306892788521,42.5571362285888,7.49834164935154,7.39427494271245,-0.877583436761133,2.06048980392725,4226.04930951422,44.658338026696,719.727193161617,7.11387509293564,1.0000354,0.999972429432504,75,
4340,66.9714610878618,53.1129984793342,42.8697869860747,615.815639345986,13.4182332546912,61.6604810188966,93.0021809041373,77.7656403708357,43.5754253810356,7.50101822509429,7.38394334953551,-0.912419760682972,1.40010101076276,3513.96659564908,45.1866219951673,650.152322292315,7.11077769035951,1.0000354,0.988181832293953,75,
4341,49.7754052135055,36.3863046099931,26.4900128595709,572.895008455996,11.5558096581768,57.445378313437,91.456866675502,72.0883403189113,44.1759896414392,7.49337300745131,7.37794151951437,-0.900732999778682,0.759984538662858,3147.10514833281,43.6562297649016,528.380227293054,7.09515052232076,1.0000354,0.811662136158746,75,
4342,48.6157050115685,35.5507498094977,25.8940437905758,648.03027286582,12.0105433679663,53.1956860213228,89.6289555177576,73.5384381772455,46.1482115166551,7.49050990626828,7.35879721447989,-1.02692679326515,0.581250348299206,3132.68803718237,42.5993278458245,522.641609885511,7.08102318892563,1.0000354,0.747494544812455,75,
4343,47.4757609381702,34.9225393102285,25.6440711504456,723.656305456384,12.9627833407448,50.9733530722656,88.633989540725,75.8036847371899,48.8572596508693,7.49340744295904,7.33328819520967,-1.17944451320558,0.382194811069071,3102.70392323235,40.930779737019,516.951981839433,7.07590858708868,1.0000354,0.742008064275101,75,
4344,48.5179209812327,36.5585692191198,27.7190483514712,838.727362127746,14.7013510581537,51.1526766585274,88.7035907776157,82.0211128307825,52.6239785757302,7.49013517181516,7.29927129212913,-1.27678515420791,0.206423099011579,3198.36569815118,38.9944197020311,537.465971352506,7.07158054436852,1.0000354,0.767736164346222,75,
4345,62.1181996084091,51.4988431687176,43.6497536263369,1400.76879683916,24.3388291230701,56.8576068830087,93.2724486806999,116.99006051841,55.4734322413372,7.60440176000881,7.27294913774283,-1.48044550079869,0.0608911538005641,4050.81104550457,34.6252581420549,574.702469276592,7.10920762664771,1.0000354,0.965683103182513,75,
4346,77.1436057802631,67.2683091376665,59.9691768366169,1734.61384737054,30.1847638810059,72.391852603959,97.2724266420847,144.517745551522,53.7548935019702,7.68996490279704,7.28125215752482,-1.564927070008,0.167114686577952,4653.35461684027,32.1991918645127,559.5877463248,7.18746842907818,1.0000354,0.997620172470878,75,
4347,86.7197056906698,76.7846372507779,69.4413257952057,1819.17224341857,31.7919981413352,80.6664977740069,98.2393678024932,154.329335519138,50.4986535904059,7.71280798219457,7.30128803785615,-1.52511171936705,0.439051384504764,4999.35723839946,32.3940825740126,566.116849847963,7.24940387449575,1.0000354,0.99965104675956,75,
4348,57.1572018653123,43.6843629619117,33.7261776854851,562.42899270462,12.9437411202214,103.419899318449,99.1031366600569,80.0040347948875,50.1210487459005,7.45435571812974,7.29653058757728,-0.809906064763855,0.826438009526462,3514.51845889286,43.9292651664794,484.573217460469,7.24638679720038,1.0000354,0.979689075763278,75,
4349,51.4305603614768,38.5695070344102,29.0635110970132,1140.52426386742,20.4563528996448,61.7960429349897,93.5890148124526,78.7617804361133,64.2953768195123,7.51701481358552,7.18045018205385,-1.01426996104416,0.54151291914921,3302.8350570092,41.9344895293252,477.354147525467,7.15529537681531,1.0000354,0.943145993633721,75,
4350,49.1143900809194,36.6942030928555,27.5140648842866,1487.35271276284,25.9734011946264,56.3222790181245,93.3659214444785,79.945773816564,75.5026175319649,7.60924320023454,7.10125911317841,-1.10325192418554,0.361666682296442,3237.56477688292,40.4970096894869,442.939985553681,7.15345815811352,1.0000354,0.954020196471301,75,
4351,48.83335781087,36.6178615997164,27.5890165740811,1530.83831795834,26.8146791699469,56.7662254719261,93.6526168941671,80.7791453817016,75.8972926372785,7.61601608284141,7.08756468437926,-1.11568815997585,0.278120435713822,3217.40097582542,39.8295990954398,435.234125654148,7.16906972748246,1.0000354,0.955438102296478,75,
4352,48.9329001531616,36.7657296705565,27.7726036616744,1545.7158361584,27.781883943955,58.9088641447292,94.3917765131863,80.9527888532171,76.7219539272778,7.62322663466825,7.06929791357502,-1.10407334630167,0.272475990957408,3211.56140364799,39.6720292054566,426.523865118691,7.18036458520437,1.0000354,0.958494494741406,75,
4353,51.5643631087756,39.4728018233045,30.5355608731736,0,20.6796784674323,78.5553420210818,92.3538101208992,80.790898038162,82.5870675690365,7.09156983902772,7.02148252383074,-1.10204256479559,0.322331226022995,3185.22150143268,39.425499391381,442.632104042041,7.10382509140153,1.0000354,0.979873312745115,75,
4354,0.000692131293063433,0.000692131293063433,0.000692131293063433,0,0,3.01664016985021,16.3029350340183,0,1.77253266338901,8.68925787851472,8.68158498892037,-0.000118602217244135,0.336957949643017,0,0,0.0114636814098302,6.98679164533893,4.33492978363634E-06,0,75,
4355,8.76046317392861E-13,8.76046317392861E-13,8.76046317392861E-13,0,0,0.382260966427192,15.9128453148732,0,0.0113201119494159,10.8836156705775,10.8763395837397,-4.89589743914998E-05,0.333907664070501,0,0,1.45760605854492E-11,6.98768282214289,0,0,75,
4356,1.59281148616884E-13,1.59281148616884E-13,1.59281148616884E-13,0,0,0.0400095112161928,9.48539186834722,0,7.62203010633294E-05,13.0555482788901,13.0482747264761,-1.34016205768361E-05,0.332785526718525,0,0,2.66226268456949E-12,6.98752840226806,0,0,75,
4357,1.59281148616884E-13,1.59281148616884E-13,1.59281148616884E-13,0,0,0.00904657161631949,25.448335026204,0,5.13295650123098E-07,15.2274809767377,15.2202074413884,0.000497884834744777,0.332372715456564,0,0,2.67415323470172E-12,6.98677901799848,0,0,75,
4358,1.59281148616884E-13,1.59281148616884E-13,1.59281148616884E-13,0,0,0.00222841093213864,57.5251119768939,0,3.45687062747961E-09,17.3993774749934,17.3921039397591,-1.03524547245826E-06,0.332220850680211,0,0,2.68585011469459E-12,6.9858593388873,0,0,75,
4359,0.00035253506792102,0.00035253506792102,0.00035253506792102,0,0,0.000161809621605257,24.472681857582,0,2.32706581727775E-11,19.5716539849729,19.5643804497394,0.0120783342409103,0.332164982751154,0,0,0.00596999678358773,6.98484166245544,0,0,75,
4360,0.001495867204064,0.001495867204064,0.001495867204064,0,0,3.67703301949538E-05,51.6775388033894,0,1.56650785775973E-13,21.7439337536199,21.7366602183864,0.0542249649288258,0.332144430088631,0,0,0.0254374023984804,6.98383803482783,0,0,75,
