4320,114.236926556707,91.9390099278892,75.4579411152844,499.764283815982,11.5587914909976,90.4224955676973,97.6889160208478,72.0624479677334,43.492720027625,7.45634407688848,7.39167071202685,3.3899337448712,7.07843328464426,5239.23791221456,72.7041345384281,762.786005907897,7.09432747975856,1.0000354,1,0,
4321,113.386813439381,91.0786573741117,74.5900202823911,491.27367498811,11.5351676533881,91.4763955907195,97.8369316180123,71.6278746682174,43.5331165793743,7.45507160313653,7.39099515766961,3.24095156183248,7.03053619585052,5210.03404052672,72.7375210371628,765.552919951976,7.09435881157765,1.0000354,1,150,
4322,112.625977315371,90.4264666287266,74.0181326429457,496.820002223411,11.6853602225452,88.6887824421512,97.5326682174695,71.7361598676917,43.544983115527,7.4547475213395,7.3906125719644,2.88039899316856,6.88611612486828,5192.49812402066,72.3832741200193,768.563620905481,7.09429046288489,1.0000354,1,150,
4323,110.82775979703,89.0339878242144,72.9255476703945,503.948383282636,11.847806109246,85.7791413222857,97.2005898058724,72.0731124894506,43.5254566309536,7.45676921304904,7.39054930977352,2.45285450026161,6.60752565510753,5121.53920822905,71.0603307020867,758.766013378183,7.09540933437762,1.0000354,1,150,
4324,108.974098642094,87.5233555676758,71.6684585126711,514.872662238947,12.0404315555318,82.4111118546163,96.7759601948558,72.6567495850215,43.3952714880093,7.45943518753441,7.39159603084167,1.97933800276994,6.22605018035428,5081.74803576859,69.9418576359795,762.00698358795,7.09789775836215,1.0000354,1,150,
4325,105.200320248911,84.521779854422,69.2376413019736,530.475526586774,12.2805872800615,78.3524953892178,96.2136453543717,73.3993398632916,43.2400201521782,7.46504916215472,7.39289988243738,1.3551900143564,5.57203041087832,4948.87923755639,67.4240292456828,762.442092209956,7.10173035140297,1.0000354,1,150,
4326,98.5600467369272,79.3807364216064,65.2047244494128,539.559875974291,12.455832359552,75.0493790157193,95.751166981951,74.634438814683,42.9002993596993,7.47382223530034,7.39606866052276,0.774739587201551,4.56854747886428,4667.3146414782,62.5356700687082,738.943234337791,7.10858227634934,1.0000354,1,150,
4327,92.0226764132519,74.0632480037927,60.788887875062,533.731090926788,12.4669143636662,74.1043255386558,95.6872785890346,76.709064507408,42.543584824314,7.48006598628235,7.3994343984915,0.319896386622921,3.70472189315858,4491.94074298353,58.5581478776831,720.991676373037,7.11492187648354,1.0000354,1,150,
4328,81.0628816193056,64.3677665676427,52.0278989207615,536.16735115219,12.5708307679491,72.8627891677496,95.5274484883684,79.2526155234102,42.5827638805965,7.4827109560891,7.39878012562118,-0.0928284904955858,2.76504023785415,4314.17583461934,54.4357533959871,687.115555456669,7.11801541613327,1.0000354,1,150,
4329,66.0299519898749,50.6375434770654,39.2605458806409,548.108086183487,12.7112761353781,70.119878377202,95.0515521741879,79.6781573584539,43.0663888837463,7.48624403689514,7.39364430280676,-0.475614122017343,1.7742215436992,3998.90129619025,50.1881748871288,637.834699459846,7.11833039937695,1.0000354,0.990988696775491,150,
4330,42.8517768618291,27.8887387790779,16.8291019353053,405.045622842042,7.98897610165743,61.6485040649763,92.4386183027835,59.6638417319019,44.4093879403015,7.45755784409201,7.38010013046386,-0.48803686265416,1.07530618771388,2910.89015293855,48.7881783747444,415.160582578926,7.09598368468855,0.999784016374116,0.574912016621113,150,
4331,42.04580804268,28.3111940203842,18.1595227865134,558.131540741859,8.44889108906774,46.4512142334174,84.4281561843794,70.0477726907454,48.0333999750602,7.4364464643691,7.34557617418717,-0.987991850740271,0.601853896578189,3136.9356615809,44.7828038077697,431.121433170055,7.05914775407663,0.975229945788556,0.405011797973977,150,
4332,39.548465554988,27.0565558279455,17.8234051601314,660.898904124066,9.44790706697463,42.9189354195608,81.188475803657,75.9486472432477,54.0641128015644,7.42077120775721,7.29252045286948,-1.36111727733702,0.135373979193985,3093.45427984298,40.7308673969569,417.537698327224,7.03700529527639,0.966898763906174,0.356562615251198,150,
4333,48.2016966294353,37.5645888175052,29.7023786956438,1605.09325695501,25.2183223055422,45.4983035212404,87.2377970886798,117.356388216168,64.1453049666054,7.54570401492924,7.21400744778251,-1.63827649332024,-0.347301828665427,4070.2877966753,34.6831379062033,555.388989100338,7.03816879060755,1.0000354,0.703808573480299,150,
4334,34.0230533080306,22.6107437895859,14.1755584933442,883.691669919297,15.4960477639396,78.7673567897033,96.9306729725819,72.6962402997482,67.8445251027927,7.49918082115696,7.18220953992444,-1.33458257854616,-0.331228538025832,2705.08125020128,37.2107448617346,340.527369567974,7.12699978643697,1.0000354,0.716220556148398,150,
4335,32.6340476627317,21.1922639760834,12.7352934250824,0,12.0336961795212,79.3977659120974,93.2229649313327,70.5908551577748,93.7113852674436,7.12880469253188,7.03183479675405,-1.33782652978807,-0.303382357651333,2633.52228496416,37.3068477365528,321.165819917009,7.06589751829281,1.0000354,0.539754665679069,150,
4335.80638459931,0.0874296842671975,0.0874296842671975,0.0874296842671975,0,0,3.14800687970439,6.04703570663794,0,6.57759847991902,8.18977687699167,8.17868272805088,0.000737318293051459,-0.318166238348399,0,0,1.46690821121988,6.97581839535349,0.000270917407328865,0,150,
