4320,127.166680573752,105.565587412428,89.5995620323186,514.520754006513,11.7217574054591,91.1813320107739,97.7571327526413,75.2864739985628,42.2195533198671,7.45090522176475,7.38291247421859,3.35640034777347,7.68145768505314,5302.5834172334,70.4320860787639,780.934131014927,7.08321103502682,1.0000354,1,0,
4321,128.16181956211,106.986328846452,91.3348791870524,508.123705557344,11.6848250780281,93.9661956269115,98.0802787685757,75.8118427671802,42.3088686051928,7.45002767691049,7.38186437638613,3.24563987604849,7.70544462596497,5234.38133025439,69.0443753798373,776.565815660159,7.08328728577847,1.0000354,1,75,
4322,128.117044299188,106.885748344652,91.1930513347773,514.15608760734,11.7941549816873,90.2041016322242,97.665332591323,75.6142998319595,42.3143087374688,7.44997988789012,7.38168286578244,3.05432046552948,7.62711778620208,5234.50068532029,69.2263328094436,781.84603545057,7.08255505945816,1.0000354,1,75,
4323,126.756131171953,105.66439615413,90.074852880086,513.063669104305,11.8159037412861,89.4888699389498,97.596386083604,75.4165241048061,42.33242478702,7.45072526428695,7.38137546500097,2.84669566192795,7.48500028145382,5186.49114100765,68.7712832508695,781.689433274311,7.08324595935978,1.0000354,1,75,
4324,125.565857792878,104.609379999436,89.119809456456,518.218624306886,11.907681611581,87.4051228099994,97.3515225171973,75.5978860777346,42.2643356451847,7.45160413288492,7.38195569560477,2.64149937002938,7.30623578151136,5165.62368660753,68.3302662894027,774.705526210406,7.08368421460332,1.0000354,1,75,
4325,124.879183073255,104.138916004123,88.8091533878081,526.70251136066,12.0292854300295,84.9060658350619,97.0367067664021,76.2270698357383,42.1740185146662,7.45323274560933,7.38276852240076,2.40752737333863,7.08797787093506,5154.87800753128,67.6252939885992,777.157128789286,7.0854620896085,1.0000354,1,75,
4326,124.23056382234,104.031880769046,89.1024193818281,523.617322591995,12.0257735007796,84.4990382475013,97.0143799767868,76.960793740443,42.1166398981733,7.45606939895388,7.38324636666352,2.16239380240956,6.83644194693783,5068.5929410487,65.8594161352204,779.820755693161,7.08784698843577,1.0000354,1,75,
4327,123.831861487706,103.922573093002,89.2070121056112,526.33451317441,12.0831455271985,83.6285464580359,96.9022362856828,77.7391324044063,42.0090180659558,7.45569579881368,7.38424514249782,1.91395716545101,6.58204066908216,5046.49966474482,64.9158217831974,776.319286586343,7.08927595872952,1.0000354,1,75,
4328,123.007102051709,103.694291684012,89.4196057600626,523.649026872847,12.0828393758289,83.2779939973452,96.8872940387991,78.4880899807794,42.0085946931421,7.45851624844893,7.38413943591209,1.66868227288581,6.31094747606958,4942.47018870111,62.9709576307877,780.387329324403,7.09113227945356,1.0000354,1,75,
4329,122.543882865176,103.549363441184,89.5099360408418,529.653814199992,12.1756117390489,81.8860240952552,96.697016899264,79.2877191384301,41.9172427727569,7.45876731749437,7.38497501228163,1.42705058830903,6.04208840119459,4910.53777740343,61.9331446378224,777.383686427892,7.09237916828326,1.0000354,1,75,
4330,121.460105275268,102.969102289584,89.3018392132084,526.507275263568,12.1699968311212,81.7444853405405,96.7069786996137,79.7493559540982,41.926972980921,7.46070778724434,7.38476581422036,1.23318613746339,5.82511160815834,4808.19945471722,60.291389155352,779.657688872162,7.09422058184008,1.0000354,1,75,
4331,120.619339345785,102.490730219923,89.0913234747205,528.129402993826,12.2159676641237,81.001288516983,96.616576724341,80.9117510737321,41.8230792646719,7.4616590851781,7.38573516052978,0.971429740731204,5.54338611315826,4782.67540802009,59.1097750889336,774.22157242179,7.09541755375894,1.0000354,1,75,
4332,120.165006347162,102.631546461537,89.6720326330314,529.424228960977,12.2586743252523,80.2195253479982,96.5271976650201,82.0800341351242,41.7689159471319,7.46373478854156,7.38619058902617,0.693698733721416,5.19568158467936,4692.4534622036,57.1692435517102,771.724303739177,7.09710574495703,1.0000354,1,75,
4333,118.657797457226,101.359029243518,88.572983172516,519.261588995259,12.1753835766952,81.3004526078279,96.7187653925243,82.6401678869072,41.7941670659833,7.46456627966078,7.38582147824877,0.518774331437046,4.97486685312069,4661.23707473557,56.4040126481163,767.904328789122,7.09929588470816,1.0000354,1,75,
4334,117.834464363465,101.085364017727,88.7055941969631,531.211223799471,12.3358915188973,78.9762025565056,96.3839711739349,83.5275523630813,41.7208394164438,7.46642850680926,7.38647815541599,0.33011716326994,4.75736593224805,4561.58804216808,54.6117767504975,777.225795314482,7.09991614624162,1.0000354,1,75,
4335,117.118705905762,100.714849013345,88.590259136341,539.328121457002,12.4556727505201,77.2562362729039,96.1326001392982,84.5998882861666,41.6439617466997,7.46880780135429,7.38717441939146,0.135982519523404,4.53919852130798,4524.91664256455,53.4860829515356,770.203784276905,7.10218405416875,1.0000354,1,75,
4336,115.637860667288,99.7917752166355,88.0794511878925,556.411243435742,12.6783299095981,74.3475166000077,95.6575863264424,85.9030343413496,41.6132432725333,7.47271547424176,7.38739222028457,-0.0935466610527387,4.26227848807354,4438.38855881595,51.6674247056198,781.697616416912,7.10528988254755,1.0000354,1,75,
4337,111.465224407415,95.8393418357963,84.2897764567737,571.520544316392,12.8807592905978,71.8826785960421,95.2254082121634,87.825758120374,41.6595462448402,7.47674360684935,7.38680997666481,-0.33105062136606,3.84876382923805,4474.6728131829,50.9494356661278,767.676119737999,7.1095021142522,1.0000354,1,75,
4338,104.513698499245,89.7299049588023,78.8027532115187,611.199254602812,13.3698190376184,65.967860000105,93.9603323260271,91.6552154993831,41.6082276655676,7.48556746247024,7.38725310570989,-0.540994093458308,3.17650343298627,4418.12392616033,48.2037372569384,763.061898446479,7.11569447521107,1.0000354,1,75,
4339,101.25783107914,86.8869595980649,76.2650111120532,622.844190389969,13.5347887501356,64.3186284443334,93.5508463504379,96.7050192201451,41.5373558998702,7.48680212548951,7.38791147096965,-0.683645703583687,2.78965623223389,4531.3430567992,46.8573719682924,767.316787441996,7.12053904061364,1.0000354,1,75,
4340,93.9804625228935,80.3038820436139,70.1951051676247,628.474282274387,13.6259753337342,63.6382392588692,93.4077457252263,99.6430769746322,41.9188625898561,7.48882730249111,7.38386982649757,-0.914304228016444,2.18822588909017,4443.44160571386,44.593580814903,735.442677322332,7.12283950992617,1.0000354,1,75,
4341,69.6399988288158,55.6741018264793,45.3514823030132,630.130845525859,13.6273625161454,62.1026772089858,93.0411067129663,80.6324438506773,42.9940687701914,7.49329421752177,7.37281205413183,-0.923087267046925,1.43692916323316,3671.75317726901,45.5369203997922,662.445214711345,7.12061557558203,1.0000354,0.994331567303517,75,
4342,49.3605469956485,35.9319213197309,26.006415385357,583.120041668868,11.8109179517812,58.0016941982583,91.5867566554312,72.7586074220249,43.4760111296579,7.48757449259372,7.36791399157884,-0.90971145165662,0.70640849576739,3185.74322299265,43.7851044140282,534.044226277851,7.10637511484875,1.0000354,0.829829698637937,75,
4343,47.0016536775747,34.1836007579822,24.7093877304573,642.151927701332,12.0262464706373,53.9863593403707,89.9618964798179,74.4449256860137,45.4703690961401,7.48747934684787,7.34826675723784,-1.07937898136105,0.420263853987478,3111.37231237263,41.7942832731872,512.737056707871,7.09277873250763,1.0000354,0.760405363068268,75,
4344,46.3814935455893,34.0650920835057,24.9616649158786,649.554710078597,12.0296986175009,54.2686475300381,89.7582493687243,76.9335008971613,48.3044806881746,7.4699102801975,7.32128645878076,-1.16225179437165,0.262755792305016,3089.54235916332,40.1586087092693,513.697654159797,7.0813720483708,1.0000354,0.744081156283769,75,
4345,46.7797614477694,34.7744001383162,25.9008722139377,774.076734360389,14.0452143974151,55.5963670456629,90.4073574224459,81.1325144631556,52.8538553831786,7.47027495889652,7.2804601321534,-1.21570863869277,0.151146173506023,3175.88664150418,39.1444374985621,518.944779997159,7.07021381688356,1.0000354,0.795273381818558,75,
4346,59.7589418469625,48.6684580641961,40.4711439638905,1290.69315026481,22.6441057940159,61.6571076192519,94.1118858978464,112.022938647593,55.993982688027,7.5656919294666,7.25209396779603,-1.34512739449663,0.112967790863219,4050.90701030914,36.1614063977794,561.068907122874,7.09415591575849,1.0000354,0.968878182596301,75,
4347,75.5370124430037,65.1304596215159,57.4386597099814,1649.11476208604,28.6809606784804,72.2135371364169,96.9704568201364,139.338593588241,56.046151323379,7.64753541388566,7.24648822992815,-1.46712614900791,0.227836066315533,4727.95285532005,33.9313949822946,548.588438969866,7.16319980392635,1.0000354,0.999687337747317,75,
4348,85.4653934315877,75.1628952678311,67.5480053207067,1770.85699774964,30.8494807128831,78.967247130362,97.9277439773297,152.180351156784,52.7559448534588,7.6766115444512,7.26602618848393,-1.45462704372735,0.4659319939822,5112.06008150099,33.5921164765502,559.221074343014,7.22155018555345,1.0000354,1,75,
4349,91.9636400532716,81.60815524995,73.9541012648862,1821.070622827,31.7952752891494,79.9534844939933,98.0853269576221,157.647256634803,50.0526059313367,7.68876437155521,7.28085815594281,-1.41138766495306,0.691137275676793,5322.94127619097,33.7648836384245,576.629197045753,7.26330862282832,1.0000354,1,75,
4350,96.1906244224903,85.7760096785901,78.0782509548377,1830.23969932383,32.0017450723267,77.4840815053885,97.8822839745792,159.931733133698,47.606962602976,7.69245104193446,7.29361631438493,-1.39344204228855,0.820910199426523,5430.91085916554,33.9576815229374,591.327449057233,7.29068224163567,1.0000354,1,75,
4351,97.2224063751468,86.7770759525938,79.0566143359242,1796.88423666781,31.43626978482,78.383357162905,97.9761620923535,158.547795752194,45.4626535741215,7.6924323043009,7.30402233047099,-1.38745910738154,0.918226681311836,5399.79426170307,34.0578324415358,595.217173582684,7.30721507765297,1.0000354,1,75,
4352,97.12275147914,86.6341608174606,78.8817242414366,1771.20279298952,31.0004691849317,75.9459412412207,97.7270942912525,156.336336058473,43.8879235376088,7.68882257179195,7.30943494092201,-1.40207571012656,0.93719134808658,5346.52851880767,34.1988858994876,602.761251645051,7.3152406346139,1.0000354,1,75,
4353,96.4251028593404,85.9009932322057,78.1223035078018,1806.57081013367,31.642938464585,68.0772639878857,96.8352757007937,157.061872440122,42.23001334833,7.69712110889511,7.31608226813744,-1.44120335467908,0.905506843583643,5389.53076997641,34.3146983175762,615.877104509209,7.3220351871716,1.0000354,1,75,
4354,97.7442836355576,87.5741415658632,80.0570800360892,1855.60816334501,32.5535878691338,63.603928593021,96.2811760091376,160.910528631932,40.3132027388497,7.7124819197854,7.32589214695988,-1.45135415678256,0.838171307329793,5335.88305939053,33.1605588817366,634.166243930052,7.33525507170077,1.0000354,0.999740754114741,75,
4355,99.7282634265071,89.5932655685571,82.1021801952898,1822.88133748033,32.0033120685789,72.3706861902758,97.5035632214404,162.169422482616,39.3244345358399,7.71200286396425,7.32586421973203,-1.45335471649786,0.863005279886936,5359.04560723804,33.0459683779939,627.299308913037,7.34867169574609,1.0000354,1,75,
4356,101.002553485602,90.875385853571,83.3900880385915,1770.56596490206,31.0934689557061,78.1824246807118,98.0652356131228,160.399424749808,38.1576788869796,7.70615411958025,7.3278869079637,-1.44140308575123,0.952125917620453,5296.45914826592,33.0204373022369,628.589991753198,7.35349099156284,1.0000354,1,75,
4357,101.17858276031,90.9386889935526,83.3700718616015,1718.43156289172,30.1869266592324,78.8724747654243,98.0920452395152,156.803869642141,37.1842961531474,7.69686872667243,7.32809602688915,-1.42293962309971,0.999166105255313,5235.36600804136,33.3879898499288,630.313171151134,7.35329564339337,1.0000354,1,75,
4358,101.152491452807,90.8359254886432,83.2106376020878,1707.18108806684,29.9932704247077,76.7892937403226,97.8839458734393,155.262315602017,36.405417690702,7.69189062388324,7.32642865667208,-1.41496704871097,1.02855652881425,5222.71154593331,33.6379856611225,631.581731508137,7.34993044794841,1.0000354,1,75,
4359,101.882877259182,91.6594787067069,84.1030536896603,1754.67821483885,30.8291089091413,70.6134440501631,97.2538233960305,156.684541282862,35.8773784540837,7.69808913038521,7.32196368035773,-1.43730415645987,1.04159405725963,5222.9547587346,33.3342058889243,638.689090388681,7.34959775407507,1.0000354,1,75,
4360,103.634446877107,93.4732706110713,85.9628359796534,1788.63577733529,31.4470939146119,70.3708884249696,97.27029125138,159.464993497383,35.2794655991403,7.70342147028625,7.31840191993385,-1.4554855456155,1.05512650678051,5283.28655187568,33.131325164243,652.293644353942,7.35361009892359,1.0000354,1,75,
