4320,118.088233127657,95.6776864454031,79.1133693324331,491.623103728244,11.4670313635088,89.3216540079201,97.5874939156533,72.6566820984631,44.7567617596207,7.4643972604925,7.40319465646328,3.55392456503039,7.4402660209731,5309.12357707778,73.0713738054119,796.577057734999,7.05890489660674,1.0000354,1,0,
4321,117.84332778017,95.2580838158019,78.5646426247475,485.054215813161,11.4667100189216,89.9513360630014,97.6843844867904,72.4786411129714,44.7455706970059,7.46217092952673,7.40298518151421,3.38705287778847,7.42102003942144,5337.39875632151,73.6409882188904,796.893426831723,7.05855678984779,1.0000354,1,150,
4322,116.879444031555,94.6151074689777,78.1588587053333,482.148492141665,11.5097472755829,89.0862003602896,97.6173115063831,72.7170494582017,44.7775886499494,7.46323947182877,7.40236693091681,3.03486336408301,7.27918082431335,5278.86832220461,72.5946440557788,797.208546157227,7.05924106076467,1.0000354,1,150,
4323,116.090184399426,94.1648707793097,77.9592041905282,493.708034528482,11.7357440196595,85.8156441838439,97.2396218328182,73.3393848921847,44.7330138766822,7.46417998576532,7.40249857840408,2.5882498718508,7.01094391748159,5242.97635470885,71.4892327283148,797.045798753056,7.06007352960442,1.0000354,1,150,
4324,115.365507571102,93.9517668626298,78.1242193824549,506.110055617924,11.9561174251924,82.5081050751769,96.8303381713742,74.4698873058857,44.5893952170826,7.46695017435844,7.4035988259762,2.10569199263871,6.63841102636798,5199.57752649651,69.821208472348,799.795672159967,7.06295173621315,1.0000354,1,150,
4325,114.330658946593,93.8189474655412,78.6581172404157,511.878372320713,12.0874912813568,80.186477942112,96.546743528637,76.1093257501824,44.4105561339591,7.47093123582495,7.40505051254678,1.61435077129647,6.19800358527701,5090.19705479046,66.8800702754651,806.472429285433,7.06742615654321,1.0000354,1,150,
4326,114.420205107479,94.7176522051703,80.1548957121594,523.984747542737,12.2912744418687,77.0858234376158,96.1163197593454,78.0983062667754,44.1853487269139,7.47557956071073,7.40696609041413,1.12464469135489,5.70941833279839,5017.17141608989,64.2417442313252,810.804042917149,7.07246416745263,1.0000354,1,150,
4327,113.200266655487,94.5952593297637,80.8437321759682,526.670171567298,12.3932796250859,75.4938386708914,95.9185059281109,80.1539823636797,44.0027006583683,7.47960291821859,7.4084742390886,0.655971589698276,5.22633058064411,4862.38980044063,60.6631093933511,804.754447845904,7.07828691625354,1.0000354,1,150,
4328,110.376314582372,92.4269238778955,79.1599829224129,545.295766011204,12.6795093960279,72.1157604035529,95.3555724416022,82.2534973353459,44.0398411934304,7.48329347564477,7.40782158774949,0.230374830080504,4.7531113119688,4813.92040732147,58.52541914048,798.535848835322,7.08356579663624,1.0000354,1,150,
4329,96.8190076566748,79.679276426315,67.0107794299622,621.199810645479,13.6506180650373,60.7046854911197,92.5971291637117,86.5976601425525,44.2561311423185,7.49428076182996,7.40541819785327,-0.330669564524258,3.56933931132584,4839.55006220887,55.8854598870484,795.632572546854,7.09113123653439,1.0000354,1,150,
4330,85.0363429015565,69.3764090956201,57.8016754129715,737.37665476266,15.1615608865738,54.2435205011102,90.5812813494089,95.0117253503353,44.396462440857,7.51265112672184,7.40379575470388,-0.70798083956536,2.45980713169009,4851.34263264592,51.0604624298489,780.823860518922,7.10234564839481,1.0000354,0.998830817442369,150,
4331,47.6275533045864,33.6006151263979,23.2328782120847,598.256430428391,12.1076057795919,54.9093237678034,91.013262263585,70.4110083939438,44.9630281625613,7.5156517183959,7.39805827078763,-0.867323794497739,0.858428107987864,3220.31436071102,45.7359500192587,500.46620314843,7.10503693258918,1.0000354,0.819732604397584,150,
4332,43.937035190701,30.98275745538,21.4078565205776,619.919273919613,10.7093859371548,49.5866374783332,87.8345652928377,73.1036162425588,48.4076726124489,7.48397715274375,7.36522022377556,-1.1588466800954,0.42055453868532,3087.78381547943,42.2384551433697,469.327799759617,7.07481386557733,1.0000354,0.59066407392692,150,
4333,47.0052311292431,35.2710263341023,26.5979184420418,965.005003121007,15.2817817330592,46.5385824338495,85.9655456373935,92.6256820760282,55.9792821204062,7.47945408373717,7.29951618344099,-1.41314922439027,0.0104974167259444,3543.88731664825,38.2603100697211,533.221302955974,7.04631455471163,1.0000354,0.570899075553924,150,
4334,68.0049994335439,58.4165325680773,51.3294048849064,1892.57986736324,34.0521229185822,54.642181179636,94.5144336061726,152.725670865409,58.0871613065582,7.72593495600022,7.2772583023758,-1.71278559921306,-0.263708220199866,4774.80934324801,31.2639605129373,576.534637444939,7.1557744206587,1.0000354,0.982691882226883,150,
4335,44.6641555201176,32.6301379896073,23.7354293800996,1243.11563787808,22.6143060387634,64.1697609969001,94.7017784829574,81.9022413169197,75.4194232147381,7.54365282137316,7.15508851163819,-1.20027775578303,0.0821386229873355,3213.66977527423,39.2378733915104,436.701350576544,7.1263471823786,1.0000354,0.926656252686863,150,
4336,43.9773839248889,32.0312994291508,23.2015848018662,1538.70577889153,28.4131572637112,54.5320402653356,93.429736401211,82.2472832483985,86.7084247552128,7.63602028791765,7.08227186431577,-1.22191780377192,0.0375741970009384,3203.62714879575,38.9511607224805,418.665410563187,7.14384281072862,1.0000354,0.936351525762352,150,
4337,5.54805078771947,5.54805078771947,5.54805078771947,0,7.28232416698723,56.2708336549144,94.1349809324528,0,24.2492323393331,7.64488274416775,7.62053262192257,3.59252834337197,0.030974754681572,0,0,4.72742661815155,7.0425923590802,0.0193714213413052,0.547578190216791,150,
4338,6.90005935808341E-10,6.90005935808341E-10,6.90005935808341E-10,0,0,5.59419866506609,94.1915701444584,0,0.0932365354281296,10.049640728343,10.0355808646104,2.31527530623528,0.030965342639405,0,0,0,7.04528310425604,0,0,150,
4338.11393231668,6.0009172741411E-10,6.0009172741411E-10,6.0009172741411E-10,0,0,5.05094723014244,95.5891611671257,0,0.0526754247771987,10.2976292930143,10.283586914667,1.98346679009252,0.0309647528035697,0,0,0,7.04530695596983,0,0,150,
