4320,125.222204006329,103.833539669322,88.0245268984909,510.354970845645,11.6721435143469,90.3377919346977,97.6743381556568,75.0313236103796,42.8593710112943,7.45562841730779,7.3881173881997,3.16920155604442,7.53790498519558,5232.64286352799,69.7394449643445,780.589752757915,7.07171381546229,1.0000354,1,0,
4321,127.426604925697,106.546444660352,91.1132827250963,502.277841891878,11.5926136067541,94.4014950146798,98.1356315898632,75.7499460552784,42.9523147125194,7.45493080116289,7.38711008044677,3.09363569950113,7.58778472550163,5157.16441547766,68.0814269057594,781.440836923762,7.07257262828913,1.0000354,1,37.5,
4322,128.243308366502,107.30384097681,91.826843340951,510.240083350533,11.7089430793255,90.6941564222229,97.7242239040145,75.7868673782266,42.9568397281347,7.45421921465103,7.38699973192358,3.00037506614436,7.57196532710408,5174.33340325693,68.2748025120708,792.111564146704,7.07175889102206,1.0000354,1,37.5,
4323,126.258096777201,105.332943228702,89.866525388507,504.304746340426,11.6534737804221,92.358927380681,97.9207691217682,74.9605743970045,43.0381565822413,7.45386298629009,7.38611655093756,2.90808272598646,7.51212949042222,5114.41989668315,68.2281310919028,776.332313249061,7.07230713657292,1.0000354,1,37.5,
4324,125.856285872287,104.89948616754,89.4096776901175,510.277925531862,11.7423576630014,89.6644284494774,97.6158722633183,74.8733611499551,42.99970001775,7.45471792613458,7.38644300536532,2.80812065190001,7.40462831441377,5116.19529374682,68.331315906871,784.466822338652,7.07185839607081,1.0000354,1,37.5,
4325,124.815432487144,103.927602366504,88.4887714077697,508.548154978832,11.7369030403669,89.0592253110854,97.5592231447445,74.6162342635283,42.98910648148,7.45677822039383,7.38648988293276,2.71932316179298,7.30432491214183,5081.84571480645,68.1064350803134,774.950817130064,7.0728206176309,1.0000354,1,37.5,
4326,123.712660760721,102.800229109885,87.343214411441,511.294449029984,11.7844248491899,88.1053346755925,97.4474272796712,75.0408652243862,42.9204142720008,7.4571046610429,7.38712499570576,2.60449894701107,7.18963199935453,5116.78523755404,68.1866503305085,773.901424109225,7.07330709370572,1.0000354,1,37.5,
4327,124.681353743745,104.463220400915,89.5193827127369,510.505778308983,11.7889737253692,87.6276404527118,97.4045946014798,76.0377297022556,42.8222897919312,7.45916434801154,7.38806116862816,2.43906515128936,6.98525545956214,5012.62273590204,65.9228353546351,779.15543769752,7.07562755007541,1.0000354,1,37.5,
4328,123.926239409265,103.69569664917,88.7426867830137,509.971806959897,11.795926932879,87.8456376364011,97.4286133357559,75.9959472068859,42.7965301053754,7.4574999919551,7.38826503455695,2.33576282885806,6.87465013461984,5012.94325531061,65.9632972487827,774.286034598793,7.07566267456535,1.0000354,1,37.5,
4329,123.332436721718,103.36768473142,88.6111289125044,512.775881756233,11.8417174200659,86.7545649287471,97.3038512541726,76.2948220088815,42.7959761176038,7.45936248229878,7.38821408360172,2.22076552247095,6.75085247448301,4966.53848920338,65.09666525764,781.542733686654,7.07574307033481,1.0000354,1,37.5,
4330,122.704662813617,102.970408447603,88.3842204379401,508.265143503038,11.8012855709268,87.447791736341,97.399754128788,76.7268047218328,42.7699729294538,7.45929393122502,7.38842136130713,2.10136977074224,6.63161827768562,4936.99464225521,64.3451093806644,776.64425060425,7.07649218360008,1.0000354,1,37.5,
4331,122.972295437006,103.209107707716,88.6015341686761,512.829539787823,11.866895468531,86.3596150599265,97.2626371167177,76.8622774870683,42.7166232796971,7.4592778021626,7.3889071083461,2.00423582589139,6.52928720524153,4952.96280384193,64.439448917907,779.298307841987,7.07673057543265,1.0000354,1,37.5,
4332,122.659615499343,103.163908569425,88.7540382299197,514.784177191657,11.9009723386466,85.5485717836002,97.1701764354431,77.1602127235432,42.7149771613589,7.46103049589896,7.38886872538919,1.89480088325012,6.41103146094404,4904.86688799283,63.5673064506244,777.10582700074,7.07766206191374,1.0000354,1,37.5,
4333,122.137242538086,102.888649188732,88.661428017471,509.982353997667,11.8574590911318,86.2022938496542,97.2644910020445,77.5425072232683,42.6698001365701,7.46107972271154,7.38927258052485,1.78028014226681,6.29427423822244,4866.6897217822,62.7615729237325,774.025675054697,7.07824507924953,1.0000354,1,37.5,
4334,121.684572748566,102.66818245641,88.6125896317739,512.922027072798,11.9025830243592,85.4757847864281,97.1758507937868,77.9581539356747,42.6625211515995,7.46164119078545,7.38929075997399,1.6622262096675,6.18006017475969,4833.75295258153,62.0044563467984,772.595196247143,7.07848121500545,1.0000354,1,37.5,
4335,121.709373814832,102.722324943895,88.6884192566797,514.197872703494,11.9279913745811,85.1341732385721,97.13388359112,78.4430373309994,42.6155227424281,7.46150671491383,7.38971350202382,1.54752623613913,6.05929447373578,4856.31323517017,61.90878630411,782.004101227452,7.07883393672785,1.0000354,1,37.5,
4336,121.527308259827,102.855354971562,89.0543460193667,515.868065561949,11.957219115555,84.4350941923471,97.0545882936473,78.8237016681582,42.6148329203705,7.46332264387209,7.38966512997541,1.42632654166506,5.91976834578107,4798.89668334177,60.8813920404901,778.636274067587,7.08043005673411,1.0000354,1,37.5,
4337,120.904149883541,102.516842856383,88.9262246189178,513.855603424043,11.9455472572741,84.602609150153,97.0851317652981,79.1772314858306,42.5878371354639,7.46352555650528,7.38988429926745,1.30669581786665,5.79076839223937,4746.93474607296,59.953280216958,774.117215425744,7.08129906279677,1.0000354,1,37.5,
4338,120.852254815231,102.524353045151,88.9776430411793,514.637600184771,11.9645881763117,84.2869051335378,97.0476585714558,79.577829728003,42.5340974155892,7.46367040529672,7.39037603349809,1.1923482629869,5.6608039426736,4755.53805118173,59.7595846410509,774.260913003649,7.08161617697929,1.0000354,1,37.5,
4339,120.548121983687,102.551410485434,89.2494932910735,516.701425205822,11.9970345069762,83.574298446496,96.96368481802,79.9078902559741,42.5369845643459,7.46532764301827,7.3902905170871,1.0799290745862,5.52147554894302,4688.97201555767,58.6797123605339,782.239330015069,7.0824031787829,1.0000354,1,37.5,
4340,119.768637404512,101.998086849233,88.8633320909841,513.306947495143,11.9704348521397,83.8972566864184,97.0191060226179,80.0753780880863,42.5190285382502,7.46585523455771,7.39041710503002,0.994255891232878,5.4253090049482,4639.75130582705,57.9422965786452,774.65903665947,7.0838042365357,1.0000354,1,37.5,
4341,120.015995689578,102.371210354287,89.3294124977665,519.828747477555,12.0503639483767,82.5075883225814,96.8319830732159,80.8147038012256,42.416998404515,7.46699110234335,7.39140340710619,0.845691687314535,5.25011642444945,4649.45005003261,57.5322290541155,777.829211252437,7.08398709315647,1.0000354,1,37.5,
4342,119.280148313718,101.974736352589,89.1837796856676,513.919708433273,11.9970201237204,83.1576843627762,96.941913982277,81.0923050065797,42.4275902520887,7.46826546527777,7.39123838608158,0.741005561515998,5.11342360921952,4575.68805672156,56.4256751161568,771.020914597699,7.08553086091249,1.0000354,1,37.5,
4343,118.46105416648,101.376620402141,88.7489954458893,511.338750323884,11.9789166443829,83.5381051051873,96.9979016181131,81.3157225510758,42.4191998388866,7.46768269506222,7.39126706930155,0.658800955387084,5.02058858588983,4529.70518001771,55.7051580913215,777.272786809406,7.08573210818824,1.0000354,1,37.5,
4344,118.410201366789,101.408344537569,88.8417547072768,522.399207604,12.1077543386001,81.4723827760497,96.7098082964277,81.8934750933607,42.3599933124924,7.46901650337295,7.39181656776803,0.544592399304253,4.89102349845519,4539.83926672101,55.4359094121414,777.11787647508,7.08623993023924,1.0000354,1,37.5,
4345,117.928624715557,101.173131893053,88.788637198158,519.100035913517,12.0820919957286,81.7126090776366,96.75969492994,82.2678290046958,42.3412034502365,7.47000207221096,7.39195257950517,0.461350408259496,4.79856111004324,4494.50703452395,54.632619930537,772.031802323393,7.08775432098248,1.0000354,1,37.5,
4346,117.278002011132,100.761411046607,88.5534959858708,516.743468490235,12.0663989880541,81.9575679989495,96.8024841555189,82.6922181560118,42.3225160333814,7.47002615917905,7.39208778566182,0.373413861678999,4.70962955426672,4453.27871530956,53.853661379693,778.063511222433,7.08832510536666,1.0000354,1,37.5,
4347,117.267431952808,100.899372115241,88.8012409309521,525.69784496468,12.1731010329752,80.2569873718781,96.5634335301897,83.2714066706539,42.283901378255,7.47201769313005,7.39242846209281,0.264771843769363,4.5729514810325,4444.14199681133,53.36936380081,777.412589053446,7.08924327605314,1.0000354,1,37.5,
4348,116.824714714596,100.632867357853,88.6649801811306,527.301611733591,12.2003725843462,79.794449519254,96.5053557485921,83.6306677842493,42.2868719438446,7.47314068322258,7.39234279214785,0.210292030809543,4.5089425763569,4415.26512896351,52.7948089611579,772.185065398011,7.09084064387235,1.0000354,1,37.5,
4349,115.928239348805,99.7391894345569,87.7733699327214,525.208708573723,12.1871720962787,79.9700931877559,96.5433736601182,84.173525150225,42.3044133005548,7.47362816777867,7.39210838395382,0.11410136151032,4.40957889161181,4443.1574092452,52.7856876769206,772.053092954599,7.09207452180493,1.0000354,1,37.5,
4350,114.807771590809,98.8295514267784,87.0195626098865,544.924004045003,12.4122987539698,76.9223902908057,96.0668875449838,85.0258767821573,42.3311339244861,7.47674596473759,7.39178145129633,0.00296756311109636,4.25646914303879,4429.70027537754,52.0982604710654,771.083811701631,7.09374353605321,1.0000354,1,37.5,
4351,113.574832923998,97.8915372592078,86.2995361156671,556.247977165174,12.5461981054386,75.21963523731,95.7800770703059,86.1789183090381,42.2701983572703,7.47852047950963,7.3923561403871,-0.102690949282924,4.08557341722334,4406.89994479978,51.1366356328193,770.666370023695,7.09573920509668,1.0000354,1,37.5,
4352,111.362250567977,95.9935560599376,84.6340862061694,573.746335605545,12.7489312042444,72.6507840719848,95.324427930002,87.80398458876,42.2889929899569,7.48278357824562,7.39211468548958,-0.231161998959448,3.82297224368256,4399.93260706763,50.1108534843289,771.337124756526,7.09870979318869,1.0000354,1,37.5,
4353,108.906224929499,93.987299781549,82.9602681504555,592.552943111903,12.967328595272,70.0171661742743,94.8000237584901,90.0844313804459,42.1933338525694,7.48635711653622,7.39305295194409,-0.333711879001396,3.52530410205298,4382.0981262803,48.6443446345768,770.036725898462,7.10226367585136,1.0000354,1,37.5,
4354,107.119494100308,92.5054562433006,81.7037760881215,587.107547635907,12.9132325094401,70.5685938629917,94.9513528531285,92.7384889724755,42.1926010863236,7.48820098252631,7.39301883166958,-0.428976315037488,3.26332019530511,4419.01082274547,47.6502353198468,760.555927527183,7.10521810688953,1.0000354,1,37.5,
4355,106.862310022878,92.5890255105475,82.0392065231726,593.563188795413,12.991642738494,69.935199911152,94.8112038609324,95.2988432879265,42.2042934428797,7.48793691878607,7.39286059980289,-0.501034724051702,3.119730532721,4435.13020054286,46.5391818780317,772.206677796474,7.10629932469388,1.0000354,1,37.5,
4356,105.577526262935,91.8014556543097,81.6191425957605,590.632505601432,12.9630464599815,70.7097309348946,94.9684198402668,97.4564178440557,42.3965253451724,7.48616364827872,7.39085238617521,-0.628837669617888,2.8851127893349,4377.54506817241,44.9179763120076,765.762308616085,7.10623363605523,1.0000354,1,37.5,
4357,104.202938410999,90.7039261842103,80.7263954078882,605.229445325596,13.1314195135085,69.2110566977024,94.640902113039,99.8449185502161,42.6839439217644,7.4870415804368,7.38788735242927,-0.704491437190824,2.6962667057773,4394.63468855357,44.0146053736659,760.794593821591,7.10469836713795,1.0000354,1,37.5,
4358,101.533306860654,88.5158334730395,78.8942227082807,603.416322304578,13.1137533151287,69.8773213784543,94.7858458409784,102.021621498793,42.9817153459139,7.48600216302936,7.38484094791576,-0.803664413433181,2.39557909589892,4330.25769362407,42.4445096050086,754.565260876697,7.10392223371683,1.0000354,1,37.5,
4359,97.0979155917408,84.2704816253902,74.7893347806963,608.37031404074,13.1724532995018,69.7959305566625,94.7444250706015,101.054740213042,43.4251895316769,7.48384449805081,7.38035858751141,-0.869675664583908,2.15161911486721,4226.60146565941,41.8248709239067,737.014830320236,7.10124555072687,1.0000354,1,37.5,
4360,92.1271019331273,79.1134103007471,69.4945947463791,618.255228128411,13.287936923491,68.5500433711685,94.4865361950874,99.1437273183719,43.8669133870949,7.48653737578982,7.37594187275725,-0.914505388893534,1.94674976057421,4206.88437345618,42.4321788906218,729.97988319227,7.09949780772538,1.0000354,1,37.5,
