4320,120.33082138768,98.5985048162828,82.535488220033,502.212846203331,11.5806162780943,92.1137942830108,97.8774897092865,73.7788559327107,43.3414835005147,7.45468110229849,7.38869605148553,3.22187382968313,7.11959769203277,5227.96607691434,70.8599504671427,773.773486164343,7.06607998708213,1.0000354,1,0,
4321,121.987690498741,100.406085259288,84.4544639953441,500.808058735615,11.6461924608535,91.1450316356073,97.7919627005923,74.5333646916977,43.3635160499226,7.45390573525756,7.38819397319458,3.04227015533336,7.11128365218811,5244.80436441179,70.3685441561182,781.227979003829,7.06607444729291,1.0000354,1,150,
4322,121.537723839801,100.176138986925,84.3871414869736,499.621498966099,11.7094204452258,90.0395630670328,97.6890006009047,74.3497252731677,43.4333582402845,7.45348408842134,7.38722357490501,2.75476825443869,7.02823932441129,5178.54387845101,69.6511501478259,784.378825933736,7.06698195069541,1.0000354,1,150,
4323,120.09737326543,98.9716559994582,83.356995411566,501.552020771734,11.8073962709547,88.336549313251,97.5121220119572,74.9758438174636,43.4457440961651,7.45361372376543,7.38683472079335,2.28171392486932,6.78893986271026,5164.49245275577,68.882085079686,778.74717715884,7.0673827215199,1.0000354,1,150,
4324,119.324026311954,99.0358187442887,84.0401870638405,511.955986339652,11.9964455516543,84.6124776017051,97.074444588845,75.8981729029596,43.4114279824481,7.45695685704839,7.38691837656011,1.80750606274283,6.41887360931867,5020.76416755338,66.1513179503376,776.893118927083,7.06944789048473,1.0000354,1,150,
4325,118.123304118327,98.5351326289873,84.0569189194755,519.742254657852,12.1476718725529,82.0984096784758,96.7580735778891,77.059913015921,43.3213218600214,7.45849729053013,7.38756483180116,1.31280965410792,5.98376131842105,4921.72374991017,63.8687945169795,777.798875080231,7.07200736954283,1.0000354,1,150,
4326,116.504323883014,97.7545101506201,83.8959521745028,535.728922589894,12.3937374146571,78.1724141982836,96.21528489305,78.4565997078671,43.2360658773702,7.4640825915946,7.38816747250296,0.845340862702126,5.49406040682331,4796.46479640982,61.1352622248407,783.719637027501,7.07636198314287,1.0000354,1,150,
4327,115.207547746186,97.1322495719131,83.7722465735377,540.615537718925,12.5211366785682,76.074490794454,95.932417146002,79.8505709716705,43.0118521279007,7.46842771668725,7.39017393195072,0.459709897686577,5.09932798396107,4706.06929673402,58.9359504818525,787.685240226277,7.08143224799568,1.0000354,1,150,
4328,113.042559207568,95.7375530874047,82.9468963898923,562.036113249663,12.8420699501784,71.8805257395109,95.2213337017346,81.5546692547939,42.8299068695779,7.4739326794376,7.39176527207971,0.00660954599533081,4.60280216103027,4601.66935217346,56.4243518393396,783.08895225938,7.08749907506487,1.0000354,1,150,
4329,104.939775107609,88.2063933285048,75.8382415787324,614.655366786893,13.541496784071,63.6877168675462,93.3605652065905,84.2445111360073,42.9116949142477,7.48231880326978,7.39069247623558,-0.499198040562849,3.8438148212022,4596.42476530466,54.5605251110548,791.061966382538,7.0949923072825,1.0000354,1,150,
4330,87.9709870191967,72.8675494446538,61.70413906347,762.41263402422,15.4580302140215,53.8446070918277,90.2980282567597,90.6156895664843,43.0416694960888,7.50535553087324,7.3891535249659,-0.9475638328751,2.44334769574988,4462.45681487154,49.2459621089949,782.47138827954,7.10728236976123,1.0000354,0.999987595489343,150,
4331,45.507732081761,32.0110340067533,22.0352136904433,622.228037964371,11.8433609102524,52.7109456836747,90.0777756891052,68.9095078752848,43.1767524315958,7.51406533307773,7.38759158213295,-1.09625146247297,0.636341212630661,3032.50484056265,44.0070598973221,480.247822524533,7.10850745822875,1.0000354,0.748950316104219,150,
4332,42.1699348493622,29.8182006658044,20.6886580083922,612.250064275892,10.1504247554169,48.0135518646404,86.9492307449168,72.9100293169922,45.5873437327093,7.48313058604761,7.36355888159582,-1.3606420078058,0.177490313136011,2936.3649495322,40.273813864012,452.005217805965,7.08380405605765,0.999219879620726,0.531588300607257,150,
4333,40.7723337192038,29.2698785554933,20.7680638692725,639.169278010217,10.0861026724794,47.5630443667656,85.6599059838174,78.1777842321255,51.6197482653985,7.44239768362792,7.3079574053019,-1.42653303057654,-0.127642080771262,2932.03214934347,37.5046719236463,438.603266782679,7.05400955126863,0.998914358536203,0.464744459997466,150,
4334,59.7561817901791,49.7441021151818,42.343869311923,1756.02696023258,30.9604794568083,50.6460752750784,92.1476364413335,135.785900183192,59.0774616497142,7.64972190517595,7.24510301155683,-1.65754702687233,-0.299793606539585,4432.75567499166,32.6451838446504,569.795940930821,7.08398470124444,1.0000354,0.939747537071596,150,
4335,45.3298781694143,33.2600523282752,24.3388767065637,942.942196493462,18.1807615147319,76.2234841794332,96.5361489961629,83.2137363357071,62.9824467859936,7.49315514811933,7.2100893482409,-1.19266053536368,0.0648629093560595,3274.84574138332,39.3546292426011,439.061389805242,7.1390623318531,1.0000354,0.94689693505408,150,
4336,42.9166528059827,31.0480825399627,22.2756610389914,1500.97037474639,27.087695744746,58.1866717591595,94.1875678788338,83.0358171190759,82.2086930649896,7.6134746435324,7.08486206566922,-1.24121548541999,-0.0104201570188316,3213.3548759142,38.6984193978142,407.804316556886,7.13198634122973,1.0000354,0.929226180795147,150,
4337,43.4620857968384,31.6666995889535,22.9483706526907,1342.37314953292,29.4019481514544,56.3025153877004,93.9373458846786,84.228129025183,84.6112908006423,7.62618563822575,7.05907887612619,-1.25462067161118,-0.0286702936027705,3239.39673917652,38.4597969427528,399.865529800878,7.15791510252091,1.0000354,0.932924173312687,150,
4338,46.3289878226943,34.6690264829677,26.0507941883871,0,14.4349619634452,59.4450641774139,80.7274856859775,86.0682511968754,101.623581433707,7.00106348131294,6.96171074039777,-1.27925887354532,-0.039944509335502,3272.16285935355,38.0182333653869,479.549773633301,7.03135919891107,1.0000354,0.973691675507176,150,
4339,4.16844586876208,4.16844586876208,4.16844586876208,0,0,8.72320427405884,27.1930403417711,0,10.5324497442664,7.92869329447756,7.92829713480138,3.17003944979557,-0.183310308017022,0,0,2.76815370135557,6.80896825000648,0.00305339265117702,0,150,
4340,9.96303584598609E-11,9.96303584598609E-11,9.96303584598609E-11,0,0,0.48678162092457,7.96187883491105,0,0.05347238006603,10.2230777615889,10.2227791726288,5.95887872378853E-09,-0.18331206678769,0,0,1.6527734969272E-09,6.81148461102075,0,0,150,
4341,2.38921722925326E-13,2.38921722925326E-13,2.38921722925326E-13,0,0,0.0951497299428338,16.7811028919162,0,0.000359645275402025,12.3953949441037,12.395096849737,-8.7100038292931E-09,-0.183312713803261,0,0,3.98460771822745E-12,6.81086601165421,0,0,150,
4342,1.59281148616884E-13,1.59281148616884E-13,1.59281148616884E-13,0,0,0.0169364614377658,27.4801913868262,0,2.42165956762203E-06,14.5674402204112,14.567142129371,0.844965607317302,-0.183312951826988,0,0,0,6.8096025115455,0,0,150,
4343,1.59281148616884E-13,1.59281148616884E-13,1.59281148616884E-13,0,0,0.00222747377528655,26.1900945629003,0,1.63141541206953E-08,16.7390648382349,16.7387667472171,0.263844949507259,-0.183313039391023,0,0,0,6.80830450237743,0,0,150,
4344,1.59281148616884E-13,1.59281148616884E-13,1.59281148616884E-13,0,0,0.000126249117991687,4.58176741559917,0,1.09821802758353E-10,18.9113444131063,18.9110463220886,0.000811225857811237,-0.183313071604032,0,0,2.69723187554824E-12,6.80678341487761,0,0,150,
4345,1.59281148616884E-13,1.59281148616884E-13,1.59281148616884E-13,0,0,2.99203608122647E-05,14.8491802903362,0,7.39686238094159E-13,21.0831540632069,21.0828559721892,1.70791465681219E-06,-0.183313083454535,0,0,2.71031150781352E-12,6.80542195473625,0,0,150,
4346,1.59281148616884E-13,1.59281148616884E-13,1.59281148616884E-13,0,0,5.62249190713014E-06,27.086977663539,0,4.98198026355043E-15,23.2549727256754,23.2546746346578,0.0901970924442259,-0.183313087814092,0,0,0,6.80408547707626,0,0,150,
4347,1.59281148616884E-13,1.59281148616884E-13,1.59281148616884E-13,0,0,5.41987587395899E-07,14.56395953306,0,3.35580130754417E-17,25.4267118432947,25.4264137522771,-3.64899221949599E-11,-0.183313089417883,0,0,2.73567207381983E-12,6.8028097129787,0,0,150,
4348,1.59281148616884E-13,1.59281148616884E-13,1.59281148616884E-13,0,0,8.81544032175999E-08,20.6754765958446,0,2.26014251029104E-19,27.598560263886,27.5982621728683,-1.72146741306278E-11,-0.183313090007885,0,0,2.74796330049346E-12,6.8015332194885,0,0,150,
4349,1.59281148616884E-13,1.59281148616884E-13,1.59281148616884E-13,0,0,7.91041535708485E-09,9.21261590019113,0,1.52236774510862E-21,29.7703203543382,29.7700222633205,-3.49320572468059E-12,-0.183313090224935,0,0,2.76001053068138E-12,6.80031513522487,0,0,150,
4350,1.59281148616884E-13,1.59281148616884E-13,1.59281148616884E-13,0,0,1.48029633137658E-09,17.6424945442893,0,1.02544811806641E-23,31.9420597077285,31.9417616167108,1.25121246696835E-10,-0.183313090304783,0,0,2.77181550631024E-12,6.79913468412448,0,0,150,
4351,1.59281148616884E-13,1.59281148616884E-13,1.59281148616884E-13,0,0,2.22547229269398E-10,21.4635370697793,0,6.90827028370131E-26,34.1136760414559,34.1133779504382,-7.91366971952812E-13,-0.183313090334157,0,0,2.7833935786893E-12,6.79802127144011,0,0,150,
4352,1.59281148616884E-13,1.59281148616884E-13,1.59281148616884E-13,0,0,3.44879924979102E-11,27.2149109225902,0,4.65398804080279E-28,36.285291747712,36.2849936566943,0.00476327396090692,-0.183313090344963,0,0,0,6.79693746607535,0,0,150,
4353,1.59281148616884E-13,1.59281148616884E-13,1.59281148616884E-13,0,0,3.52525119248292E-12,16.4116033643969,0,3.13645670022542E-30,38.4565912712615,38.4562931802438,-9.28146448586631E-14,-0.183313090348939,0,0,2.80589364387619E-12,6.79597514521359,0,0,150,
4354,1.59281148616884E-13,1.59281148616884E-13,1.59281148616884E-13,0,0,5.53330680752004E-13,21.6673125748031,0,2.1133892417717E-32,40.6280384697776,40.62774037876,-3.37507799486048E-14,-0.183313090350401,0,0,2.81682745290785E-12,6.79499647291527,0,0,150,
4355,1.59281148616884E-13,1.59281148616884E-13,1.59281148616884E-13,0,0,8.73756062621601E-14,28.324372393903,0,1.42400397122497E-34,42.7995026439607,42.799204552943,0.0831594751913731,-0.183313090350939,0,0,0,6.79403562257708,0,0,150,
4356,1.59281148616884E-13,1.59281148616884E-13,1.59281148616884E-13,0,0,9.58565353201124E-15,19.630498198948,0,9.5962970599624E-37,44.970845268582,44.9705471775643,-3.99680288865056E-15,-0.183313090351137,0,0,2.83810224859748E-12,6.79313957487597,0,0,150,
4357,1.59281148616884E-13,1.59281148616884E-13,1.59281148616884E-13,0,0,9.25616153236532E-16,10.1176107017649,0,6.46734161662731E-39,47.1421286224377,47.14183053142,-2.22044604925031E-15,-0.18331309035121,0,0,2.84845632639064E-12,6.7922810622641,0,0,150,
4358,1.59281148616884E-13,1.59281148616884E-13,1.59281148616884E-13,0,0,1.49425071382877E-16,14.4731817733564,0,4.35783173319361E-41,49.3135669024069,49.3132688113893,1.01696429055664E-13,-0.183313090351237,0,0,2.85862588555003E-12,6.79139862860185,0,0,150,
4359,1.59281148616884E-13,1.59281148616884E-13,1.59281148616884E-13,0,0,2.97278079584103E-17,29.1371544075023,0,2.93728725636309E-43,51.4847425647669,51.4844444737492,0.176617205504626,-0.183313090351247,0,0,0,6.79060710475333,0,0,150,
4360,1.59281148616884E-13,1.59281148616884E-13,1.59281148616884E-13,0,0,3.08936820476912E-18,18.3223713872067,0,1.97996101461809E-45,53.6558497191935,53.6555516281759,8.93988653207778E-05,-0.18331309035125,0,0,2.8784304693393E-12,6.78985646500275,0,0,150,
