4320,117.894334482727,95.6418805370762,79.1944145772472,483.310382826767,11.3626475660568,89.6575610496848,97.6425018726707,72.3040409027118,44.5191107584494,7.46671353350818,7.40642142904903,3.38758917975589,7.35840659058382,5246.08474948416,72.5558998361239,782.116873390119,7.0850341917645,1.0000354,1,0,
4321,117.246760867883,95.0433265279332,78.6320924505788,481.347490480743,11.379092524731,89.7564467451948,97.6658412005102,72.1982949168219,44.5829597064897,7.46584544302734,7.40564546817127,3.30779049103297,7.34240744156545,5226.87263249911,72.3960675043763,783.753319015527,7.08466167300617,1.0000354,1,75,
4322,117.005679030038,94.6543817325939,78.1338576431784,479.568379521194,11.395374969919,89.6865362889449,97.6711375887929,72.3295995613005,44.6126246532965,7.46557414722385,7.40520865130366,3.15906062585292,7.29294554078664,5271.2500436562,72.8781864634648,785.282678680541,7.08454086233613,1.0000354,1,75,
4323,117.058381564667,94.973712202264,78.6502609344012,489.105831975915,11.5584201956308,87.1371346847974,97.375892313717,72.5219756972308,44.5931974741538,7.46671166326148,7.40525482136599,2.94604486708993,7.17630768499509,5222.22224418479,72.0088248283091,789.504288450532,7.08519239761048,1.0000354,1,75,
4324,115.903253451577,94.1182492756935,78.0162896674315,488.538078217856,11.5875606938414,86.6917317872427,97.3363118872238,72.8059384319149,44.5444778514995,7.46711628941242,7.40558974054402,2.63684168769365,6.93834613993594,5171.53267854256,71.0317426013093,779.717703954606,7.08633149785784,1.0000354,1,75,
4325,114.030697007504,92.9143397725071,77.306597468379,501.869252495823,11.7892124236854,83.5728464204311,96.9529439250199,73.3733645812947,44.464242422947,7.47129546098031,7.40623464697025,2.32463101083655,6.55465043151491,5051.8710506334,68.851565952603,783.273029064379,7.0880990436307,1.0000354,1,75,
4326,113.533509704737,92.7327720102281,77.3583137142867,500.087513933951,11.8016754902465,83.1715753315778,96.9234118190257,74.3971891330406,44.2757908929989,7.47280191213135,7.40794152774512,2.11902945449502,6.27093426108024,5045.80062831643,67.8224632827631,773.234288542008,7.09076471178816,1.0000354,1,75,
4327,115.056196545532,94.8463971388879,79.9087193165854,500.215962281165,11.8360681130743,82.5636242158391,96.8631086425699,75.4167125086788,44.1186472952219,7.47430253393342,7.40935096201993,1.93519194007823,6.09157183191998,4969.63418843313,65.8956618914042,786.645300615182,7.09292000893718,1.0000354,1,75,
4328,116.084496366347,96.1821007137446,81.4716343618211,488.391708486757,11.7232095635775,83.9093956757711,97.0729194657647,76.0100343790518,44.0851551845456,7.47444850976997,7.40954914127335,1.71564030356066,5.92819311109124,4932.54557050577,64.8933474481517,791.358006703928,7.0954499703791,1.0000354,1,75,
4329,116.186952796711,96.8850588046946,82.6184415062474,482.418942325655,11.6792568940433,84.6044539378501,97.182014739482,76.3321708161777,44.1492052516122,7.47422900087717,7.40878949931825,1.48690038863259,5.76341671220318,4803.99294894711,62.9353639177384,794.712746553806,7.09689752587343,1.0000354,1,75,
4330,116.782310761387,97.8618345390147,83.8771347224786,491.099891587925,11.8194438267427,82.9455939834012,96.9753957025998,76.5839037756686,44.1765496105227,7.47533416144494,7.40839343765571,1.25622011616871,5.58996781767975,4724.59281539549,61.6917208769467,792.181578124815,7.09787363903499,1.0000354,1,75,
4331,116.949765883915,98.350606053737,84.6034009618663,495.035451581265,11.8966279149347,81.8889646676883,96.8503470592885,76.8264894333491,44.185280226469,7.47691391258705,7.40818235559749,1.08030504736961,5.44882542469357,4659.06894164352,60.6440431680209,793.732903807842,7.0994048394874,1.0000354,1,75,
4332,117.076587352972,98.8487879088019,85.3760665805021,496.897946544696,11.9469386174139,81.1500341924559,96.7666030959801,76.930725225314,44.1848884977598,7.47815858920215,7.40806329250201,0.884877390601829,5.30136243019811,4572.23864211957,59.4331930282528,795.23657215847,7.10094671300896,1.0000354,1,75,
4333,114.540151849143,96.4926147626114,83.1531308290878,501.206288184946,12.0214181900522,80.2508418603823,96.6567618230297,77.1279038392146,44.4086450859644,7.47950078207803,7.40575035944588,0.634821261325691,5.10302889309989,4538.62491649937,58.845433242434,783.335348144048,7.10227497448533,1.0000354,1,75,
4334,108.912038191406,91.3935065126952,78.4450265762571,561.037876273926,12.7162943407851,71.3968765332387,95.1468141274241,78.4826552830302,44.4983879950415,7.48772871065312,7.40476012529713,0.31653296085768,4.56319175888398,4482.97392193456,57.1205689431341,791.805032649683,7.10546150785698,1.0000354,1,75,
4335,105.598868357009,88.4626579987431,75.7967633861121,591.135527157164,13.0869272938622,66.8503396209274,94.1884608216189,81.556161409127,44.3193526804548,7.49434524405287,7.40640521084395,0.162553015916729,4.14286012076098,4556.86731537852,55.8739798029357,783.940758730041,7.1131330676165,1.0000354,1,75,
4336,103.992243383862,87.5372641269966,75.3748881545307,599.053828164387,13.2031089628923,65.6823390226444,93.9374091793023,85.076582328015,44.4001436400781,7.49665388047698,7.4055189024261,-0.0319453370471607,3.80104140084638,4564.5944312879,53.6527714957918,785.767581238562,7.11808922962128,1.0000354,1,75,
4337,100.602182123051,84.8519655631339,73.2105011492823,619.805004712386,13.46676212634,63.163564149178,93.2782516234619,88.8610624465205,44.819356151591,7.49854393673015,7.40135496459247,-0.277640105831972,3.30512596738014,4563.44533721417,51.3548365456535,781.485915393715,7.1204391110109,1.0000354,1,75,
4338,98.2538396509954,83.3341977946666,72.3066364225974,636.732683952049,13.6865343191441,61.0811519972541,92.6828227663426,93.5598220906535,45.19706723414,7.50039771434004,7.39764106337163,-0.427727026001628,2.91878553014427,4551.37486825339,48.6466815193748,785.116630068297,7.12283500759719,1.0000354,1,75,
4339,98.748777259659,84.1892356504132,73.4278353305359,646.578512994169,13.8216640680634,60.4151109096479,92.4422017832372,97.7165354029108,45.6134002613025,7.49793658527454,7.39359963309842,-0.553155605388952,2.74839008833482,4638.85271797814,47.4725459601176,794.648637729976,7.12332960958255,1.0000354,1,75,
4340,95.900729404553,82.4541061447634,72.5152976483972,690.359400103932,14.3638092350125,57.4602992212754,91.4541227527823,100.1958563938,46.6899055700329,7.50095196418854,7.38341867946503,-0.832759900301755,2.26760381247416,4392.96578308991,43.8437869708328,789.377411375178,7.12362516717895,1.0000354,1,75,
4341,84.5657960535923,71.1212109201006,61.183908864911,747.123735175937,15.079924218897,55.0606976487724,90.780113974986,93.3113154466119,47.7371960826879,7.5147159698743,7.37374008210159,-0.928406483870079,1.78367388965607,4090.50133855838,43.8371414975793,754.012937053184,7.12762453011368,1.0000354,0.999978484763304,75,
4342,63.6375117268987,50.0753168583711,40.0510858685897,715.906222628124,14.6108915104004,55.2769322484099,91.1871227044675,74.3624637342477,48.8284985898215,7.52932551790218,7.36362445527965,-0.958096401554064,1.1801186745916,3288.3540587065,44.220617413353,648.235779554525,7.13756801237075,1.0000354,0.985271689315443,75,
4343,57.7810425046788,44.9151062195378,35.4055011392162,756.295055115634,14.7333277662393,53.2842294950883,90.4215847905132,75.3449416149665,50.2210607219023,7.53077546231592,7.35012033711304,-1.05180255864853,0.772720122203241,3160.75125270213,41.9504108033482,621.32599078767,7.13866909914619,1.0000354,0.930555140608575,75,
4344,69.7071653097101,58.5213200199297,50.2535213274833,1403.64177572763,24.1399695289588,51.5216859325057,91.6536176631886,103.83308414189,53.4161487080701,7.62927763818159,7.32019566735135,-1.37040959785192,0.50512232386737,3787.03556807799,36.4723401926783,641.75283496138,7.16089903194876,1.0000354,0.971519894417102,75,
4345,91.0261201104911,81.3292328131466,74.1619682890224,1784.66188431134,30.6891311874725,70.2446217818765,97.2099746183611,141.233575124765,50.9674359846906,7.73054408711092,7.33491881093788,-1.51851752458387,0.597340011351327,4465.44888566106,31.6174739732837,610.453858427701,7.24663349236892,1.0000354,0.999612857344242,75,
4346,66.1461454802665,53.0857936410226,43.4324901076685,400.148805107751,10.9092874885906,171.207875235001,100.756281077223,76.9065805129553,50.9420244979195,7.50672404631721,7.32743347660305,-0.873490881051628,1.03676240440168,3275.01429734449,42.5843182143925,508.141451072858,7.28760248136727,1.0000354,0.999037081295812,75,
4347,59.8791262968957,47.2342712350179,37.888074015369,1041.34686154277,19.1036736736932,62.425043078539,93.582788615585,76.0149365450601,64.9978229619787,7.51464070550078,7.21366893564787,-1.03706701442759,0.767397098626253,3134.06222393733,41.2295578524824,523.253808168648,7.1725400528692,1.0000354,0.980305384099821,75,
4348,57.5244256316645,45.1398923738681,35.9861069224533,1365.52811196375,24.0260272268433,54.2515422668181,92.2847322903569,76.3932497987022,74.0353335052593,7.59510619157854,7.14715289313984,-1.1235871551947,0.627140199893477,3084.81732225883,40.3807578599861,495.718235940454,7.16815561821864,1.0000354,0.988179202090821,75,
4349,57.0424929943635,44.8668523969063,35.8674658683509,1287.74694990071,24.6946865454419,55.0183109770907,92.770114415913,77.4421125281405,74.6268821161834,7.60443684906561,7.13137521817632,-1.12902122204966,0.534851196254891,3074.42450630106,39.699646690086,483.629880466057,7.1850427254371,1.0000354,0.985257680329295,75,
4350,59.0665305111099,47.0402591998475,38.1512760567405,0,21.2018517951058,69.216675573139,88.1996464762982,77.715052440396,88.9912688844406,7.08602887050466,7.04002834460834,-1.11370665196304,0.542247144944725,3047.41052634428,39.2126162262003,533.265907238778,7.06462014615248,1.0000354,0.999953349353934,75,
4351,78.7596674635655,68.407905719504,60.7566035608498,0,11.5186425783389,26.8204974723471,28.3779383473371,128.728312568487,125.492320842121,6.88219688587188,6.87363361774966,-1.52592811008165,0.444859949998299,4344.93381918818,33.7527443069415,1068.89958213539,6.79041213252304,0.847902725385223,0.406048666681903,75,
4352,0.0515088555141328,0.0515088555141328,0.0515088555141328,0,0,2.29707254708727,5.15964176188877,0,3.3502220412411,8.43381434438323,8.43390244945886,0.00131081761782648,3.26609711869486,0,0,0.851276994675847,6.65065689857944,7.10476916855822E-05,0,75,
4353,4.49093198525304E-10,4.49093198525304E-10,4.49093198525304E-10,0,0,0.174629417708215,1.82894667395467,0,0.0204482095093167,10.648222105944,10.6483019113,-0.000222293057752232,3.24007956161896,0,0,7.45586090943558E-09,6.65175675084565,0,0,75,
4354,2.38921722925326E-13,2.38921722925326E-13,2.38921722925326E-13,0,0,0.0313164210774132,3.43882064889254,0,0.00013765481936182,12.8202019176937,12.8202816724246,-0.000113725732926451,3.23050823726129,0,0,3.98450727156392E-12,6.65125970630261,0,0,75,
4354.33280948415,2.38921722925326E-13,2.38921722925326E-13,2.38921722925326E-13,0,0,0.0277308199699749,11.0668982892709,0,2.6068145863786E-05,13.5428763530226,13.5429561074753,-2.85237038415431E-05,3.22893132648891,0,0,3.9904796898172E-12,6.65094365337892,0,0,75,
