4320,115.713447421837,93.8333964936292,77.6611849379976,502.768434822925,11.587335047105,89.7257955053439,97.6091412351894,72.4933444761737,43.5036742109657,7.45787861420535,7.39187333355118,3.2385581724812,7.10770300047295,5171.79481717305,71.3416501134508,760.230110441297,7.08874762186613,1.0000354,1,0,
4321,114.895299513747,92.9349814932963,76.7034420868762,497.065774382733,11.5997644053016,89.877326550914,97.652692775231,72.0637998817485,43.5361479336848,7.4564752224867,7.39128685373446,3.0845731127097,7.07038437209802,5160.01073670917,71.6033673658117,764.983336761423,7.08820666716776,1.0000354,1,150,
4322,113.905352223538,92.0800480412334,75.9483014717039,499.021550037226,11.7036237875975,88.3107819689282,97.4879711934932,72.1632342123892,43.546076654781,7.45586431921066,7.3909334736072,2.70336528932094,6.92169306321601,5135.36262664806,71.1631439845639,764.119734907023,7.08859009648012,1.0000354,1,150,
4323,112.221651638582,90.833650166201,75.0251273387889,510.136905240171,11.9109510042375,84.6909416305656,97.0571610206903,72.5336316382499,43.5011013042199,7.45845526628804,7.39113425991814,2.24979753231724,6.6324976746737,5058.29844309711,69.7372836413952,763.72464745165,7.08984990391333,1.0000354,1,150,
4324,110.608703312299,89.6718023156941,74.1967015790729,522.351637209201,12.1130574715779,81.1730925182226,96.5990013181323,73.400173951755,43.3393915992616,7.46181595023708,7.39250765593692,1.77157507232691,6.23022135584995,5010.76817344686,68.266434582844,769.515064953193,7.0928627453491,1.0000354,1,150,
4325,104.889369948662,85.110916514668,70.4920596286727,537.37660580481,12.3486114451519,77.0236149148275,96.019660158851,74.1646520261489,43.1431260727625,7.46995144392942,7.39423520273751,1.0754397458397,5.3037993939057,4782.82085479512,64.489223964926,754.089565370573,7.09864027321486,1.0000354,1,150,
4326,97.793056332879,79.5351163782538,66.040117281357,533.035718922246,12.3756042192608,75.625142368562,95.8886137936535,75.6681846925844,42.7489844282836,7.47753511182943,7.39797237351365,0.557206737521204,4.27036180392852,4504.63815840439,59.531468565095,734.254366298874,7.10531047150913,1.0000354,1,150,
4327,90.6988744691404,73.7860701936212,61.2853018160635,517.458809822376,12.2763990580251,76.4589340246262,96.112459152279,77.8963469820623,42.5020013250588,7.48006112803742,7.40023770479959,0.131714843582905,3.40022049704461,4295.63662175136,55.1455464624104,712.910675386328,7.10927569733217,1.0000354,1,150,
4328,80.7999030649461,64.7623539947282,52.9085133776106,522.142072970307,12.4036900467761,75.1948998327806,95.9519796247676,80.9777381010027,42.7055665939017,7.48150923949674,7.39791935401349,-0.241657898996817,2.57272037882582,4234.46416230147,52.2917070988062,684.767508454794,7.10995684332371,1.0000354,1,150,
4329,70.38718645893,55.5587903778789,44.5986715353629,556.773172452578,12.8497321557985,70.0701521018588,95.0197568376343,84.3707882670835,43.2359234337973,7.48475095666058,7.39233823629243,-0.597949341636402,1.76107857132481,4079.25736524653,48.3491673958677,652.904894921315,7.10962322061387,1.0000354,0.996315229527182,150,
4330,47.7857287378209,33.1555486699456,22.3419373154291,539.714288632911,11.2998587473148,59.1079082798236,92.1028127948441,65.0610319988716,44.3572128494229,7.48939887460114,7.38102287501114,-0.73097368781024,1.10128422100131,3103.59783993361,47.7028682850809,500.162546429934,7.10242481415224,1.0000354,0.816155082065936,150,
4331,45.4038409597674,32.3568126338529,22.7133569146988,660.035648338924,11.8540777944151,50.6108648166083,88.6077106880895,70.1943007606206,46.5163199809929,7.49355845865284,7.35997791154831,-1.13581951838322,0.521867322123202,2986.12703313402,42.5408758371628,495.584424604425,7.09123455562711,1.0000354,0.68240223723276,150,
4332,45.3093547792942,33.1199466751317,24.1103841633593,739.192923758952,12.9023787040654,48.1816951259151,87.3385187395691,74.9594530171426,50.636553929503,7.49240658688529,7.32163840148215,-1.33646218290851,0.195824085550235,2979.22873468314,39.7445367431085,510.222576215516,7.0901026968812,1.0000354,0.669737820107288,150,
4333,65.0084428475863,54.7536926924689,47.1740947517299,1692.08482251105,29.7829430644505,49.8247882876509,91.8486371774628,125.356528641049,55.264363781448,7.65468803226619,7.27978651082443,-1.56034559656754,-0.0136606895341096,4191.47483109993,33.4364302883814,607.190390816599,7.13017144174185,1.0000354,0.949977006605411,150,
4334,51.5627405417869,39.6354380145754,30.8196057118539,816.110739192464,16.5443058414524,81.9270113387583,97.22713732801,79.8831777211258,59.7290440963987,7.48037828301187,7.23881489830671,-1.20775490128065,0.246630712839814,3106.65044020717,38.889920616986,469.995414601514,7.18744620001241,1.0000354,0.979843003173751,150,
4335,49.8035086243714,37.9160740735443,29.1297094055416,1372.16829811572,25.1512027217936,58.1823603140969,93.9677523029331,78.5902418952289,77.0710910731809,7.60111783277631,7.1186855732548,-1.24938479440997,0.191784970375977,3046.15210966787,38.7599279021026,445.495681671249,7.16777520381851,1.0000354,0.974180238690288,150,
4336,51.6210309383878,39.9863812385637,31.3868575473894,0,24.4958069851512,77.7050777207968,92.7095643682243,78.3424149908689,86.8303799920365,7.12332234683517,7.05360170764044,-1.25847936384336,0.16450549398902,2971.97456748878,37.9357027458902,450.254936649913,7.10981863184489,1.0000354,0.988951175912166,150,
4336.78499365413,8.27991540597538,8.27991540597538,8.27991540597538,0,23.1187833013228,29.0836107199535,60.5951515359708,0,43.109832108048,7.36052006713082,7.34550199420734,3.63379432744333,0.154719210858955,0,0,47.8007412903393,6.92920843211652,0.123351363372027,0.739726753243485,150,
