4320,131.084566008838,111.38160381792,96.8185448072409,526.959121527448,11.8713953762907,91.3610866986526,97.7703047666859,77.6012329334421,41.3460606611553,7.44616125721555,7.37030858784582,2.51643215052832,7.09521134689051,4985.34211839835,64.2430787494605,746.977458681627,7.10222636490415,1.0000354,1,0,
4321,132.458499400609,113.060837306574,98.7234348892442,522.078506619958,11.835396110493,94.3710737776214,98.1118051470599,78.310084545106,41.4141123873973,7.4456620601607,7.36953484675765,2.45308025965567,7.11082445992219,4952.9267394944,63.2476234480574,750.676050610879,7.1030158459813,1.0000354,1,37.5,
4322,132.046615170878,112.49889698649,98.0505835458549,522.294930091147,11.8555211107772,93.4130063735039,98.0102517145617,77.6506737770618,41.4354233629071,7.44475554555921,7.36925312580875,2.37716435609895,7.09720372110805,4949.21270855316,63.736893291648,749.797379182027,7.10253145817319,1.0000354,1,37.5,
4323,130.826873444915,111.462215606212,97.1492076384747,522.977235748774,11.8795840015319,92.0599348821395,97.8678109836664,77.6131087979097,41.4857703545134,7.4453887847145,7.36866933224114,2.28305753501348,7.03057093561338,4900.49249999624,63.1400104427748,744.764324389029,7.10217986932506,1.0000354,1,37.5,
4324,130.776130122909,111.338762328476,96.9720122195482,526.737037777671,11.9362709490402,90.194513177337,97.6552237329466,77.7689028776514,41.4762868657669,7.44556225181079,7.36871299238247,2.1774472651047,6.9361778650288,4928.76652739382,63.3770870491501,745.228528473313,7.10211482724644,1.0000354,1,37.5,
4325,129.946078838904,110.786633412032,96.6253041834738,529.129908436129,11.9759307031752,88.7833469615394,97.4943561056865,77.8566709565215,41.4732986983478,7.44693962535723,7.36869067768628,2.07141295415656,6.82661336858868,4863.77622908487,62.470899016489,747.46887968758,7.10283429844299,1.0000354,1,37.5,
4326,129.85581226473,110.717933172175,96.5725442776777,532.569448983499,12.0248303399996,87.5364259636319,97.340499291317,78.2605478383715,41.3766175549928,7.4470848764894,7.36965059588215,1.95444473161744,6.7074699176557,4883.50359692358,62.4005802643918,746.914451878474,7.10323918079043,1.0000354,1,37.5,
4327,129.464910224637,110.624470591584,96.6989282541097,530.915612557901,12.0201094817351,87.3959171682957,97.3367064258301,78.6352149357725,41.3847448129495,7.44845902435673,7.36951377432999,1.82986496725954,6.57389488096628,4830.62063864131,61.4307551977426,744.55310857263,7.10424965635564,1.0000354,1,37.5,
4328,128.645873128333,110.086789791924,96.3692064563177,528.245648229307,12.0042738114652,87.7047426233174,97.3852421657764,79.0420343785232,41.3749108727365,7.44880611310503,7.36956561139797,1.70871417365702,6.44200215790015,4783.0999166051,60.5133705655827,746.851435818171,7.1050573993017,1.0000354,1,37.5,
4329,128.879818669383,110.408257500764,96.7553644630894,534.993780918181,12.0864516075013,85.8777374951264,97.1517039374665,79.4951093598559,41.310854296316,7.44963070014443,7.37018780134002,1.58868146630569,6.29818129678354,4787.83125264468,60.2279975610988,748.552646599396,7.10565803053715,1.0000354,1,37.5,
4330,128.192315835082,110.027201869398,96.6008132860667,528.819601183054,12.0331340977792,86.8087354840566,97.2883850697325,79.8670478436294,41.3177557666454,7.45033527011342,7.37006578312298,1.46297356689131,6.15971483696773,4730.42956536938,59.2288020289797,743.841975706811,7.10677882866624,1.0000354,1,37.5,
4331,127.705566891124,109.609435281446,96.234033656901,525.421419953322,12.0084993185938,87.394306236734,97.3706576110022,80.3070513746954,41.3191369356474,7.45027230713268,7.37000165748924,1.35166968357764,6.02734561562983,4738.42758702121,59.0038795586297,741.646438101935,7.10685610440306,1.0000354,1,37.5,
4332,127.256517941696,109.499086867604,96.3740291171885,528.963506654152,12.0564635667871,86.3667807250155,97.2442403228137,80.7368846017152,41.3177169054002,7.45091651057493,7.36996811253957,1.23081573722372,5.8818006513877,4674.6268214986,57.8995194644814,741.09905122934,7.10717002611064,1.0000354,1,37.5,
4333,126.531090143302,108.803209172548,95.6999928028598,525.631830374126,12.031999529072,86.8669053480273,97.3180554740641,81.1923791134427,41.3301444044647,7.45119448787164,7.36978891776756,1.1128763225761,5.7471182386887,4693.1768111714,57.8031689971057,743.54872955617,7.10752484143979,1.0000354,1,37.5,
4334,126.710218764974,109.448555234576,96.6899343642818,530.106462478651,12.0897059188571,85.4692717713698,97.1459656867535,81.6361959911277,41.2916863283418,7.45286807116426,7.3701458109749,0.984921736186615,5.55839422830176,4594.73245748794,56.283029870565,744.839323610865,7.10917396763527,1.0000354,1,37.5,
4335,125.476594057121,108.218688068683,95.4628445120106,523.494762749245,12.0301062771263,86.784720621897,97.3229979660188,81.8309564860079,41.30616299626,7.45203002268113,7.36994568906251,0.891161098095422,5.45115185980051,4604.6915945843,56.2707781054917,736.395144103689,7.10949323966768,1.0000354,1,37.5,
4336,125.532288311666,108.567199222892,96.0277855485804,531.448632152003,12.1247155992102,84.8471586685633,97.0721999827442,82.2042561200561,41.2563002764716,7.45307697836892,7.37042277054722,0.795518418682505,5.32722424479293,4547.21270831724,55.3160252636581,740.776792474845,7.10926098903917,1.0000354,1,37.5,
4337,124.719406921231,107.943962101754,95.5447202786628,527.693434183202,12.0950485828528,85.3330622423825,97.1475952705929,82.5331239525547,41.2655702307557,7.45343235274717,7.37027785637961,0.711364876747277,5.24178447527538,4514.36999127267,54.6976750070409,736.627903475342,7.10971050897493,1.0000354,1,37.5,
4338,125.077258007738,108.41194570479,96.0941061765247,536.061208955411,12.1945205088233,83.4979664040151,96.9013204926041,83.5143886103806,41.161633182352,7.45462225221852,7.37132592220471,0.562810313506786,5.07802212204039,4538.05321635553,54.3385791582201,747.769668998145,7.1101103912206,1.0000354,1,37.5,
4339,124.475167013203,108.148000890798,96.0800954959765,533.509439283077,12.1773688061554,83.7060966242828,96.9433678622006,83.8066320051135,41.201892377281,7.45546968128953,7.37085524466781,0.457184678208861,4.94135574582382,4461.53208924585,53.2360265828799,742.444003781145,7.1119543556492,1.0000354,1,37.5,
4340,123.4598236206,107.352093127562,95.4463792848819,526.571307997597,12.1131378431594,84.7487639510409,97.0973364772238,84.1271761886864,41.1986180302158,7.45556119095641,7.37084307397302,0.371785672240093,4.84791250733487,4418.40465666087,52.5205392220816,736.849624300499,7.1124526765549,1.0000354,1,37.5,
4341,123.515413465235,107.543209983947,95.7376682803863,538.33280120617,12.2494185023548,82.4444131688821,96.7791592370982,84.9556505370649,41.1249170818026,7.45686537299408,7.37157402135615,0.238388306498116,4.68829879841777,4424.37496094888,52.0786425973937,747.588699760724,7.11220129735228,1.0000354,1,37.5,
4342,122.865390828792,107.144939813889,95.5254760202652,535.943883499837,12.2337965522937,82.5567941746749,96.8095815809162,85.2971895044905,41.1350294357984,7.45790160633897,7.37142109961646,0.165873726840272,4.59446004445921,4372.14488246261,51.2577836135204,741.352061634474,7.11413296807223,1.0000354,1,37.5,
4343,122.062391143255,106.557802184399,95.0978886061143,529.803929528406,12.1775786401564,83.3784465552819,96.9373427459437,85.846029990803,41.1058213583436,7.45809730534805,7.37168304100206,0.0810326218924589,4.50797204948904,4339.85575104572,50.5539481733828,736.91457185041,7.11478638354393,1.0000354,1,37.5,
4344,122.321566425797,106.874035820087,95.4562958071705,540.366182618741,12.3017121834715,81.491492375649,96.664621570344,86.4319943699773,41.0185055668661,7.45852939505353,7.37256015745858,-0.001346473947204,4.40690263152901,4353.39846970378,50.3679048648212,740.595589853587,7.11474852345321,1.0000354,1,37.5,
4345,121.815013321838,106.650268783581,95.4415445596526,542.877826550275,12.3389846980509,80.6935058991094,96.5667635163155,86.9395810604603,41.0434478500837,7.46117887195138,7.37225013568749,-0.0887289338456689,4.30528501898085,4298.80221020824,49.4458583509705,745.169803142686,7.11635114554162,1.0000354,1,37.5,
4346,120.913866726298,106.021257385788,95.0136765688902,540.931063930462,12.3277122510289,80.7541458660275,96.5879335995002,87.528917991585,40.9981988520682,7.46187745083298,7.37268276155056,-0.179442677632225,4.20919779465217,4250.27645203991,48.5585398467799,737.987025149804,7.1179751828501,1.0000354,1,37.5,
4347,120.743161893039,106.043172969287,95.1779637647743,554.785023526715,12.4890157569068,78.3543550981309,96.2232980459926,88.2765325530028,40.9114966024806,7.46453888801342,7.37355584350326,-0.291108805164996,4.058620023115,4231.13707448072,47.9304856241411,745.367837586831,7.11910946747516,1.0000354,1,37.5,
4348,119.867479129927,105.383018583712,94.6771129625962,556.148409843444,12.5140960559507,77.8576745246774,96.1567478221432,89.1007826243768,40.8139359485849,7.46592993644007,7.3745460845799,-0.389837849767284,3.91537710054368,4208.02843247121,47.2277381693833,744.056634623728,7.12205646964913,1.0000354,1,37.5,
4349,119.387633399024,105.208876658904,94.7289260249028,559.022135762214,12.5557769318259,77.0616332595755,96.0480982477778,89.9468092001785,40.7624552862452,7.46862853113894,7.37504793286435,-0.470956359216848,3.8058293360569,4158.32792668548,46.2309665419151,739.368453071476,7.1241063738838,1.0000354,1,37.5,
4350,118.771061750753,104.777287009862,94.4340622013775,559.083932393894,12.5663569310094,76.8237292376908,96.0241775933026,90.7258684445086,40.7348591274913,7.46990531978151,7.37529585530646,-0.525248651847821,3.7337281025248,4139.62341223355,45.627817988488,742.728349064383,7.12598876763169,1.0000354,1,37.5,
4351,118.848953934143,104.982340328187,94.7331041846541,571.585434901354,12.7146588413748,74.8945697365134,95.6926945594832,91.5700748957524,40.6141093213585,7.47178244987955,7.37653950328727,-0.618756568997351,3.61112270790177,4140.17601614269,45.213198972001,742.99549715856,7.12708142795774,1.0000354,1,37.5,
4352,116.199484469707,102.613746858415,92.572114710938,579.185082307849,12.8089660793771,73.5830866149692,95.4827144610401,92.5998157076207,40.703605123411,7.47568269056196,7.375538440347,-0.770845685859096,3.36183686989938,4101.92926162335,44.297380402732,738.48512677553,7.13026019160714,1.0000354,1,37.5,
4353,112.903496106599,99.8551049745777,90.2106419639532,604.948511373639,13.1079551108714,69.8625727621031,94.7546910945144,94.843164330975,40.5846063424495,7.48125371057147,7.37676607162363,-0.877330219941485,3.01942697546419,4035.13271700683,42.5453193751043,745.419299688799,7.13404036431036,1.0000354,1,37.5,
4354,109.298688271888,96.5848520452224,87.1876687472524,604.792764003923,13.1156883526975,69.4214798771197,94.7076505784653,95.7559061507532,40.5471806454146,7.48520187853582,7.37712468190626,-0.965638624377291,2.71319535953748,3969.51095539948,41.4544764387701,732.648021767871,7.13844947493999,1.0000354,1,37.5,
4355,104.75059966177,91.8458530943453,82.3075621532053,609.749960889671,13.1808740180281,68.8473298025799,94.5835597082073,95.9223836882243,40.6858656981452,7.48544596437133,7.37560134501121,-1.00314318509289,2.49315043818092,4036.12180489746,42.0769548223075,717.94816608309,7.13974871308067,1.0000354,1,37.5,
4356,93.3384298875566,80.5339592602501,71.069785318328,616.014500218664,13.2614960902841,67.6263632130326,94.3241170915462,90.5290221404772,40.8460558050354,7.48776508452377,7.37385739004357,-1.04327935186486,2.02603054376926,3779.58641423359,41.7499971265422,691.466479994434,7.14016651629852,1.0000354,1,37.5,
4357,79.7633841281709,66.83350623081,57.2766399588477,625.013948280293,13.3675586405112,65.6381776735787,93.9010718455128,85.6023547827359,41.0696260123159,7.49373444630555,7.37145655888155,-1.02479805180583,1.52096947814966,3608.90090333697,42.1588975267863,659.328986433563,7.13932348529247,1.0000354,0.998854060770528,37.5,
4358,59.6481939973455,46.2996761026835,36.4333802674986,605.840538185771,12.9317366982703,65.6786018431181,93.9235993785026,73.5471796891365,41.5271574391933,7.49360317688159,7.36662018518795,-0.950051591957346,0.999753473424009,3201.0605800601,43.5239066078413,585.268372573267,7.13541055121741,1.0000354,0.969490729737138,37.5,
4359,55.4124506966239,42.4300223990556,32.8343145269399,602.817192192905,12.5370357770122,63.1126926127368,93.218914965923,74.3977744069149,41.8516205843485,7.49380138982063,7.36321230805231,-0.991313368867412,0.717889859375607,3149.27581688788,42.3302422954626,565.542626529215,7.12868076342963,1.0000354,0.921641503237296,37.5,
4360,53.0813293426275,40.380751958661,30.9933686748596,608.59922811003,12.4357955056812,61.6245957635877,92.6965666559228,75.1419390176411,42.570393079304,7.48887586563266,7.35579447137205,-1.06261312447599,0.556455448997938,3111.7212408205,41.4112449252867,551.547413082501,7.1217442454403,1.0000354,0.898304885807551,37.5,
