4320,119.396505295881,97.3168933223484,80.9971801245201,498.978998069039,11.5322161257048,91.0330520979978,97.7607692877993,73.438785983895,43.7566917384051,7.45809548600693,7.39452102555793,3.44076278951655,7.52068806078514,5287.02966850238,71.9923348087728,790.408157331177,7.06277255713457,1.0000354,1,0,
4321,120.104035651301,97.9860754197143,81.6380178572373,500.378545293945,11.5916111832663,89.8583417549368,97.6384692879224,73.7821830941647,43.7657051144288,7.45852789274657,7.3942843965191,3.34960884617946,7.50994966819189,5320.97717180223,72.1173723609033,791.561130906906,7.06308252178135,1.0000354,1,75,
4322,119.234939712364,97.20989809434,80.9305195071047,494.181879953809,11.5518556707103,90.9476884604667,97.780362123115,73.8621452600733,43.7987833236363,7.4580997760538,7.39381463045472,3.15545956831789,7.4582373133788,5304.36592633635,71.8144038148275,786.643244781832,7.06359367886132,1.0000354,1,75,
4323,119.411365429145,97.9662426371511,82.1154997039384,497.272644986617,11.6275644053486,89.1570853466056,97.5869825072035,74.2294523645803,43.7597935303031,7.45933744338852,7.39406413676808,2.91358729518024,7.29550646887119,5190.38550684465,69.9235322571411,791.334622490418,7.06478578368354,1.0000354,1,75,
4324,119.009110737508,97.6164467702793,81.8044777510235,508.155019148668,11.7953180072811,86.4645779893033,97.2591397260159,74.5655322170251,43.7024973882531,7.45974277578128,7.39449898900756,2.67450162906784,7.12068013777518,5201.13124782895,69.7524860774937,791.309951468502,7.06479699678305,1.0000354,1,75,
4325,118.108454547201,97.099709047797,81.5715058525851,505.691294064522,11.7989196815887,85.9464420594149,97.2200968575041,74.7364879868283,43.669965002582,7.46209759688765,7.39469117701775,2.47367083473454,6.95268859509266,5119.50094377773,68.5006893109561,792.592525855613,7.06662815329585,1.0000354,1,75,
4326,117.808463978518,96.9341993976693,81.5053951422594,513.758720883881,11.9240223783194,84.0731295387188,96.9780942768114,75.234370308223,43.5486982606838,7.46249301720807,7.39576902640269,2.25074243011691,6.75833945675994,5120.61702636431,68.0622035565125,789.239998153709,7.06784773217414,1.0000354,1,75,
4327,117.056503744115,96.6407116264921,81.5507783221622,513.194837121536,11.947863829571,83.3380395019916,96.9070773465424,75.8834062239042,43.482100732875,7.46513906692976,7.39630596677588,2.01516829658225,6.54086368377352,5051.35479852241,66.5673175452576,789.705425597208,7.07031211739192,1.0000354,1,75,
4328,116.949874025476,96.7910282574521,81.8910118202174,517.951373936238,12.0281849827131,82.0488658216118,96.7363902439865,76.6417318509312,43.3289435247042,7.46568867746108,7.39771125617601,1.7764960737476,6.31021331246802,5037.62451409883,65.7295234911582,796.678306471275,7.0720848185747,1.0000354,1,75,
4329,116.456986432648,96.8401359713432,82.3407247608137,519.710380025535,12.0756311453995,81.0161833345134,96.6173253994297,77.4049093700966,43.2690288570738,7.46859863673778,7.39818672313317,1.53630321167151,6.06236424343395,4950.99638997482,63.9623045910769,789.493510038909,7.07478177964755,1.0000354,1,75,
4330,115.745814772813,96.4300859612979,82.1532429266995,517.226344563466,12.0773670500943,80.8153133405308,96.6150208568282,78.2005666901786,43.179507371516,7.47004004076463,7.39896078585386,1.29847116243545,5.81816263371614,4925.10871416579,62.980473449489,789.617275528466,7.07711655226515,1.0000354,1,75,
4331,115.329873414635,96.6305572541206,82.8093235702621,520.471163047743,12.141123526131,79.692145044601,96.4724618417346,79.0158708683488,43.0800540487164,7.4722200435711,7.39983743341732,1.06336170502764,5.55662357332467,4817.64591499635,60.9706108665587,787.677513678757,7.07884877071175,1.0000354,1,75,
4332,114.740720933997,96.3703206549708,82.7921987096038,517.224459107873,12.1343064154174,79.6382140005259,96.4939731616144,79.999926729226,43.0025225596664,7.47368727564425,7.40049496054442,0.834632625267157,5.31523107244998,4791.84796457847,59.8981544170326,788.84177835333,7.08162986656169,1.0000354,1,75,
4333,114.368482455086,96.4744020128921,83.2483425556183,522.461787734454,12.2204981033541,78.2767729288815,96.3078251542516,80.4835010477447,42.928780091698,7.47584234910826,7.40111639959147,0.657727939601187,5.11896622131161,4695.81595491524,58.3450756215186,787.845219633688,7.08309435502298,1.0000354,1,75,
4334,113.24189831869,95.7761045007791,82.8666047223231,524.533692439688,12.2722982213722,77.6325644660563,96.2205993649287,81.3070893677119,42.8453478482035,7.47610147749787,7.40183734327481,0.418837458928341,4.86793300048076,4630.32596202582,56.9486129442555,789.054635869226,7.08495325300438,1.0000354,1,75,
4335,111.531351141579,94.5142792546677,81.9364435121677,541.673822748432,12.4932233234363,74.6980408561129,95.7533812107605,82.3314931280331,42.8709630797187,7.48028108294326,7.4014549405619,0.215787107395284,4.61095741927959,4568.20565264455,55.485519320542,785.476498763179,7.0873693601615,1.0000354,1,75,
4336,108.934746294555,92.0925712665564,79.644007115427,558.843316671872,12.716329114194,72.1120143421447,95.2870174860392,83.8119412136763,42.8906860325534,7.48262614947011,7.40113504171226,0.0213183284822889,4.33930830041687,4602.55405431408,54.9152541710016,786.310794171589,7.09043050500094,1.0000354,1,75,
4337,102.242199472825,85.9208156671907,73.8571841586786,608.629332351719,13.3175437872537,64.9537357728906,93.7072681904883,87.0098594072843,42.9460518866996,7.49173795699028,7.40046159217637,-0.251858332436757,3.67300931030398,4630.41873017993,53.217172878138,795.133216076188,7.09612390180981,1.0000354,1,75,
4338,95.2962266319706,80.128822085634,68.9181317687764,615.774076830667,13.4285660407487,63.471656768982,93.3897590707995,91.8919136422535,42.9093840514938,7.49709452458885,7.40073192847038,-0.459834160950055,2.90646005954644,4544.47153959379,49.4545315193453,772.410291972684,7.10305116473075,1.0000354,1,75,
4339,92.2188323271235,77.908825978007,67.3318647634427,615.963917608644,13.4552874048488,63.80638318213,93.4932944234344,97.2703750149087,43.1019959861222,7.49599541926967,7.39870021242484,-0.631923896822104,2.46431310549151,4538.53029154033,46.6589163539742,757.954842075664,7.10456045016244,1.0000354,1,75,
4340,89.197108176638,75.3960991486409,65.1953533453387,620.861567380805,13.5342994783563,63.8329184850728,93.4956618428829,101.231250044605,43.6510252638571,7.49425759592904,7.39312926233495,-0.777593906949406,2.08793763680087,4555.3343794611,44.9992900162142,747.932528501392,7.10331004625692,1.0000354,1,75,
4341,75.2988993761309,61.3539851237756,51.046874589426,643.212140541052,13.8074535160585,60.8388723439786,92.6101276782446,92.5860363543522,44.7723484087128,7.49496559868286,7.38205017882241,-0.887606474136414,1.60104794588571,4209.74860792453,45.4685044709406,710.398484540865,7.09996442129038,1.0000354,0.998305671233974,75,
4342,50.3948544731147,36.6148071587975,26.4295547960413,619.203595227994,12.2916026772341,56.0362268297416,90.9577713372193,72.6886305826909,45.6337557135483,7.49880220367949,7.37368804588264,-0.848061939284328,0.844418406202405,3265.9686940459,44.9309426778996,554.405329802539,7.08819404882754,1.0000354,0.837182787966111,75,
4343,48.303643412053,35.1434105782883,25.4162819620273,653.264708216652,12.2912622727427,53.9738200345811,89.9407905761748,74.1432300651876,47.9883785142664,7.49056837351872,7.35138797345252,-0.987980794247828,0.622277946085588,3181.48512413433,42.9099881585565,537.586013075514,7.07614337607454,1.0000354,0.778674634025957,75,
4344,47.1417363158049,34.362772953924,24.9174522081859,729.667744338198,13.2771516187549,52.2286298576302,89.0846762834554,76.4215455202113,51.5493681113679,7.48751674788471,7.31900446130923,-1.13171736792936,0.429188942686846,3184.24344269769,41.6668286544343,529.124013158229,7.06822970391069,1.0000354,0.777068582996302,75,
4345,55.5876792311223,43.9803357785184,35.4009949657242,1252.05157643066,21.5137405274372,52.6973640917325,91.1464142997822,102.013376945459,55.1503325357046,7.57218265951002,7.28698318396143,-1.31585365510617,0.2160542404029,3860.86646494588,37.8466685502438,591.847951598257,7.08624146548398,1.0000354,0.91125402316191,75,
4346,71.9847633267762,61.5273861671425,53.7980204404566,1653.13111032659,28.5570080314072,66.7420394333537,96.2702139916138,134.650630547398,54.3045091339151,7.66896882769424,7.28905244624181,-1.45513237960206,0.211249402611421,4591.19760210401,34.0971117880348,576.499655657184,7.16423779729237,1.0000354,0.993130175262209,75,
4347,83.4843234386306,73.2194157155949,65.6323100072641,1801.46371542508,31.259500368705,77.3290472916983,97.8992360040463,149.585757238529,50.8117818458286,7.70789683790733,7.31148095388003,-1.45587534954351,0.462523106684197,5006.56795848173,33.4695498482403,583.854333648697,7.23269535186472,1.0000354,0.998892231232127,75,
4348,89.0443945919529,78.7602037548801,71.1588453100871,1828.10300034585,31.8310723390135,78.9425879321822,98.1124125197982,153.270925295244,47.8588587648262,7.71930857781865,7.32955697491333,-1.4176921991251,0.640689807034755,5139.54565059521,33.5324239786181,599.932381928931,7.27850526594947,1.0000354,0.999138954048267,75,
4349,51.7708749369678,38.7591111453903,29.141720516833,690.446669865873,14.2308773315077,77.7398084726647,96.2643332282716,78.3880690931093,51.9587293233288,7.44822948093753,7.28589700231332,-0.935413608958948,0.584958523906718,3325.68383276278,42.4258930120161,507.365859841041,7.20612477976663,1.0000354,0.944864700884258,75,
4350,49.5667937645527,36.854434067763,27.458342117962,1288.17633636377,22.6074187527,59.7087736260658,93.4204761952119,79.0915249647686,69.8721002496281,7.54895067792511,7.14871600333243,-1.04288876178236,0.451421320737544,3278.31698440085,41.4496620954164,473.220698594805,7.14044214029138,1.0000354,0.943342187104073,75,
4351,48.8267792215551,36.431625637094,27.269990379014,1482.83069300776,25.8782420188973,56.1103684085083,93.2237344247244,80.5744308749239,75.2825755471789,7.60564259677488,7.10591917285739,-1.09097136716123,0.333481033050086,3256.44674823207,40.4153862816241,453.31049168879,7.15230665496776,1.0000354,0.958851788953398,75,
4352,49.0452397695521,36.714202479088,27.5999575252667,1500.65300123932,26.2957780280971,59.9345335801577,94.3909414367927,80.9021113870109,75.6296802108054,7.60798070428028,7.09143031853551,-1.07337708082122,0.324400353406245,3252.77698766403,40.2063299943278,445.665584119721,7.16468898085873,1.0000354,0.960663301949272,75,
4353,49.8478687193882,37.4942142281987,28.3632522129716,1074.97219511129,28.3086185764921,61.7756889190919,94.5158592390183,80.8170102159815,75.3950747959145,7.57722254560075,7.07820981982859,-1.063790196591,0.337492877647105,3255.31524733171,40.2800751801133,439.989750375884,7.17331923044589,1.0000354,0.963911744055259,75,
4354,9.70151564711855,9.70151564711855,9.70151564711855,0,23.8134752256925,58.264336489311,88.4995770665463,0,45.5558735754181,7.30710312478913,7.28084958871377,3.97660180280227,0.385247340721687,0,0,63.4628965642509,7.03722914632143,0.222570396906004,0.908174585738157,75,
4355,6.51459897843055E-11,6.51459897843055E-11,6.51459897843055E-11,0,0,1.84259110007128,43.7969166504804,0,0.127199052618825,9.84582495692713,9.83475635383882,-5.32514711220067E-05,0.385893514341678,0,0,1.11254145589734E-09,7.0396788165708,0,0,75,
4356,1.59281148616884E-13,1.59281148616884E-13,1.59281148616884E-13,0,0,0.413547292867169,71.4322851700402,0,0.000853555888580132,12.0191020920926,12.0080764702165,0.0129392404161601,0.384987641377723,0,0,0,7.04012686208878,0,0,75,
4357,1.59281148616884E-13,1.59281148616884E-13,1.59281148616884E-13,0,0,0.0991664832272611,90.3158510096094,0,5.74642534908062E-06,14.1912862752243,14.1802609417772,1.00460614737679,0.384654389337989,0,0,0,7.03959629789381,0,0,75,
4358,0.000291569437128227,0.000291569437128227,0.000291569437128227,0,0,0.0143808001995157,91.6267219855782,0,3.86902009482911E-08,16.3634073539589,16.3523820224535,0.854916046808236,0.384531792763847,0,0,0,7.0387377421232,0,0,75,
4359,0.00654336535257399,0.00654336535257399,0.00654336535257399,0,0,0.00019932481387947,5.48528475725721,0,2.60440355157677E-10,18.535720356817,18.5246950253247,0.204250122652311,0.384486692004666,0,0,0.113552084462518,7.03777525241789,0,0,75,
4360,0.00840420738199851,0.00840420738199851,0.00840420738199851,0,0,4.4486995468123E-05,15.5220235065586,0,1.7532354046016E-12,20.7079840407805,20.6969587092883,0.39148351130767,0.384470100362581,0,0,0.146401779365608,7.03682732545893,0,0,75,
