4320,119.923068581861,97.915993943293,81.6498952973948,503.288480083525,11.6017224100408,91.6251146839375,97.8242650434597,73.8865776065703,43.1610674883685,7.45457357232043,7.38900021664666,3.4252020361725,7.47181063153034,5301.79204045028,71.7558210461602,776.932642047226,7.06633455752873,1.0000354,1,0,
4321,122.62603368185,100.735877266746,84.5561964381914,503.874657343896,11.6294110996355,91.3587049542837,97.8001297164846,74.6783843793318,43.1447013299948,7.45444537338303,7.38909400480742,3.36023948275091,7.47005142739328,5330.13980319031,71.3745998589853,790.180853494384,7.0672655431919,1.0000354,1,37.5,
4322,121.837019423581,100.075701335509,83.9912488356302,501.600870667666,11.6198245787728,91.9916456985105,97.8766672396929,74.1743301841423,43.2228547385207,7.45386295232247,7.38824034031065,3.27746651450026,7.44330091774297,5263.003417756,70.9545122239765,785.26087136765,7.06767224388158,1.0000354,1,37.5,
4323,120.848348836331,98.997328368863,82.8465741102997,499.892779893823,11.6160516756029,92.1623817444239,97.9011592495019,73.7858848058878,43.257195384404,7.45365769479882,7.38782894388347,3.19691238908131,7.40546557416374,5257.02249073547,71.2469939821875,780.025160062532,7.06717090387846,1.0000354,1,37.5,
4324,119.985593509466,98.2943097474693,82.2616217494718,504.299575517171,11.6873074184265,90.1923793641227,97.6805903438369,73.8645830063332,43.2495896446085,7.45412384727468,7.38784080549512,3.08992108187716,7.33708326189027,5224.15829545775,70.7261597213623,777.618155647396,7.06668255047157,1.0000354,1,37.5,
4325,120.037497138192,98.3036586465747,82.2395171527706,509.237928105343,11.7628155490314,88.5875828402277,97.4913382228577,74.1255536441842,43.1853037850717,7.45447839807554,7.38842347555471,2.97634792676324,7.24430581832982,5252.90089593873,70.8649128093341,778.42031429472,7.06685317668731,1.0000354,1,37.5,
4326,120.027365574375,98.5455445431156,82.6676768243589,509.567776040074,11.7815498284288,87.8099434794454,97.4097692322301,74.3927791130968,43.1505358438045,7.45638410337763,7.38871201487669,2.85132877430775,7.12866441235233,5210.7075465349,70.0431897914883,777.284720337173,7.06804360361558,1.0000354,1,37.5,
4327,119.617497409146,98.3951687567249,82.7090997527614,509.574140868177,11.7957470790138,87.4945899472651,97.3774141469744,74.6728378673474,43.1019650243508,7.45673720201243,7.38914052422768,2.72737486538723,7.00620901503816,5167.14339654456,69.197094206112,782.810649742133,7.06894945343701,1.0000354,1,37.5,
4328,119.075292895073,98.0865123088501,82.5730657885987,509.109620308462,11.8038471248545,87.33032329949,97.3641396337767,74.9953686416233,43.074543222997,7.45705147824842,7.3893566956861,2.59971579169922,6.88748356864739,5132.35245925622,68.4355921201206,777.040630883802,7.0700496007121,1.0000354,1,37.5,
4329,118.673785387722,97.9257645078475,82.5902708140274,509.05238688873,11.8163487925655,87.0577338520352,97.3380862413442,75.3470912907202,43.0552640150434,7.45762497915304,7.38949140032283,2.47796423062008,6.76499166615332,5097.27411870299,67.6505759065814,774.870167912893,7.07055326378026,1.0000354,1,37.5,
4330,119.133011023419,98.427153643649,83.1228242759926,510.238283426521,11.843032184478,86.4780524613483,97.2719960031757,75.6995594887994,42.9925370624432,7.45835367541477,7.39006545659699,2.35451423018385,6.6347830093983,5110.71181266404,67.513098453634,778.603983421349,7.07102909755867,1.0000354,1,37.5,
4331,118.809595368712,98.4051504222158,83.3236041574145,507.849744353494,11.8274140750984,86.5445861548271,97.2939719835638,75.9731498408683,42.9902423422924,7.45950279422938,7.39003055396515,2.23212611976111,6.49812005931314,5054.51790873052,66.5303191893136,775.440924627053,7.07215788082647,1.0000354,1,37.5,
4332,118.217467964612,98.0781612343164,83.1925866945326,508.335882783143,11.8452410254427,86.3922844625172,97.2773437067584,76.2645690876097,42.9750834604092,7.45915020523158,7.39012535762052,2.10876284079153,6.37176265656837,5007.97507722577,65.6658149011871,772.280635624169,7.07257133094899,1.0000354,1,37.5,
4333,117.859811333763,97.7614171521366,82.9060823222386,503.551545913222,11.80055932195,87.0228208383217,97.369445749239,76.6078523058262,42.9730221468143,7.45974808819895,7.390087780656,1.99335155875587,6.24535340608442,5020.2976672473,65.5324162751068,779.128063211081,7.07279285398399,1.0000354,1,37.5,
4334,118.137207168575,98.3565228748949,83.7360170926094,510.795114689546,11.8970857348162,85.3643200979844,97.1614154969349,76.8706919156171,42.945543842211,7.46087955868302,7.39030767093396,1.87990237222323,6.10732694936648,4957.8904166905,64.4964978607569,780.915917455348,7.07404754667029,1.0000354,1,37.5,
4335,117.271630843757,97.709317824369,83.2502168969951,504.064999134396,11.8301512093808,86.3249836842537,97.2977998051084,76.9774568480535,42.9373512557573,7.46114160909344,7.39033251433594,1.78483221483037,6.01302129902827,4909.96712717307,63.7844809145215,774.350129195622,7.07479252195852,1.0000354,1,37.5,
4336,116.760562281696,97.1505502697677,82.6561935652987,503.047962556984,11.8295653322297,86.4269405461906,97.3148207416376,77.2863260024963,42.9202869725407,7.4608432428064,7.39044618400237,1.68339481757352,5.91837314310157,4941.68824738262,63.9400072817927,771.517902418475,7.07464495148153,1.0000354,1,37.5,
4337,117.067542357984,97.8012588800964,83.5609623964402,512.680116596021,11.9515126127832,84.2896040736953,97.0427914931502,77.8475434675683,42.8713065537634,7.46281220459371,7.3908834412011,1.54920026147338,5.76567210647074,4890.32452835428,62.8192529979011,776.332729628845,7.07513404857664,1.0000354,1,37.5,
4338,116.643208176582,97.6253887862832,83.5687396717147,508.380845139671,11.9140075629007,84.7933463584437,97.1212024203401,78.0665864759624,42.8461429274331,7.46317384064516,7.39107949054503,1.44891894844799,5.65724402725072,4840.84001926056,62.0091160352081,779.927896552614,7.07678741574596,1.0000354,1,37.5,
4339,115.861327945288,97.0856706356329,83.2080108850186,504.493325213764,11.8801125746913,85.3112473077669,97.1975060431803,78.3888801754984,42.8208895874299,7.46317814897304,7.39127570947148,1.34148496162678,5.55119859426273,4798.93018745066,61.2195272684943,774.265029346001,7.07747197092188,1.0000354,1,37.5,
4340,115.716758521367,97.1552361560809,83.4358500599999,509.25065866376,11.9451865525162,84.3065437297246,97.069020572622,78.9376980117948,42.7905984097674,7.46375946676536,7.39152241829176,1.22951056436762,5.44415045096724,4777.4139351136,60.5213232136534,775.960184786219,7.07748939122019,1.0000354,1,37.5,
4341,115.910319729683,97.3923125414101,83.7050898370345,513.051128437114,11.9972038209219,83.4443153302146,96.9553238489413,79.2118568471476,42.7395795711669,7.4641351308695,7.39197993967472,1.12223822104377,5.33092460903724,4782.76743979702,60.3794385104008,776.293883253393,7.07838403163795,1.0000354,1,37.5,
4342,115.601083149154,97.3773211539403,83.9075840270434,515.391916958632,12.0323664797076,82.7061534000256,96.8654534212601,79.4866197212493,42.7386955254712,7.46573285560282,7.39192837416428,1.01384828304397,5.20960668194665,4723.09721748013,59.4200286041035,784.053061388682,7.07936498050043,1.0000354,1,37.5,
4343,114.774101504666,96.8190796419529,83.5479765260343,514.004488411809,12.0275002925496,82.6622758288488,96.8711881209818,79.8417277870985,42.70291040693,7.46658471186723,7.39223077504998,0.903848481599713,5.09467603356095,4674.23654485257,58.5437799807718,774.881576932848,7.08101104619095,1.0000354,1,37.5,
4344,114.54724826843,96.7403864402163,83.5787929150152,509.606416914574,11.9900873550662,83.1780950747738,96.9542408607735,80.2356296906929,42.6600340607879,7.46691763743239,7.39260527763282,0.825293317427479,5.0213604628726,4658.53621326067,58.0606923784266,773.776240391807,7.08162131256109,1.0000354,1,37.5,
4345,114.871240861351,97.1439621270548,84.0411908886619,520.394993071905,12.1165729972387,81.2749043134151,96.6812322031102,80.5715705224669,42.6059282434684,7.46736109453643,7.39309512069551,0.707977752999139,4.89673161032322,4657.13389371562,57.8012053571304,778.15589689196,7.0817618706681,1.0000354,1,37.5,
4346,114.150425833458,96.7413355898172,83.8737471488654,518.990348458597,12.11133583615,81.086757190218,96.6760527652277,80.9152281798575,42.6182608929604,7.46964411957484,7.39290828007318,0.59926776214817,4.77631752074162,4593.04987565349,56.7637264204966,781.928268176842,7.08346213121185,1.0000354,1,37.5,
4347,113.516330226142,96.3074971852581,83.5879249376486,517.118504571843,12.1009669077727,81.1618759155619,96.6982252132817,81.2389109228878,42.5938239523004,7.47022862705632,7.39309611457155,0.530797877812763,4.70160721863913,4558.37799600473,56.1107718483764,774.822549692709,7.08499066080216,1.0000354,1,37.5,
4348,113.309239266367,96.3116190801689,83.7481606816747,530.235612348178,12.2539956871999,78.9195551636574,96.3648845753554,81.874162828914,42.5446072042508,7.47224008689906,7.39353781706173,0.397716859080747,4.53594903277299,4537.63767127572,55.4220954998669,783.486803445459,7.08582997998088,1.0000354,1,37.5,
4349,112.389603119915,95.7130891604612,83.3869701469521,528.432910868565,12.2444115788299,78.8689808247096,96.3782001038923,82.4319584997903,42.5432352125808,7.474031179075,7.39349220491488,0.311937292781129,4.42272768775786,4482.24623821604,54.3751030521426,782.225390760707,7.08815865920705,1.0000354,1,37.5,
4350,111.44731488487,94.9781631398004,82.8053118499665,540.767043388845,12.3898162089206,77.0343362879937,96.0817139491843,83.1590584629383,42.529654042003,7.47504885950149,7.39357274534237,0.193611053317765,4.26386134520999,4465.55678547349,53.6989820232713,784.094665525738,7.08933971722105,1.0000354,1,37.5,
4351,109.752961651127,93.4636074622056,81.42365001822,550.114255147448,12.5026638964736,75.4527498725924,95.8352202399334,84.2510837388178,42.5817987454428,7.47855252692392,7.39298475472984,0.0773692736578595,4.05509188800552,4474.80571659561,53.1127377597623,777.308978769425,7.09161547826968,1.0000354,1,37.5,
4352,107.298964539246,91.4237307486568,79.6898622947428,572.478368440108,12.7609680322065,72.261683861529,95.2506221628539,85.9939051775259,42.5130725570229,7.48220228245024,7.39363380224522,-0.0339627690876925,3.7722252878034,4451.2565234245,51.7624651914031,774.595673421756,7.09503412588367,1.0000354,1,37.5,
4353,106.201265928667,90.6292415126264,79.1194843355531,574.634340826915,12.7935857305429,71.9246238742931,95.1948714637585,87.9644171670656,42.4698973534402,7.48297150114313,7.394026047637,-0.117626156551809,3.58167511896633,4466.2900868019,50.7738268568226,772.870245638959,7.09803471633655,1.0000354,1,37.5,
4354,105.620578735454,90.274224045293,78.9312662308262,572.442692557262,12.7761773566927,72.2632969215916,95.2730572109787,89.8684341800608,42.5177213129506,7.48308910164761,7.39349193968568,-0.188416169263627,3.47870813588951,4496.83785329575,50.0380127274262,768.536334411776,7.09878267399703,1.0000354,1,37.5,
4355,105.187201748988,90.0520146519156,78.8651372323404,589.067895424668,12.9691164398914,70.3527021989861,94.873635405851,91.6103659666333,42.686346697898,7.48390501981759,7.39173178692887,-0.285851311558099,3.32045034390999,4520.92428565333,49.3494839579612,779.258584563412,7.09847473726744,1.0000354,1,37.5,
4356,103.608294040402,88.8370622372924,77.9191952523855,596.481859987855,13.0575968061401,69.6619102714648,94.7238326479707,93.4311042554427,42.8953754130264,7.48420295873771,7.38957298134379,-0.394106300086326,3.12383947551098,4499.90159898537,48.1627787110655,778.057857700082,7.09912850912021,1.0000354,1,37.5,
4357,100.504647960761,86.0404238405524,75.3494755777891,606.288556924769,13.1728587682496,68.5601489282429,94.4936486995532,95.7812084606702,43.1522974072119,7.4863590189788,7.38694705699637,-0.511376104593883,2.79424310850783,4517.20995305212,47.1617556893426,761.514173905945,7.09995369949232,1.0000354,1,37.5,
4358,99.4179684693139,85.4872469453986,75.1906266885917,608.76191029429,13.2041017444731,68.5416108951163,94.4871274341377,98.4819673794741,43.2800816750931,7.48593456827507,7.38563504423757,-0.590745479562989,2.60072483709177,4473.27037113285,45.4222279485573,766.522476081093,7.10084191707725,1.0000354,1,37.5,
4359,99.5956469515141,85.8815979178827,75.7451268930247,617.480621555678,13.3055901784612,67.9208421414116,94.3202894228032,100.839623414451,43.4871959424382,7.48457068047528,7.38353718296012,-0.670833162612743,2.44879157601359,4509.11939301315,44.7157500229912,773.444464145343,7.10001324280775,1.0000354,1,37.5,
4360,96.8678674858215,83.618600959762,73.8256648318049,610.694018749239,13.2289190728216,69.4790011455966,94.663254125082,101.986138158637,43.9557195631317,7.48181000634147,7.37886106614274,-0.781103614439513,2.18610962252485,4405.83070457415,43.200289609172,756.656118581568,7.09839759973974,1.0000354,1,37.5,
