4320,133.692763022084,113.486004655429,98.5505745583367,528.624666677635,11.8947426881026,91.9397970529223,97.8274431686538,77.5726688869023,41.020575396068,7.44312105481003,7.36815046061478,2.89419804955528,7.69844119573219,5110.93318505305,65.8857463381153,760.568432157022,7.10631809870416,1.0000354,1,0,
4321,134.41913594603,114.687638689114,100.103488542698,521.161967437936,11.888668293701,94.1802258241453,98.0997502513497,78.0374901941765,41.1463955655716,7.44213121256178,7.36658433667208,2.68930256949864,7.70439956441733,5020.62930293757,64.336119606679,768.169883934366,7.10649563279275,1.0000354,1,150,
4322,133.473661684183,113.918296882887,99.4643315949733,523.2664495367,11.9830071258295,90.2500237314644,97.6807060999268,77.6266772612423,41.2121606274415,7.44182667871467,7.36566289116835,2.35989524971681,7.55447223670264,4949.61866485888,63.7618256955865,769.691162431534,7.10633564369215,1.0000354,1,150,
4323,131.962644617305,112.48358327991,98.086016204444,529.739074252977,12.1188454724774,86.6571320316543,97.2687507575662,78.1018848311623,41.2461184726371,7.44389742949148,7.36508372460293,1.93710287377882,7.2458150743355,4960.48752377072,63.5130321693787,763.378267876126,7.10692585034257,1.0000354,1,150,
4324,129.846327956182,111.19672062437,97.4122282486834,547.763732170832,12.3820420910769,82.006066054538,96.6526998640852,79.4485801060808,41.1476119818959,7.44647158573305,7.36590533460764,1.3987488358224,6.74312864032778,4831.15146760076,60.8085312682762,768.134386036045,7.10906302523777,1.0000354,1,150,
4325,127.804024247655,109.777190566747,96.4530091504232,555.36983063759,12.5373744402543,79.4096664901865,96.3082976846914,80.5991880739556,41.0710714327916,7.450520023186,7.36650083767799,0.949254704938649,6.23563767248524,4737.4532846023,58.7779281381264,762.296491406316,7.11262885861132,1.0000354,1,150,
4326,125.435789529311,108.160655694428,95.3920785121235,566.850055120919,12.7399756885946,76.398122451803,95.8655997441615,82.1492284941566,40.9160507129654,7.45506599285255,7.367933025525,0.505664453512566,5.68327974492705,4627.21555756778,56.3269508720574,763.256822233963,7.11709339384339,1.0000354,1,150,
4327,123.186885884026,106.767651364134,94.6316954146483,572.468447567551,12.8808601016709,74.1635210106987,95.5444592671828,84.1503418361327,40.7297262213868,7.46056021500748,7.36970793717981,0.0554489212923537,5.12385081993613,4505.09146031558,53.5362229316718,757.759891586118,7.12198327813955,1.0000354,1,150,
4328,120.557430972359,105.034782349153,93.5615203233051,580.951960714725,13.0582289984695,71.7213655598323,95.1516328350932,86.4846457482481,40.5569482196462,7.46550807352692,7.37134960213711,-0.356653284531649,4.57726644975465,4377.23294516627,50.6128331485353,757.878223874401,7.12723990519164,1.0000354,1,150,
4329,116.644267045212,101.935313552618,91.0634783624399,606.906220472753,13.4471136447717,67.0902480202155,94.2145378389835,89.4589807770082,40.4948482867367,7.47193115535072,7.37181445993491,-0.733706759877961,4.02452489771082,4290.42725047275,47.9597153154178,756.51693492501,7.13353822068103,1.0000354,1,150,
4330,94.7075674032317,80.5450650827383,70.0771285849823,650.349782084186,14.0577596073472,59.6253646050304,92.2288528250119,88.337635811316,40.9220310885827,7.48212204158657,7.36706710854253,-1.20926962403776,2.59169402396835,4079.2524941682,46.1779677110812,728.163290356797,7.14117938501004,1.0000354,1,150,
4331,46.1681613637388,33.2240034888898,23.6565824509579,664.479253876342,13.045158033917,53.5317115972561,90.4312693644388,70.1004537935228,41.153032010346,7.50760467968535,7.36444927528158,-1.30491447094198,0.496211231649863,2958.62179563204,42.2054585316453,489.357948259975,7.1379749629241,1.0000354,0.834433624642075,150,
4332,42.5584150385354,30.7127421433273,21.9572447859996,618.169134116664,10.7916940325816,50.202190619124,88.3468849842906,73.1292346222925,42.4176515312618,7.48210056424428,7.35107403511137,-1.42973552144169,0.0575133412963518,2824.52605786938,38.6237606951292,451.948920562909,7.12380998169604,1.0000354,0.604398195026085,150,
4333,41.3889746407982,30.1011963882251,21.758055940671,609.559887427663,10.3917950911858,50.3682439004635,87.8144143285772,76.9846279656101,46.5227969349865,7.45176455346738,7.30997696141665,-1.4308926746943,-0.156146466462137,2833.39619408202,36.8047007429553,437.831346315866,7.1019280203451,1.0000354,0.554035020083583,150,
4334,45.1435049010926,34.1068726749667,25.9493618991345,954.62170220224,16.3963261126235,53.2168731959315,89.8885924914398,90.8807077607983,53.8715969614874,7.4724384615307,7.24352833707874,-1.41367783044122,-0.19800098254176,3270.41670959971,35.9858191048377,482.596729789873,7.08066510059178,1.0000354,0.706849596758782,150,
4335,70.0927010168357,60.6438038505596,53.6598363798338,1841.25199576978,33.6700491853379,61.0360355499392,95.5469814928467,153.696579918874,58.3065051001354,7.67350631459424,7.20308939334086,-1.70826830860653,-0.200384943106078,4735.21985348306,30.8088823836059,513.999017807363,7.14855531104527,1.0000354,0.997649083877802,150,
4336,46.7286272047539,34.6249703814275,25.6787892511428,1346.36066073738,24.7935284387933,65.197639795774,95.2382536688714,84.0945322062887,69.7982314612945,7.55685216646441,7.11650689853858,-1.17211314867184,0.161728950967343,3318.78548760904,39.4649378566952,411.401356299383,7.16398990916443,1.0000354,0.96070001083209,150,
4337,45.76205675494,33.8038873186012,24.965240343916,1749.06108019004,32.1494966052416,53.1816579599457,93.5137043058823,85.9152284035595,82.9590365552145,7.65661811067885,7.03027259543045,-1.22509856103804,0.0933045737042897,3349.88326616555,38.9905646346016,387.688614868931,7.18525112985032,1.0000354,0.95727271594019,150,
4338,48.6633184259025,37.0060067375364,28.389732880918,411.895705767448,34.0065891862858,64.1539550680597,93.9487526256467,88.3078829103937,86.5147555451475,7.45726955666897,6.99653080256723,-1.26549526107053,0.0350807530372621,3356.54677341423,38.0095939659219,384.781009452755,7.19999629849886,1.0000354,0.968103424080146,150,
4339,49.8878691268234,38.5961560172099,30.2501071970608,0,20.6860942854855,39.7170190976334,52.6317522771607,96.1477354976454,115.747098646817,6.87518283153369,6.85061109571077,-1.36416735776821,-0.029946176484958,3539.92219938022,36.8175306579832,560.210135942185,7.00925299158358,0.988534587298474,0.810313401985427,150,
4340,2.39651087232957E-05,2.39651087232957E-05,2.39651087232957E-05,0,0,2.46953734679943,14.4402931320901,0,1.30669271752992,8.78814354440737,8.78757269939577,-0.000217964735782061,-0.144934336532125,0,0,0.000387566987575331,6.89192532986721,1.17918545363819E-07,0,150,
4341,2.15029550632793E-12,2.15029550632793E-12,2.15029550632793E-12,0,0,0.0652605681562739,0.421674286894788,0,0.00845974239984685,10.9770148263584,10.9764662177768,-1.53299798730799E-05,-0.148363334851993,0,0,3.49863533384703E-11,6.89159305457091,0,0,150,
4342,2.38921722925326E-13,2.38921722925326E-13,2.38921722925326E-13,0,0,0.060392553596147,26.054684019561,0,5.69813693526095E-05,13.1486767625338,13.1481282978802,1.2257161640504,-0.149624792836242,0,0,0,6.89074345145305,0,0,150,
4343,1.59281148616884E-13,1.59281148616884E-13,1.59281148616884E-13,0,0,0.00366601738649819,5.28412385053489,0,3.83626604708913E-07,15.3208519113694,15.3203034476853,0.0402873068084051,-0.150088857294548,0,0,2.62278308769148E-12,6.88946379762561,0,0,150,
4344,1.59281148616884E-13,1.59281148616884E-13,1.59281148616884E-13,0,0,0.00056520022220527,7.00741534342012,0,2.5834783658467E-09,17.4927872746756,17.492238810998,-2.58431833177752E-06,-0.150259577068138,0,0,2.6383424237237E-12,6.88817819302966,0,0,150,
4345,1.59281148616884E-13,1.59281148616884E-13,1.59281148616884E-13,0,0,0.000128623743473802,19.9535890366883,0,1.73997168330856E-11,19.6646401622705,19.6640916985929,-4.91785301814929E-07,-0.150322381363043,0,0,2.65382805442176E-12,6.88691579990277,0,0,150,
4346,1.59281148616884E-13,1.59281148616884E-13,1.59281148616884E-13,0,0,7.70714843475015E-06,3.69291214067272,0,1.17143204170238E-13,21.8368179159493,21.8362694522718,0.283085560889844,-0.150345485771957,0,0,2.66899927427589E-12,6.88558658476312,0,0,150,
4347,1.59281148616884E-13,1.59281148616884E-13,1.59281148616884E-13,0,0,1.72528225829323E-06,10.8867456910196,0,7.89048739700543E-16,24.0085720433305,24.0080235796529,3.5205767598967E-06,-0.150353985408996,0,0,2.68388332494359E-12,6.88440320813878,0,0,150,
4348,1.59281148616884E-13,1.59281148616884E-13,1.59281148616884E-13,0,0,3.80962636132786E-07,27.3977555734619,0,5.31387287903036E-18,26.1804849732114,26.1799365095338,0.0822700482888723,-0.15035711225072,0,0,0,6.88320895053899,0,0,150,
4349,1.59281148616884E-13,1.59281148616884E-13,1.59281148616884E-13,0,0,4.04462435159877E-09,0.108253989907942,0,3.57988701434774E-20,28.3520962451586,28.3515477814811,2.53489723034406E-06,-0.150358262551507,0,0,2.71264468787624E-12,6.88211832355085,0,0,150,
4350,1.59281148616884E-13,1.59281148616884E-13,1.59281148616884E-13,0,0,4.63297238582491E-09,12.8588961746468,0,2.41173813959453E-22,30.5237021723491,30.5231537086716,-7.64922702956028E-09,-0.150358685723517,0,0,2.72658750880605E-12,6.88107491980076,0,0,150,
4351,1.59281148616884E-13,1.59281148616884E-13,1.59281148616884E-13,0,0,9.60888950929177E-10,28.2965296568571,0,1.62464328563401E-24,32.6953740256485,32.694825561971,0.182718086853307,-0.1503588413998,0,0,0,6.88003156327126,0,0,150,
4352,1.59281148616884E-13,1.59281148616884E-13,1.59281148616884E-13,0,0,1.3111217535715E-10,28.6947024023828,0,1.09517823499323E-26,34.8664480476047,34.8658995839272,0.249634958630569,-0.150358898669904,0,0,0,6.87916957608811,0,0,150,
4353,1.59281148616884E-13,1.59281148616884E-13,1.59281148616884E-13,0,0,4.28859098555705E-12,1.51381707043123,0,7.38117485179748E-29,37.0376942599743,37.0371457962968,1.48351287254656E-07,-0.150358919738397,0,0,2.76658036674722E-12,6.87829460419719,0,0,150,
4354,1.59281148616884E-13,1.59281148616884E-13,1.59281148616884E-13,0,0,1.17145221229487E-12,7.18433903242508,0,4.97470521962981E-31,39.2089381346578,39.2083896709803,0.00849328366552404,-0.150358927489063,0,0,2.77936690297427E-12,6.87744603995106,0,0,150,
4355,1.59281148616884E-13,1.59281148616884E-13,1.59281148616884E-13,0,0,3.081974707081E-13,26.3412818532451,0,3.35266140178936E-33,41.3802210387381,41.3796725750606,7.78625154751467E-06,-0.150358930340374,0,0,2.79189422769323E-12,6.87661167838925,0,0,150,
4356,1.59281148616884E-13,1.59281148616884E-13,1.59281148616884E-13,0,0,7.31625354262453E-15,0.649516237089621,0,2.2595096331991E-35,43.5514996239233,43.5509511602458,-4.29478674845996E-12,-0.150358931389312,0,0,2.80416610423366E-12,6.8757943281966,0,0,150,
4357,1.59281148616884E-13,1.59281148616884E-13,1.59281148616884E-13,0,0,5.9652802749651E-15,28.9579596603542,0,1.52226652597872E-37,45.7230742135666,45.7225257498891,0.137361444785937,-0.150358931775195,0,0,0,6.87493588115844,0,0,150,
4358,1.59281148616884E-13,1.59281148616884E-13,1.59281148616884E-13,0,0,4.6627064344869E-16,10.3546233913442,0,1.02601826188081E-39,47.8942730175386,47.8937245538611,0.0088087483542072,-0.150358931917153,0,0,2.82801515899029E-12,6.87418334901896,0,0,150,
4359,1.59281148616884E-13,1.59281148616884E-13,1.59281148616884E-13,0,0,1.0708522677951E-16,28.0914269218794,0,6.91355680288501E-42,50.0657077186961,50.0651592550186,1.6732677421416E-07,-0.150358931969377,0,0,2.8396002885655E-12,6.87339500985349,0,0,150,
4360,1.59281148616884E-13,1.59281148616884E-13,1.59281148616884E-13,0,0,1.09548655336047E-17,17.0558962089952,0,4.65927090134711E-44,52.2370024557424,52.2364539920649,0.000131572775266431,-0.150358931988589,0,0,2.85095645550525E-12,6.87265178462435,0,0,150,
