4320,115.195438308693,92.9911630533707,76.5793074298717,491.277707899986,11.4513347964304,91.3050084445407,97.8042194270279,72.0502876344845,43.9640076651934,7.45954694883902,7.39636105144963,3.3844840158641,7.22383521567874,5216.35503993331,72.3988093759763,769.427249087783,7.09194668103816,1.0000354,1,0,
4321,114.639263753151,92.3615282046079,75.8953758426409,489.213456084532,11.5099013521094,90.4608539150716,97.7316365428257,71.59449506839,44.0052600077181,7.45859416298566,7.39568201610234,3.19853326495177,7.18742728437392,5200.50473920419,72.6383325175554,775.988478335065,7.09156073063004,1.0000354,1,150,
4322,113.199034949759,91.1547592177661,74.8611641115107,494.84289071322,11.6623259904596,87.8658733781393,97.4470132871723,71.6241700830379,44.0045296107134,7.45884235399382,7.39542622951508,2.79694386078821,6.99615299529029,5148.13893735766,71.8771181765756,770.9121292214,7.09211531759739,1.0000354,1,150,
4323,111.368420903485,89.7464323311401,73.7649625167981,500.593856294538,11.8101294192748,85.2524802099264,97.1540162611885,72.0295096720079,43.9622903358893,7.46159646918479,7.39558596365831,2.40090001386328,6.7051858557606,5078.09607898913,70.500217231974,770.208182816751,7.09328382807221,1.0000354,1,150,
4324,108.816555211178,87.7289480947355,72.1424558782347,513.262032809833,12.0258489036184,81.6699768155002,96.6984932282897,72.5468132897289,43.8283520603839,7.46500589633542,7.39665732707013,1.87264857045858,6.24207103128606,4988.16101263633,68.7578238993793,768.588919708126,7.0962524360906,1.0000354,1,150,
4325,106.758112941346,86.1217962033501,70.8688664404833,523.579594389572,12.2085086897923,78.5733837855131,96.2777801905778,73.5350115073056,43.5559974380866,7.46898732237883,7.39911140045796,1.42780341726426,5.78729052174516,4947.90293686289,67.2863556480347,768.133734686359,7.10039644655329,1.0000354,1,150,
4326,102.054458678422,82.5743689744331,68.1760418019199,542.823189666567,12.4963329690532,74.2643156212476,95.6142274457221,74.6485339473173,43.3201953308507,7.47602149343554,7.40121455338049,0.804633141801417,4.99515970165897,4741.40503984591,63.5163852406281,762.278694796121,7.10602624413914,1.0000354,1,150,
4327,93.8101256147567,75.6563333449273,62.2383129715751,550.698486494277,12.6642274727876,71.267752777884,95.1612548177893,76.371932949487,42.9582781344563,7.48532669907077,7.40459791874964,0.315916365848992,4.0015358947082,4520.59880504644,59.1918867371918,737.201540059241,7.11394161166659,1.0000354,1,150,
4328,81.6346211421154,64.4741999604365,51.7904103913694,561.850467923186,12.8718416386041,68.6317080688977,94.6980149025189,79.0472778659291,42.9259073460687,7.49062418380966,7.40467042793371,-0.0994992172246909,2.97549947569116,4422.92610338254,55.9529211225236,704.663083378688,7.11902726221781,1.0000354,1,150,
4329,66.524642329956,51.0173085988441,39.5553662758483,566.670035921787,12.9012520611464,66.5867028921807,94.3068751027581,80.7810628359338,43.3431597987573,7.49376813267982,7.40023955126823,-0.477881589779768,1.86629112675583,4084.52461805662,50.5628977221095,639.977345165669,7.1202020785714,1.0000354,0.987002693849402,150,
4330,44.4584011680712,29.2898659611914,18.078339938715,474.269839475073,9.10259668875564,57.1279698651878,91.1514677332565,60.5149790388904,44.6488747700974,7.47839251177281,7.38714175363857,-0.532393302827211,1.23156338570135,2992.96303332715,49.4582181281712,437.128255714838,7.10475275172208,1.0000354,0.635195592269311,150,
4331,42.4359017993356,28.6657688735432,18.4878445370878,567.7042480472,8.75689294899821,46.587285515794,84.9419806830997,68.9944584493356,48.0525859969211,7.45082340786898,7.35468163511232,-1.0302248648188,0.651376894482225,3097.75569768934,44.8986160238376,436.583365655696,7.0712496570876,0.985407974827157,0.429274321072675,150,
4332,39.8208110749349,27.3048767094665,18.0539687002073,671.570454834622,9.74891963882359,43.2376315243736,81.7601536847632,76.0845778721357,54.615626773336,7.42963132580709,7.29715941779766,-1.37636009544473,0.15276186649958,3104.95088050067,40.8092016455517,419.612821110927,7.04568941424271,0.976647096715416,0.376156886271959,150,
4333,50.2519837751362,40.1092708657708,32.6124830631963,1839.38900822612,30.8327927762396,46.0950984840367,89.6697181409108,127.817349377809,64.4641966050573,7.63183148793002,7.22044883763822,-1.70890382232833,-0.463407724492216,4227.06340015685,33.0711239181019,548.689556624574,7.07269687859348,1.0000354,0.852242632143258,150,
4334,33.9490504568666,22.7146655339473,14.4109897213547,917.885565019316,15.453016350299,76.6750810072411,96.4649863408635,72.5846424518959,70.1204550269354,7.4797509127384,7.17660748557431,-1.37050752594554,-0.3347979376719,2658.81955076934,36.6306075356288,342.692892059629,7.12059207554348,1.0000354,0.647208049863962,150,
4335,32.9894276624809,21.5791393042313,13.1454479090033,0,13.7917133804016,79.782085912938,93.3049665896387,70.2262060795753,93.6710178955373,7.12714028409879,7.04033888501166,-1.34990667582125,-0.290032653127306,2612.70663552718,37.2041547078116,326.884824232012,7.05975626011242,1.0000354,0.607980774187872,150,
4336,44.8233813182981,34.2677681960849,26.4657932796665,0,7.51175662002175,35.6314562058313,43.0754673949527,124.880022707396,145.893258491978,6.84668973074246,6.83219408485713,-1.60428848108355,-0.447935286829235,4298.0479381765,34.4174179744279,511.249167222239,6.86016420220415,0.796414577242817,0.277033934931811,150,
4336.66217643041,54.8293673963244,50.7101652756604,47.6655376212565,0,0,19.9076802253777,13.708288118421,202,161.587543430067,6.76378682292999,6.77153523976284,-0.602333198540244,2.78981269489961,2713.05934503786,13.4309868566231,781.934143070791,6.69013721612755,0.385367048448872,0.0303553369127997,150,
