4320,115.029954069616,93.0620944328551,76.824980788293,502.389670369285,11.5625654498599,90.7279470586869,97.7158494638478,72.0283614516197,43.2640820772335,7.45597032777109,7.38928867704583,3.29926311390925,7.04659152432787,5159.24440614778,71.6279574069329,745.594068308978,7.09163284546187,1.0000354,1,0,
4321,114.52886224903,92.4429667632596,76.118609230299,498.448204391825,11.5549036578822,91.3843069374666,97.8021423718116,71.5081514555051,43.3030020954464,7.45472637243856,7.38877379327356,3.24704130380982,7.0335194452352,5149.50383246184,72.0128227012839,746.986041946463,7.09125768120163,1.0000354,1,75,
4322,113.897023861746,91.7083311186018,75.3079930041037,498.595394916924,11.5956591307231,90.6320165626658,97.7270377089388,71.5162717180273,43.335341786494,7.45449997781237,7.3883300109737,3.09629436258384,6.98780375485458,5174.05932301284,72.3480013529369,745.5187206368,7.09107444658738,1.0000354,1,75,
4323,114.005146895875,91.9950257039256,75.7266752577019,502.752671743179,11.6840180025259,88.8635863055214,97.5275508933664,71.783754060355,43.3038683647269,7.45475806286004,7.38853000738817,2.93121633415913,6.90572108794883,5151.61527646108,71.7657545763023,751.386876177207,7.09128882228787,1.0000354,1,75,
4324,113.314635360392,91.5576558561385,75.476410135603,501.971441170112,11.7091063567827,88.4405336356977,97.4898488451631,72.0005149276674,43.3015976507872,7.45491961191725,7.3884407507326,2.72592922088564,6.79259677704221,5107.74287580104,70.9403659256095,748.056340940038,7.09210349178382,1.0000354,1,75,
4325,112.282696723437,90.786178524865,74.8974476824424,509.30697318363,11.830471735538,86.177546721648,97.2188537632865,72.1168338441764,43.2720601785829,7.45652922155509,7.3886277219101,2.43286853122068,6.58760514765113,5054.74901149547,70.0911110770242,752.513196772458,7.0925178390515,1.0000354,1,75,
4326,110.176062125104,89.1309018334223,73.5757833569619,516.869981451212,11.9481793327378,83.8525751711767,96.9291100552895,72.3054075762733,43.1912049009204,7.45951764315157,7.38933209804867,2.12221603271496,6.28149710997901,4961.5553219089,68.6194226438053,744.372126552303,7.09461115134165,1.0000354,1,75,
4327,108.181314984417,87.5075542065483,72.2269484142102,523.506603348054,12.0491184475115,81.8119768829464,96.6615393184246,72.8370122105662,43.0267253457827,7.46235588692601,7.39088111342786,1.8470514213114,5.9430543469302,4909.8297260764,67.4084449247102,743.800650637895,7.09722709971929,1.0000354,1,75,
4328,104.809923584787,84.8248890002895,70.0533416987043,525.462210257591,12.0999823396152,80.495958739955,96.499607917798,73.0368482481919,42.8701314045133,7.46576515678185,7.39235614207044,1.5094615327978,5.41091190602083,4759.28540887494,65.1627982727577,731.44041478697,7.10045310405097,1.0000354,1,75,
4329,102.427902388979,82.8829853127194,68.4367422563539,522.702445523973,12.1009441009897,79.9042483468947,96.4522053250844,74.040559751835,42.6608673415736,7.46927815232157,7.39437029498173,1.27755888293216,4.9914843725818,4718.43902622623,63.727760055316,727.628973545546,7.10352487948923,1.0000354,1,75,
4330,101.150698873882,82.1177114655467,68.0498512072121,516.697166038592,12.066573677906,80.0523069114225,96.5097448253507,75.2347305743821,42.4748627010114,7.47102704612615,7.39615660448053,1.05843177586833,4.67371940178244,4668.95998691357,62.0585725670609,726.711684761061,7.10596931542553,1.0000354,1,75,
4331,98.1273901100636,79.7392536575888,66.1480223666291,512.080206650023,12.0466457415336,80.163016700482,96.5544025033745,75.6903884407241,42.4052478503217,7.47200992936325,7.39675689484893,0.768048472468123,4.22306745708925,4538.09176556055,59.9559846243158,712.337433674891,7.10722230130329,1.0000354,1,75,
4332,96.5997165805572,78.4915368553659,65.1072301019637,511.573739564183,12.0715504998861,79.5228749877923,96.4907248380621,77.4683606255948,42.2514928056486,7.47433379743166,7.39822018480255,0.604965316720154,3.95491544039579,4573.97707471741,59.0431633996165,709.867795099212,7.10851324171044,1.0000354,1,75,
4333,95.0430018448703,77.7362556675183,64.9443128407799,513.93210438192,12.1277682509097,78.828991018848,96.398734761651,78.5288258739263,42.2005549066234,7.47439437806118,7.39863006482225,0.355446912949491,3.62250851792601,4431.38364140725,56.4300254345022,712.35490071435,7.1098172077052,1.0000354,1,75,
4334,91.049822060623,74.2122584082874,61.7671026652567,525.398200614429,12.2853749746089,76.7211272392347,96.0875986166588,79.8569410180204,42.2929302739527,7.47731195351093,7.39756694525121,0.163608928313391,3.28503535846721,4384.1635036897,54.9002184130791,701.490494353795,7.11115475086073,1.0000354,1,75,
4335,84.5660316317303,68.045643383626,55.8349216350271,541.22331369121,12.4932105249156,73.8832873941013,95.6329266683045,80.672251105857,42.3411593245926,7.4821882792088,7.39696273831043,-0.0427817542313425,2.8143720521193,4345.4949248292,53.8660427254857,693.33278859301,7.11384969525177,1.0000354,1,75,
4336,77.2925609680654,61.2198430344987,49.3400080401234,556.649985229293,12.6931300082951,71.5642483292384,95.2106531101824,81.957154205465,42.5081791077782,7.48440863293038,7.39515379077463,-0.209801348760198,2.34799008307281,4295.07760154444,52.40637798107,667.086224756775,7.11524377759846,1.0000354,0.999392768045643,75,
4337,68.0278715041983,52.6545783973365,41.2917095792212,560.093600631717,12.6882769045701,70.4381699964677,95.0094489378434,81.2982760322578,42.8863033264521,7.48604450518476,7.39122292881991,-0.374919243976049,1.81709341350883,4075.14499310033,50.1258475823446,631.391053911477,7.11476628184711,1.0000354,0.990203463226994,75,
4338,46.6207635955825,30.9991068688585,19.4526649404104,488.862340390619,10.0401006552459,65.7406780965766,93.8123937328087,59.6999389434036,43.9765041451968,7.47980002301202,7.38025234345954,-0.217839551845273,1.37584084128653,3040.85561067385,50.9356569620051,444.976133196298,7.10227301137037,1.0000354,0.755262137446604,75,
4339,44.905297604288,29.6182913401602,18.319199753631,462.034424031685,7.85961534040074,55.5894389415705,89.4185943084865,61.8367893270592,45.6985297949603,7.43686508904823,7.36351268376823,-0.332089807075462,1.18571950200998,3082.22399733989,49.8445024536734,429.529547727317,7.06858762480537,0.997020115787256,0.508901266680179,75,
4340,44.4266849146344,29.9543365674971,19.2573834413521,593.618912381704,8.79248688657585,46.8031281058615,84.3514436572794,67.4226353445831,48.5169445669466,7.43952477610951,7.3373806294698,-0.631168759524641,0.903034132685488,3181.55586072725,47.1882453788253,439.184959239185,7.04242684031766,0.989674075263708,0.423726824649669,75,
4341,42.8715364618495,29.2243849620254,19.1373599404162,637.467441175617,9.31556985857935,46.7850767012549,84.129231219858,71.2378146560073,51.6288131733067,7.43097586165413,7.30978023500612,-0.861862296245366,0.604853076719797,3169.91358244312,44.4976252816005,431.105067674255,7.02747834007418,0.989175430275858,0.417388573089931,75,
4342,41.42651003858,28.2050404328197,18.432649854649,698.841430168204,10.1067681672643,48.5607420210201,85.1876289082305,73.1003573438837,55.9786620350457,7.422383405918,7.2731886857832,-1.02123719298099,0.398119650798249,3151.33122456854,43.10965553484,419.145744559341,7.01420593619291,0.989175430275858,0.417398510231732,75,
4343,44.0252808424347,31.6257130691123,22.4608151497002,1108.88242822783,16.5201167289524,49.4184446179829,87.3057829271037,87.2720419057278,60.8855147175441,7.47605746173468,7.23398538592038,-1.23249589341038,0.157872577788098,3528.38937552827,40.4297790962617,473.275161144534,7.01093948202596,1.0000354,0.561899436605321,75,
4344,50.6645749738361,39.7403901502784,31.6659926719967,1901.48867453925,31.7976891035251,46.6123058332498,90.6342047081078,123.891461052595,59.9895756572584,7.67954706832884,7.2359266681424,-1.58471493943513,-0.223926588350453,4412.91168000633,35.6191753855653,533.842379277559,7.11022273930738,1.0000354,0.924800262676208,75,
4345,56.6849694475981,46.8297201570162,39.5454054639774,1958.30459132337,33.3769567542489,53.0142071399429,94.0247626258565,145.089634493229,52.716599288666,7.73598189203816,7.28575567583578,-1.73155869489239,-0.462423261086166,4662.28505111515,32.1338258752917,546.997291791737,7.22810713624804,1.0000354,0.953239512778305,75,
4345.51233234903,36.6173674729995,24.8249191537469,16.1087617003862,647.912047050166,11.4410860970764,78.5727104418721,96.2837220462172,NaN,55.3920754890498,7.43655240699424,7.26092187752443,-1.28749482744854,-0.189237891689605,2890.23668087491,38.4502177226877,369.550518074636,7.20305151909741,1.0000354,0.657047371752392,75,
