4320,115.861951428493,94.0746560511149,77.971002946096,503.712193209559,11.6022470763161,90.7447642638433,97.7210513080916,72.3018851688634,43.0373897511773,7.45445038393217,7.38733034964287,3.27116688136067,7.23985754283268,5136.26903862867,71.0392132464146,745.832245999274,7.09850782899285,1.0000354,1,0,
4321,114.774667070371,92.9438797955989,76.8080805055502,499.064053243737,11.6281119031473,90.6147476825049,97.7312039505554,71.8980190701381,43.0906625444095,7.45332119636629,7.38654670336663,3.12744087623915,7.2074022088303,5117.77448039536,71.1810220446109,748.914331340295,7.09773747510813,1.0000354,1,150,
4322,113.861249291268,92.2196054043836,76.2236077488604,495.982978853341,11.6690986734439,90.2451042770021,97.7121492893641,72.1010226705485,43.1222812746232,7.45230268463114,7.38598924925597,2.83018372323579,7.11002488045594,5087.75855105811,70.5643049517568,750.11921919283,7.09799130915555,1.0000354,1,150,
4323,112.342798615456,90.9909842436911,75.2092084036907,510.741890655637,11.9207907786439,85.5087605432475,97.1520850693524,72.2733716454378,43.1252952740247,7.45428847985503,7.38572660885032,2.27349098518527,6.77437861532036,5031.62101610964,69.6192927153587,751.667071272974,7.09872281687015,1.0000354,1,150,
4324,109.699071443739,88.8939932799961,73.5163268111424,527.193157408911,12.1684162087522,80.9636110362859,96.5533370223855,72.873885606282,42.9913744077094,7.45885446825612,7.38684840123179,1.75945253713198,6.28452092387908,4943.51777452916,67.8366157286803,752.398965590525,7.10167991382498,1.0000354,1,150,
4325,106.363864720008,86.4482540856618,71.7280201385367,539.33728066742,12.3735102677028,77.4739346071869,96.0617465853172,74.0476744060161,42.7043959119299,7.46439186788448,7.3895285449195,1.23051040500479,5.62998803969669,4808.39206627529,64.9364359494945,742.120932211536,7.10669714337251,1.0000354,1,150,
4326,100.920805220593,82.0913081934785,68.1738538690898,549.843449360041,12.5664838752402,74.2286151709676,95.5850662925143,75.4985835343223,42.4490546013305,7.47218751772472,7.39190250248872,0.655395725811823,4.72382471596874,4635.24127087474,61.3950759588426,733.800030881817,7.11285346622128,1.0000354,1,150,
4327,93.2675793363433,75.8286679148602,62.9390377337641,535.403227578871,12.4815166098095,74.3235258868524,95.7209338062493,77.1306744566387,42.1183567850983,7.47843182939079,7.39506476428293,0.174339991939382,3.76329974436661,4385.72425273816,56.8609607479023,709.175883284221,7.1193866798518,1.0000354,1,150,
4328,84.285443477612,67.8047031511864,55.6232863881761,550.375940734524,12.7311019839132,71.3471372648309,95.2230922248261,80.3272533199635,42.1103058853205,7.48228970635718,7.39491764504361,-0.209892513413945,2.9337870897755,4316.52693689474,53.7367675165107,683.035627426037,7.12306706990815,1.0000354,1,150,
4329,70.0292491313284,54.723801323948,43.4110790315364,574.133478603636,13.0454994627626,67.3264818178996,94.415375566724,83.5289988676525,42.5289258313531,7.48605276180879,7.39041110083076,-0.600741900184071,1.91191262062725,4168.48399788343,49.9046325754267,643.260121045298,7.12426111650105,1.0000354,0.99479409602729,150,
4330,44.3831970377275,29.4170176234528,18.3550589259453,502.149637554847,10.1558714606784,58.6839391238474,91.853259819913,61.4775042435599,43.7504846104854,7.48252860177413,7.37792573671851,-0.677602703483007,1.18579374863698,3000.00513020719,48.798420936573,433.540584694967,7.114624876182,1.0000354,0.727595426804449,150,
4331,41.6373633211248,27.9277030051848,17.7944758151421,539.311940247281,8.4669856579926,48.4175145772908,86.0156076447544,69.6617314288822,46.266301402621,7.4430107939086,7.35329808176222,-1.05777377106182,0.639630865080865,3113.97972581595,44.7014402591331,419.461569710714,7.08071988576549,0.983693586086721,0.439090406765924,150,
4332,40.130548525529,27.9296702126649,18.911629720548,649.741123531598,9.47521469145036,42.8345096866791,81.5028778494526,76.894680389952,51.6438416731755,7.43049589595544,7.30420112230636,-1.4504284532534,0.0951970939905733,3059.01927499592,39.7819362728718,423.732471067219,7.05603574743717,0.974635635754459,0.376730175093524,150,
4333,47.0629071039547,36.5652035212578,28.8060313079602,1378.34365962367,21.6992844680763,46.2429882366205,86.9623345823535,110.840228374208,60.6755855269943,7.51686193311325,7.23069444195352,-1.62965285091655,-0.34673330175199,3793.9057638796,34.228599304857,535.655063264529,7.04797536869298,1.0000354,0.657423516545996,150,
4334,33.6126406699839,22.3219247162622,13.976612924381,779.109853038312,14.4585521470478,80.9962685804221,97.2886739519113,72.6990243297577,63.9741480196083,7.50741279079966,7.20116991251818,-1.36327218665532,-0.351251864231825,2676.3621902728,36.8142793517146,329.110633863807,7.14091596981129,1.0000354,0.772142229056807,150,
4335,32.235169669247,20.9349347462916,12.582587194542,902.617961011349,16.2001085930424,61.7090594382598,93.1304363413754,71.9709599671292,86.5796382005748,7.47095072933009,7.06112517911825,-1.38868929084231,-0.33540434291101,2651.79281388709,36.8453167096594,310.401059256989,7.09877384242282,0.995289047908964,0.469368223594125,150,
4336,35.6866430946182,24.6391758459136,16.473656575132,0,6.52590229477441,54.2040335984847,73.7362021592226,74.7997418950742,119.082105065119,6.94915643246543,6.90993713773401,-1.41669523418144,-0.359159659677063,2694.37254022372,36.0211475596168,372.075607601758,6.96263583405902,0.982081596522806,0.4010966182827,150,
4336.95040800619,66.8280983807139,59.3521807125064,53.8265024360052,0,0,21.1693290142677,15.7809084599488,196.452602651244,150.872504175286,6.77043064687567,6.78700315180958,-1.97637094223265,-0.401470952766257,4788.69435411067,24.3758254636712,905.784582870688,6.74426124344613,0.490055865012575,0.0523842406427953,150,
