4320,115.661418267151,93.2395853080959,76.6669261644463,488.365370768941,11.4049582466158,91.0055435184318,97.7734557592871,71.975667563148,44.3191984062586,7.46184301813161,7.40022193437339,3.42107809004788,7.12727073716163,5262.00959994219,73.1081736105547,777.335037911143,7.08841657080383,1.0000354,1,0,
4321,115.10435635452,92.5566730294852,75.8909940501115,490.90212648137,11.4805492844459,89.7694349781533,97.6390866134407,71.5535695948172,44.3466129625825,7.46126033116359,7.39981684541032,3.35440415951867,7.11256369956978,5260.51244862891,73.5185187603825,778.857151089007,7.08788009505738,1.0000354,1,75,
4322,114.319002971207,91.9042745137062,75.3368665233798,486.627464135516,11.4647748461041,90.0281536230193,97.6870652749026,71.6469166393736,44.3699124039614,7.46156806842345,7.39945805831127,3.21589351121073,7.05852772067335,5236.31553429476,73.085008816934,776.040173270959,7.08823788940634,1.0000354,1,75,
4323,113.988777256834,91.5758422922016,75.0097599270382,488.086779574234,11.5215608107285,89.1497396330182,97.5942711885573,71.774000576567,44.35446291469,7.46134127499507,7.39948288611763,2.99713363113598,6.96878801325546,5245.18374306571,73.0791609904796,776.709139018429,7.0883809218299,1.0000354,1,75,
4324,113.259207121085,91.2416697306084,74.9678377463432,490.61378645586,11.5904097219413,87.8313893163666,97.4516586436887,71.9648202583592,44.3364972494545,7.46254635850917,7.39953640120583,2.76208658373033,6.81226140873113,5166.34981776791,71.789935682745,774.798385473322,7.08897438001361,1.0000354,1,75,
4325,111.540415329426,89.6203992489215,73.4186482328962,496.893736873065,11.7046586770469,85.8382698260296,97.2202127574108,72.1437213824261,44.3040184485047,7.4647877246302,7.39973459275964,2.47696077674062,6.54543935065872,5156.25314567606,71.4719596781447,766.717697638572,7.09014963178289,1.0000354,1,75,
4326,110.913045261165,89.3327369982525,73.382074369143,504.175075988134,11.8270113236226,83.9434281704829,96.9854577292211,72.8204707799082,44.1682167424326,7.46652813380286,7.40094875673129,2.31083165798671,6.36753557723534,5123.96256339198,70.3643152607265,772.656489575107,7.09161988820969,1.0000354,1,75,
4327,110.353893971161,88.8865736427501,73.0194238347944,500.312028918279,11.8135959443679,83.9885492692053,97.0116352660089,73.4846464747976,44.0343038164458,7.46693890904218,7.40214965968613,2.10711754689688,6.18413281404171,5143.62463445448,69.9959090939976,764.222357426822,7.09358108187072,1.0000354,1,75,
4328,108.08615093348,87.3615075242189,72.0432928304176,514.12150097009,12.0024131622737,80.9705138435316,96.6057546402204,73.7100073892209,43.9302604967376,7.47046386235315,7.4030594960766,1.74482128211163,5.7708999259111,4980.90597051632,67.5743518002239,769.531571628358,7.09555040170659,1.0000354,1,75,
4329,105.949971151646,85.6844627774393,70.7056087617211,514.400050553607,12.0354532350344,79.9360059764499,96.4886192990572,74.3324499764709,43.7157310615998,7.47393275293897,7.40506515141491,1.45218750167034,5.35938737244664,4911.68799976503,66.0773054207116,754.601695154001,7.0990542589041,1.0000354,1,75,
4330,103.336395610256,83.6859108917448,69.1616395780623,510.332167191896,12.0217633508306,79.559031514516,96.4759266168079,75.1996864726025,43.4949718293912,7.47741463899214,7.40713975481608,1.19627057052022,4.9268226458315,4818.19218861185,64.0719717676917,750.089326004661,7.10227856733519,1.0000354,1,75,
4331,100.74356084098,81.7186430240055,67.6567472462419,516.04201481564,12.1142952673607,78.1018140243992,96.2732608331074,76.1144415528703,43.3482146993204,7.47943063066089,7.40848078907643,0.948042688791499,4.51021541451869,4721.5509058906,62.032261021201,747.45849381582,7.1044123241023,1.0000354,1,75,
4332,98.872720478357,80.3847187193277,66.7196739409148,509.644312406729,12.0749689457462,78.3066009224036,96.3441313616179,77.3958232389733,43.1517363068532,7.4813198539421,7.41032424759382,0.742842463548956,4.16233717991303,4665.54432259419,60.2816034166146,739.874592192583,7.10695889900429,1.0000354,1,75,
4333,95.8417092983977,77.9608036827396,64.7444821407314,520.123344873164,12.2212015768376,76.3656984824005,96.0534540212857,78.6368684925975,43.1438960314123,7.48361941668652,7.41027253388546,0.524386602785664,3.81818253429653,4584.69598989304,58.3021180494315,736.308780294313,7.10861628268272,1.0000354,1,75,
4334,91.2881791921951,73.6708547854345,60.6493541369593,528.315520078469,12.3426603398142,74.7046203004093,95.8057402304057,80.1783703891497,43.1585414536097,7.48706210449951,7.40999566090392,0.32583521228722,3.4309057304932,4605.66131567764,57.4426905077247,720.607197931679,7.11099317272992,1.0000354,1,75,
4335,86.8234009785908,69.7845178270636,57.1905607150652,545.393183297695,12.5637014907681,72.2104140980166,95.3613207025647,82.2933989965209,43.2268889377108,7.48913103961207,7.4091871391332,0.139330372655525,3.02734929415354,4571.94446982096,55.5566366874001,710.587738160654,7.11302717595455,1.0000354,1,75,
4336,82.5872713070651,66.1977714682188,54.0837933264629,566.369242052342,12.829760573075,69.3690113858577,94.7994949537741,84.8193128698995,43.4611748346168,7.49183964370016,7.40673184478147,-0.0504422344012565,2.63463730580158,4532.68221544156,53.4392706339656,703.164595939977,7.11461627777682,1.0000354,0.999992016900673,75,
4337,78.928528383167,63.3070689241072,51.7607728021935,575.881311317025,12.9570135516379,68.1734160005342,94.554659324868,87.1988956782962,43.824149806401,7.49294514256108,7.40302740957677,-0.263810951780711,2.23141749520579,4441.47695080023,50.935013755062,701.824503086375,7.11577586330931,1.0000354,0.999097027043607,75,
4338,76.8543944247882,61.8723108885906,50.7985969705315,582.603152975659,13.0491195257681,67.5125859872964,94.4228550290121,89.8056966001434,44.3407583872442,7.49364168951789,7.39786088765772,-0.469936215738699,1.90397170669653,4387.0332084236,48.8502775938224,685.831698543027,7.11636941559489,1.0000354,0.998072050999947,75,
4339,52.2360953183743,37.0609298365791,25.8445031761218,559.232293837693,12.4080134913254,66.5038121068448,94.2646219104262,61.5790214084373,45.8311922371157,7.49921074715381,7.38344314500742,-0.3829932873656,1.35451649073925,3046.9199214668,49.4798366680332,536.766301527147,7.11163394702448,1.0000354,0.948401096636257,75,
4340,48.5216320028061,33.5962921022663,22.5645191323021,542.522107659483,10.6351170896703,57.8715167595405,91.2739976964767,61.4774243294021,47.3158531661027,7.4796054572853,7.36933400881334,-0.404883330476094,1.17245722268692,2991.81486658366,48.6652604467166,500.4557235626,7.09430383872861,1.0000354,0.744223338033148,75,
4341,46.4929979944176,31.9304823591889,21.1668838461938,633.552993534104,11.096103319165,52.2899659226822,88.6531030004767,63.1257654940031,51.099110064432,7.47248316520864,7.33489605800717,-0.588659193375368,0.984729380627241,2997.35293730876,47.4822430088948,479.962573776598,7.07566748643221,1.0000354,0.657064321132742,75,
4342,46.8210981424345,32.7956907507732,22.4290852873713,841.132316445509,13.8046294951324,50.385823531864,87.7903247732797,71.0237435230577,55.8293400794893,7.47710349221377,7.29414764656158,-0.819509841454627,0.779139689801047,3247.98388658546,45.7309587677677,497.717959081812,7.0632447047653,1.0000354,0.659870105581045,75,
4343,55.9372626194488,43.5623485450293,34.4156729248061,1735.43759296643,28.9463688545858,46.323727677065,89.8875713345095,102.519587283733,58.0245339386306,7.65503345867647,7.27314136172513,-1.23806101172139,0.377310722642601,4136.60319397228,40.3493937458392,583.48427496295,7.1218030014314,1.0000354,0.916732148972386,75,
4344,64.2293034420823,53.5938167354536,45.7328048218585,2064.37723598372,35.2914187115348,47.6587537389291,92.5295648369633,136.501069246436,51.9462597792891,7.7581084947678,7.31455302189543,-1.56946923690151,-0.0162009238485066,4733.56389943977,34.6778521631497,601.874362259226,7.24664541460663,1.0000354,0.963314878674133,75,
4345,39.751498739916,27.7513311695318,18.8816420957696,719.077323872732,13.1414634126652,72.0345316408787,95.1715294370653,71.4780687196857,57.2379356067774,7.45152344174662,7.26470206651242,-1.19583970927768,-0.0183206111805347,2796.7583409968,39.1275028983338,421.435795314705,7.21719833925687,1.0000354,0.759737437647103,75,
4346,37.9857674848559,25.9623281535715,17.075438213057,758.059935950787,21.7998978004623,59.2457903334083,93.0542670848239,70.1191621043771,78.8180419161056,7.53805507326391,7.11619291219841,-1.20562864769792,-0.0473092444804131,2748.9083206192,39.2033823297442,393.583028896837,7.15743729999787,1.0000354,0.757715465386185,75,
4347,37.9177888795472,25.9836466508895,17.1627589166643,0,11.2647540355058,56.9830036311036,78.3914824472509,70.1221459352119,102.167061557091,7.02660052599429,6.99125889298594,-1.20211370200027,-0.0627077145850707,2728.60851036058,38.9122220087449,397.152053827983,6.99652044549748,0.999025701272839,0.722782956299563,75,
4347.48226180091,11.7718629242383,11.7718629242383,11.7718629242383,0,11.7142685827071,29.1480692035852,48.6949348377838,0,67.4846308344012,7.18133973430154,7.16453269030671,3.77755113137531,-0.0462184557320069,0,0,100.151046156995,6.89660908698537,0.194271047830985,0.292856714567677,75,
