4320,123.153586964912,101.472676147918,85.4476551092711,504.890506583382,11.628308292353,91.9828139125667,97.8651678569854,74.5972554960033,43.1674762500107,7.45385559091156,7.38738610675148,3.19816656186288,7.20988110763644,5273.4543924844,70.6923379073502,778.346738889867,7.06884557027631,1.0000354,1,0,
4321,124.142991899605,102.826899038939,87.0715260549691,500.439054464091,11.6558930378911,92.089398442429,97.902260865263,74.9678160186804,43.2316803673407,7.45301975842496,7.38646783109117,3.02195935334179,7.2244227863899,5210.47461362214,69.5028198810513,781.614815824511,7.06890532033013,1.0000354,1,150,
4322,123.451736621955,102.330811288022,86.7196925629419,497.431704509844,11.6967090827102,91.6292519580302,97.8734262544615,75.2570467295274,43.2606411466042,7.45209425678353,7.38591360502959,2.67031225929854,7.12611646226139,5182.68644372016,68.866460603306,784.57051500397,7.06906524843783,1.0000354,1,150,
4323,122.888274113439,102.191093525359,86.8931774385163,505.887871713565,11.8728802660864,87.730612259558,97.4417641208442,75.8127442181227,43.2731456653,7.45327486288243,7.3855321630931,2.20381867601788,6.83218344554099,5116.20841797022,67.4848070827017,785.397938375079,7.07010272573327,1.0000354,1,150,
4324,121.592733435142,101.631075673885,86.8768068938258,509.844987110533,11.9869546861999,85.4382179711028,97.1875700871465,76.6973447013285,43.2478703184437,7.45548289130865,7.38553551692618,1.72755957899688,6.41703768008411,4991.96757616257,65.0865762772112,785.539554992456,7.07242167219895,1.0000354,1,150,
4325,120.144811333442,100.829210132011,86.5524614179096,525.540599998739,12.2252564727453,81.2995374076071,96.6484165416692,77.6181060675049,43.1822697880713,7.45874722027628,7.38594823751117,1.29954109139934,6.00375226439493,4888.39277282119,62.9800573666372,783.74259887595,7.07520735649231,1.0000354,1,150,
4326,118.531836100556,99.9895202655771,86.2843303005925,528.89066671218,12.3323715899307,79.3790011724968,96.4154905501945,78.8955639626066,43.0374090873086,7.46251849896989,7.38716387253651,0.848715355532413,5.54656961788035,4769.9231375323,60.4586987906323,788.365212248783,7.0789816679385,1.0000354,1,150,
4327,116.725138204264,98.7433498824431,85.4524628619667,538.880077420028,12.5168730872614,76.5975336292212,96.0284974918281,80.365713453718,42.9280117194123,7.46724731803007,7.38802734395266,0.397696401237567,5.0822551211308,4711.92649764992,58.6310541542505,780.02491971966,7.08335604014334,1.0000354,1,150,
4328,113.849260836408,96.7918663336098,84.1842269184978,564.889727167888,12.8920259328002,71.5755010446459,95.1827291126308,82.2526446957117,42.752957564328,7.4748783971556,7.389561552981,-0.0620006717499586,4.51882212625139,4574.64488138114,55.6169944237628,783.317839770404,7.08989842585105,1.0000354,1,150,
4329,104.551692690165,88.3678651861352,76.4059057266347,617.506336955975,13.5955752917541,63.1337411193479,93.2536569418598,85.4951371211595,42.71874983544,7.48462782419852,7.38967413783195,-0.533450440442982,3.62793769540716,4511.4637875286,52.768659592126,787.867957696789,7.09889135542332,1.0000354,1,150,
4330,91.0140266373793,75.7550545418481,64.4766838625425,719.652047388641,14.941142444639,55.2434089326286,90.8040953228127,91.9606671889151,42.7785952514792,7.49914716219337,7.38884938992682,-0.915788117051907,2.57835046840306,4575.32779365767,49.7530948123567,769.620017204352,7.10942992594767,1.0000354,1,150,
4331,46.4327970730947,32.7596329371279,22.6533811844567,656.244452075899,12.6060839780525,52.4229420678789,90.0323568144334,69.3779799002644,43.1299948089868,7.51676162164942,7.38510398256009,-1.10178694127408,0.686262401696449,3093.0397341224,44.5824415552147,490.956351995652,7.11013086427835,1.0000354,0.789383276651104,150,
4332,42.4978374474265,30.1489258513827,21.0214694543069,620.864537815113,10.3611451244652,47.9015182932775,87.0638756491491,73.1998830429036,45.1645483895894,7.48854116845282,7.36469328031009,-1.35901730341254,0.171383140548235,2947.36478613421,40.2646105924337,455.524613068104,7.0900898867445,1.0000354,0.541925156554182,150,
4333,40.9846106916314,29.4589881259825,20.9400497078942,629.69668071366,10.0589167032185,47.5803847654584,85.7977518914678,78.1388047911363,50.9412360359968,7.44533563361398,7.31089074137938,-1.42128154033999,-0.122876658252179,2936.4727779292,37.5802110843433,440.799983278654,7.0600011525931,0.99884168947357,0.474596274426406,150,
4334,57.5780129121423,47.3570796874452,39.8024768691908,1672.44711603667,29.4035715232911,50.6729349051601,91.7786716844047,131.593901397076,59.1089602754002,7.6270625696019,7.24224552507451,-1.62559159081436,-0.281949062617767,4385.52039877854,33.3261674911935,563.308166155254,7.0776535862923,1.0000354,0.922586451241299,150,
4335,46.3910862445189,34.1992791017538,25.1879433875362,915.633269624204,17.923731708026,80.0217962506808,97.0894582174808,84.2964976058657,62.339568022383,7.4924658583042,7.21198078965771,-1.17722119211264,0.122567654199746,3350.98463524569,39.7523589996996,437.88257157745,7.14548257476549,1.0000354,0.960930056225141,150,
4336,43.9610806911613,31.9771279497986,23.1194237496609,1544.91692257955,27.9870250872005,57.5315584212073,94.0222599943026,84.1720280020426,82.7529121948596,7.61324993835389,7.07959082233406,-1.22659699264554,0.0206475567294437,3288.99111616148,39.0746331558231,409.652628010486,7.13415593671207,1.0000354,0.938601960317622,150,
4337,44.1863587014345,32.3379760137615,23.580475766351,1627.04705112896,30.0386983348076,54.2818769109945,93.5653763075846,86.02978604132,84.6390729731426,7.64063522474369,7.05676734387771,-1.24949250807054,-0.0171712034175235,3323.55398439988,38.632596189459,407.125790923811,7.16222899504761,1.0000354,0.939394843221963,150,
4338,47.6986218138322,36.0824236684276,27.4965380826938,0,14.3207045703823,68.6371090034927,87.47537636359,88.0665626861174,97.0832377067173,7.03375255806927,6.97960209101915,-1.26932700846088,-0.0251701012619798,3335.56861608913,37.8755399819294,443.864503027846,7.07050532669925,1.0000354,0.976950824928291,150,
4339,6.53090431087245E-05,6.53090431087245E-05,6.53090431087245E-05,0,0,2.14392525842285,9.40319505852955,0,1.706415333997,8.73182006920623,8.72510285301236,-6.93276751606575E-06,-0.0470026344517724,0,0,0.00107808757745875,6.95010635142017,0,0,150,
4340,3.18562297233768E-13,3.18562297233768E-13,3.18562297233768E-13,0,0,0.361307190113669,16.1826312905214,0,0.0109183903098924,10.9254500666872,10.9190682691298,-3.19017128935783E-06,-0.0472251187516011,0,0,5.2861610387897E-12,6.9501545990811,0,0,150,
4341,1.59281148616884E-13,1.59281148616884E-13,1.59281148616884E-13,0,0,0.0410409180514523,11.429285644078,0,7.35181243154218E-05,13.0973567470548,13.0909770957627,-1.01942791141951E-06,-0.0473069661514884,0,0,2.65687760170625E-12,6.94948700430462,0,0,150,
4342,1.59281148616884E-13,1.59281148616884E-13,1.59281148616884E-13,0,0,0.00643957053804751,15.3489891793528,0,4.95204154236587E-07,15.2691036099213,15.2627239730809,-4.74393861971123E-07,-0.0473370761272216,0,0,2.67048784203401E-12,6.94845941086025,0,0,150,
4343,1.59281148616884E-13,1.59281148616884E-13,1.59281148616884E-13,0,0,0.000502862377100228,4.87268425783982,0,3.33497729103678E-09,17.4410139903958,17.4346343536527,-7.69726899996215E-08,-0.0473481529682669,0,0,2.68384434486589E-12,6.94728765301493,0,0,150,
4344,1.59281148616884E-13,1.59281148616884E-13,1.59281148616884E-13,0,0,9.70179131337009E-05,10.3842197992407,0,2.24620411964376E-11,19.61282890412,19.6064492673776,0.000108743173736769,-0.0473522279103609,0,0,2.69693005070621E-12,6.94613065719219,0,0,150,
4345,1.59281148616884E-13,1.59281148616884E-13,1.59281148616884E-13,0,0,9.06653011545794E-06,4.7152214112067,0,1.51304073279365E-13,21.7845536936963,21.7781740569539,-1.27424426565881E-08,-0.0473537269977817,0,0,2.70975999155328E-12,6.94501478269177,0,0,150,
4346,1.59281148616884E-13,1.59281148616884E-13,1.59281148616884E-13,0,0,1.8286469938243E-06,11.0348126523719,0,1.01912347675859E-15,23.9563289116506,23.9499492749081,0.000165784752740983,-0.0473542784812242,0,0,2.72232770380839E-12,6.94391258563629,0,0,150,
4347,1.59281148616884E-13,1.59281148616884E-13,1.59281148616884E-13,0,0,4.48573313769805E-07,32.7876570644595,0,6.86417951011605E-18,26.1281328494391,26.1217532126967,4.00159928526378E-06,-0.0473544813606446,0,0,2.73464703196361E-12,6.9428315817068,0,0,150,
4348,1.59281148616884E-13,1.59281148616884E-13,1.59281148616884E-13,0,0,5.22119516851305E-08,25.676750531487,0,4.62316139635096E-20,28.2999595947627,28.2935799580203,-1.48305856484399E-09,-0.0473545559958128,0,0,2.74673466916914E-12,6.94177418899663,0,0,150,
4349,1.59281148616884E-13,1.59281148616884E-13,1.59281148616884E-13,0,0,1.30607541960323E-08,58.7062780062936,0,3.11396218615496E-22,30.4717386264025,30.46535898966,0.0895708625874083,-0.0473545834525564,0,0,0,6.94075412391837,0,0,150,
4350,1.59281148616884E-13,1.59281148616884E-13,1.59281148616884E-13,0,0,1.80889686255615E-09,60.0333512656306,0,2.09750289114461E-24,32.6434877497249,32.6371081129824,0.210893359494303,-0.0473545935533282,0,0,0,6.93976963126012,0,0,150,
4351,1.59281148616884E-13,1.59281148616884E-13,1.59281148616884E-13,0,0,5.50573723037194E-11,4.63798311239033,0,1.41320006634841E-26,34.8150131781063,34.8086335413639,0.000185810913189144,-0.0473545972691944,0,0,2.78158910750621E-12,6.93886645934547,0,0,150,
4352,1.59281148616884E-13,1.59281148616884E-13,1.59281148616884E-13,0,0,3.56138501279945E-12,0.883754506685694,0,9.5228774125719E-29,36.986411679201,36.9800320424585,2.11698214513945E-10,-0.047354598636185,0,0,2.79278318440736E-12,6.93802450821623,0,0,150,
4353,1.59281148616884E-13,1.59281148616884E-13,1.59281148616884E-13,0,0,4.10967865601103E-12,55.2672766463975,0,6.41554053529554E-31,39.1580091504533,39.1516295137108,-1.5715428958174E-11,-0.0473545991390729,0,0,2.80378337367913E-12,6.93716524036249,0,0,150,
4354,1.59281148616884E-13,1.59281148616884E-13,1.59281148616884E-13,0,0,1.60258475038827E-13,6.60753384884732,0,4.32285974983281E-33,41.3294609564703,41.3230813197279,4.75140518041428E-07,-0.0473545993240752,0,0,2.81455142663759E-12,6.93634789026272,0,0,150,
4355,1.59281148616884E-13,1.59281148616884E-13,1.59281148616884E-13,0,0,4.93009319050442E-14,31.9017005757013,0,2.91323501495415E-35,43.500779795611,43.4944001588686,0.000442324752348178,-0.0473545993921336,0,0,2.82514202596825E-12,6.93559314527147,0,0,150,
4356,1.59281148616884E-13,1.59281148616884E-13,1.59281148616884E-13,0,0,1.1153185019673E-14,60.4770095211099,0,1.96302588017251E-37,45.6722063779087,45.6658267411663,0.0498859024241551,-0.0473545994171709,0,0,0,6.93483090571083,0,0,150,
4357,1.59281148616884E-13,1.59281148616884E-13,1.59281148616884E-13,0,0,8.33791708701806E-16,28.13268959046,0,1.32295603395023E-39,47.843495196025,47.8371155592826,0.0012939388818789,-0.0473545994263813,0,0,2.84576398637291E-12,6.93411704232951,0,0,150,
4358,1.59281148616884E-13,1.59281148616884E-13,1.59281148616884E-13,0,0,2.05683106273734E-16,60.9485735030573,0,8.91397361994905E-42,50.014970920382,50.0085912836396,0.0387840054939974,-0.0473545994297697,0,0,0,6.93337999754701,0,0,150,
4359,1.59281148616884E-13,1.59281148616884E-13,1.59281148616884E-13,0,0,2.79909115965518E-17,61.3073608697795,0,6.00595404857658E-44,52.1864771897012,52.1800975529587,0.0596227092211317,-0.0473545994310163,0,0,0,6.9326538832634,0,0,150,
4360,1.59281148616884E-13,1.59281148616884E-13,1.59281148616884E-13,0,0,3.77163228491986E-18,61.1249627960177,0,4.04668073417941E-46,54.3579709067599,54.3515912700175,0.0460532596102188,-0.047354599431475,0,0,0,6.93194794113317,0,0,150,
