4320,122.148101810449,100.547607317776,84.582024431887,508.099184013796,11.6497940060466,91.3528028770248,97.7854909906784,74.2923567807902,43.032185551751,7.45347455941828,7.38646139312102,3.28622064683046,7.4299008681,5232.42064858898,70.4301340719067,776.585193904748,7.07044663781772,1.0000354,1,0,
4321,123.241567764946,101.98769286323,86.2783070663103,502.667262348887,11.6237051915601,92.6619839749825,97.9499082767484,74.755333200666,43.1013525712031,7.45358535210604,7.38562816196138,3.17242840674932,7.44860831453011,5180.54109722715,69.2999532664914,780.618865831554,7.07108247946564,1.0000354,1,75,
4322,122.579490334076,101.175193712472,85.3546266443297,504.658221958508,11.6863905576996,91.2538875578151,97.7964104431707,74.2671708777469,43.1052409479486,7.45218155040439,7.38545781187665,3.00615070270065,7.41210132692243,5183.13669680733,69.7904152743265,779.107465963637,7.070833913917,1.0000354,1,75,
4323,121.605763528359,100.197991779567,84.3748561391549,507.149745202085,11.7525622391975,89.5339440661885,97.6104081220343,74.5405415724716,43.1084690842166,7.45314301683501,7.38529827265014,2.78067867935725,7.28803114089078,5203.05996471508,69.8017462035264,774.375185171918,7.07080149918182,1.0000354,1,75,
4324,121.182960126091,100.216014887184,84.7187075366877,514.177853236547,11.8690607885906,86.8733369091638,97.3006073548179,75.0060104889078,43.0474011429172,7.45555806492222,7.38579056500836,2.53518969908446,7.0924355607409,5127.74062067269,68.3643962296995,772.46897909826,7.07206486654751,1.0000354,1,75,
4325,120.42689207023,99.6883190182639,84.3598085015935,513.58407040039,11.8942862634002,86.2158986979679,97.2367409321533,75.5961704072183,42.9841932501876,7.45691423296966,7.38630746785204,2.28770917128842,6.87064945960375,5111.79569441617,67.619770510598,772.101232854565,7.0738878292232,1.0000354,1,75,
4326,121.111180588514,101.057958417024,86.2360115946176,519.726197889863,11.9923079346414,84.1802125017888,96.987312135033,76.2893018519166,42.8750863539439,7.4595127084015,7.38729291296314,2.01615847290828,6.55560162448653,4988.18586849422,65.3851293353905,775.451148857957,7.07656188235805,1.0000354,1,75,
4327,119.301740212809,99.4180021813164,84.7213262449962,507.343383629295,11.8844387551879,85.9406676770641,97.2441693170054,76.4794413379229,42.8548131849024,7.45914601759361,7.38738110282468,1.82180847021858,6.3649978508502,4958.35435850799,64.8325127873202,769.767750270767,7.07807441571664,1.0000354,1,75,
4328,118.483627977494,99.0657224194013,84.7133574416808,516.800238196589,12.0185751377444,83.5744000110531,96.9421294292259,77.0951365207233,42.7914360541076,7.46083975724802,7.38790763410686,1.60711350968625,6.15089534719406,4881.17286183512,63.3136288762268,768.407009706662,7.07839621688674,1.0000354,1,75,
4329,118.260007485907,99.0848628650478,84.9119298844128,526.06090901208,12.1468244734662,81.4808467059449,96.6557469974315,77.8826138775192,42.6855065519236,7.46215048119089,7.38886899884942,1.3802175526134,5.92242446574134,4869.38359878988,62.5220874898682,775.558426602993,7.07995100810109,1.0000354,1,75,
4330,117.480191898971,98.8345121772886,85.0529228177839,525.696347137843,12.1720068976293,80.769329829313,96.584905640552,78.7141651742195,42.6221619408988,7.46502244509325,7.38940015302331,1.14694116006809,5.6826179747226,4785.48473814946,60.7957249823797,776.935332091996,7.08279002453043,1.0000354,1,75,
4331,117.116808215631,98.8025048255877,85.2658457981648,528.991223844656,12.2371319108966,79.7705631292934,96.4500597672622,79.6069315938067,42.4789381203205,7.46581040665202,7.39074791086908,0.908294868039601,5.43898838768497,4753.74750653497,59.715246039012,772.137837932599,7.08483904359194,1.0000354,1,75,
4332,116.009082561991,98.2901380031467,85.1935268074792,526.948488054853,12.2440732417605,79.4326713399097,96.4337289145864,80.472945374831,42.4519810027064,7.4682530889467,7.390910253775,0.681906597519148,5.19458559917503,4649.24644990064,57.7740311137506,771.959985620278,7.08737275249164,1.0000354,1,75,
4333,115.627740429536,98.2940697161336,85.4822261453579,531.497719405884,12.3237493051356,78.2647616779128,96.2694767379608,81.3654689581751,42.3272950162123,7.46946196005249,7.39207398088778,0.461825077066855,4.94323009190911,4598.5985244442,56.517815030453,780.244791369166,7.0887127103185,1.0000354,1,75,
4334,115.027207392366,98.0912904242473,85.57343875216,530.475629405073,12.3420867971494,77.878856406969,96.2391639920605,82.4751672019606,42.2702792430655,7.47127592705516,7.39254630950828,0.24682304639576,4.69969886772167,4554.35355757599,55.2209072389455,771.839704209718,7.09143269960659,1.0000354,1,75,
4335,113.571911669302,97.1160419246962,84.9530077656396,543.170657936429,12.5142520483029,75.5786136650411,95.8797378479981,83.2206119508955,42.2658700718414,7.47420213492153,7.39247997179434,0.0544116241614847,4.45069138650268,4465.25810830896,53.65567500205,770.493757760259,7.09379069917169,1.0000354,1,75,
4336,109.822384159172,93.6603067907034,81.7144235183573,571.949071511642,12.8715921122633,71.1571924688065,95.0806378073216,84.7540508903557,42.3068635086783,7.48001171398959,7.39194915099289,-0.197095896425652,4.06241663863976,4466.34706840832,52.69774154142,772.219498352252,7.09737595455607,1.0000354,1,75,
4337,103.882978460176,88.476488745057,77.0890833034474,607.074142804038,13.3079633430364,65.7033640379164,93.9016144343713,87.9840411266589,42.187377165626,7.48870238757991,7.39307306728777,-0.412138122462906,3.46263463127129,4419.79804428713,50.2340877696733,776.989525689472,7.10448304634283,1.0000354,1,75,
4338,98.1593058026154,83.3671778031157,72.4338658034854,615.240021841831,13.4328709920477,64.1694283219986,93.5661460259681,92.6504115333811,42.1583314526663,7.49298916775687,7.39327825022973,-0.59731277064431,2.87019105563642,4468.61388481001,48.2309124250356,754.66521014675,7.11057410540257,1.0000354,1,75,
4339,95.1685141109703,81.0811304260517,70.6687163980684,624.021484290369,13.5626468503092,63.168193411953,93.3020902439917,97.9128134231242,42.2882150820995,7.49304077215165,7.39186028596837,-0.768151220398131,2.45000550864871,4497.43292208561,45.9330374120723,754.896875990075,7.11310264386487,1.0000354,1,75,
4340,81.2574519816315,67.4610905129793,57.2637798622363,624.617881188829,13.5928090261698,63.2214570691025,93.3422277114387,92.9138188157626,43.0725722190191,7.4931831071272,7.38380823761737,-0.916668281336117,1.77863657931496,4179.64788776532,44.9841362785129,700.948377372333,7.11223406015813,1.0000354,0.999913551191869,75,
4341,50.9130423061675,37.021909321134,26.7545501582831,587.041052683873,12.3254955542372,59.3706107309586,92.2007772418741,71.7653373532817,43.7504164838056,7.4967137079961,7.37696577315746,-0.855752429384816,0.883137970022985,3250.47792845512,45.2931463619251,547.053569768007,7.10187131379235,1.0000354,0.891548162372413,75,
4342,48.0105920464207,34.9182320056344,25.2412702363575,620.429750208087,11.8688374466078,54.8857310065137,90.3447422555713,73.0406208466092,45.2863147358079,7.48893837188656,7.3618696071964,-1.00252866075414,0.573549520620437,3118.0079464684,42.6886835069002,523.995563724923,7.08656106490658,1.0000354,0.776806980169543,75,
4343,46.5851685074546,33.957724280697,24.6243959391804,688.984113460182,12.4815239099838,52.0945590037171,89.0579498628178,74.7736750191046,47.8910223283517,7.48784784556295,7.33706125330498,-1.1430004364154,0.393244771835619,3078.64070220009,41.1727884367527,514.29116240149,7.0760452182601,1.0000354,0.740721856268733,75,
4344,46.0549967837391,33.8734554978927,24.8697075909627,718.626410895128,12.8976779925942,52.5845526281953,89.1448855520411,77.5905134058963,51.5084394921732,7.47873732773663,7.3040374109357,-1.20399717755516,0.214800464201163,3081.80878418897,39.7188863549236,511.849552985896,7.06927060152455,1.0000354,0.740583447052148,75,
4345,56.069588466268,44.7180679274876,36.3278136162151,1195.48062720223,20.9245873769511,58.1975678176824,92.8823198902648,104.105776431861,55.1581512295909,7.5527723138342,7.27148637861227,-1.30729021313739,0.13533233141793,3853.21895915222,37.0125375480409,566.576939711465,7.08127657701915,1.0000354,0.932508153703793,75,
4346,72.2365622977118,61.8248212819913,54.1291866181978,1667.22964262195,28.9364872244954,68.7951957668023,96.5799247096161,134.981740818719,55.0707705729667,7.66321217236628,7.2674351944377,-1.45691434027004,0.193117994036275,4582.40218455029,33.9483115031423,561.377247687461,7.15572105021044,1.0000354,0.997141513798109,75,
4347,82.790618448402,72.5569114504775,64.9928671476637,1807.5198233859,31.4885264073065,78.0595370186139,97.9501914417624,149.473742362637,51.5803363390085,7.70066352202415,7.28942547406956,-1.45986883396921,0.414437397395905,4987.6125408028,33.3678173970007,562.032927251676,7.22559368490835,1.0000354,0.999606974163617,75,
4348,87.9864329952669,77.7248844469529,70.1402616068947,1838.73499814901,32.1365694595053,76.7905831215791,97.8900657600335,152.891702262816,48.6104776661303,7.71069057450858,7.30732737445718,-1.42107359968286,0.580340828475867,5115.54184932534,33.4585969912997,573.383978073595,7.27169848641602,1.0000354,0.999701531335711,75,
4349,51.3484896019721,38.2786156738771,28.6182740748504,746.00793772922,14.9815480022506,77.1717209653115,96.2206229026779,78.1999065217985,52.3660693804217,7.45103991962221,7.26720000998026,-0.930464350445031,0.572310493100461,3332.51761758078,42.6153657440988,487.652449471312,7.20791390686118,1.0000354,0.945712256734335,75,
4350,49.1609329267133,36.3762950092599,26.9267800267943,1312.03280388491,23.0131597941294,58.9475782139463,93.3063415479638,78.8934361836625,69.0261956604228,7.55336115873733,7.13890737934065,-1.04373225727111,0.443013928945532,3288.69900066452,41.6853309951982,461.584906866298,7.15057712808864,1.0000354,0.940231231338789,75,
4351,48.7302132592161,36.2166751868238,26.9675383507078,1520.69968941337,26.5286674096492,54.0640417547518,92.6776990605126,80.9213004361255,73.8016650839783,7.61034225001135,7.09977743422338,-1.09384736372973,0.338512522009261,3301.70140415052,40.8013883409682,447.036991562617,7.16323120026484,1.0000354,0.953469083985091,75,
4352,48.6939611893109,36.3525621749484,27.230658555637,1524.16036378352,26.7265185073332,58.5417956490953,94.0947294332416,81.5746088315357,74.5450805720415,7.6100138313499,7.0832650718102,-1.08122117301935,0.296149256286654,3282.57165849169,40.240115221033,438.250852622651,7.17523695841761,1.0000354,0.955970129309867,75,
4353,48.9917630177665,36.6143003729417,27.4657410267669,1578.24633581876,27.7907350238242,60.1393267165848,94.6530308559456,81.4637681457017,74.9616031244306,7.61771221056499,7.0666999725573,-1.06611312389437,0.314860773107557,3287.69060593228,40.3577035627924,427.750747385577,7.18311501474784,1.0000354,0.961477786660859,75,
4354,51.3519232194193,39.1324873737313,30.1007304443097,9.84912971287388,33.756810261528,77.3401554309585,94.980997988335,81.0784155645448,75.436807566501,7.3053682603378,7.04785911749659,-1.05423152112508,0.346688234716629,3230.36227940251,39.842444587868,431.392337100549,7.16346776885013,1.0000354,0.971098458385093,75,
4355,55.9489624386588,43.8721742627827,34.9458525675699,0,19.6483137486643,35.7938802745326,46.502181674935,98.2574402829997,106.611864037803,6.90597771989813,6.8799332665907,-1.14911804111319,0.360852325500136,3869.11569912315,39.3773304899799,680.40052938162,6.93400055265349,0.959658112154445,0.72352189642407,75,
4356,3.80120160583181E-07,3.80120160583181E-07,3.80120160583181E-07,0,0,1.81625134911297,15.4955765187588,0,0.539241923290244,9.1755680112806,9.17077989057413,-6.64924871367489E-05,0.21273648539532,0,0,6.41564542483678E-06,6.86567598455346,0,0,75,
4357,1.59281148616884E-13,1.59281148616884E-13,1.59281148616884E-13,0,0,0.307882770926442,23.7903661099939,0,0.00357240180373937,11.3544549307495,11.3497452074924,-3.30059691338036E-05,0.211567996840422,0,0,2.70077159104853E-12,6.86611285039743,0,0,75,
4358,1.59281148616884E-13,1.59281148616884E-13,1.59281148616884E-13,0,0,0.0311305483373037,13.7683184178558,0,2.40580264892126E-05,13.5263344501989,13.5216252463038,-7.75717495216099E-06,0.211138133923852,0,0,2.71307213315321E-12,6.86558550024845,0,0,75,
4359,1.59281148616884E-13,1.59281148616884E-13,1.59281148616884E-13,0,0,0.00404918405523581,12.7290698625973,0,1.61993195545367E-07,15.6983881652436,15.693678964846,-2.82341104096417E-06,0.210979996194303,0,0,2.72517852761054E-12,6.86457207820319,0,0,75,
4360,1.59281148616884E-13,1.59281148616884E-13,1.59281148616884E-13,0,0,0.00078980062519947,25.2878591994276,0,1.09076192123254E-09,17.8704493622588,17.8657401618849,-1.55477553187566E-06,0.210921820574725,0,0,2.73706079675351E-12,6.86343546871012,0,0,75,
