4320,114.167940918514,91.7966154080637,75.2612878568615,489.152583306616,11.4338250428444,91.106837209931,97.78746211892,72.2118822369822,44.2484602050988,7.46072396966101,7.3988016987432,3.50026071067429,7.30669091726566,5267.38671333108,72.9434900484212,781.851914686837,7.08737118101071,1.0000354,1,0,
4321,113.90911919908,91.5396365194522,75.0056710605972,487.508787916218,11.4337246840312,91.3036575564685,97.8161378520562,72.133811977417,44.2783103733079,7.46037913980512,7.39844006037093,3.46113179019113,7.31177594777264,5261.25856592494,72.9374813516315,782.939120226268,7.08723388792026,1.0000354,1,37.5,
4322,113.829881830664,91.487489685399,74.9735476649857,487.353384899779,11.4515887223096,91.0882799942004,97.7966045949842,72.1705311085167,44.2847864605811,7.46003530759378,7.39831086811679,3.39654432418522,7.29895657933888,5257.5618827467,72.8491505049527,784.90597256703,7.08725275202688,1.0000354,1,37.5,
4323,113.669739316935,91.3825481176962,74.9094067965195,488.597380710977,11.4864085271771,90.4174423937645,97.7250061134473,72.231196860875,44.2917652252084,7.46005340629376,7.3981796162004,3.3047744753435,7.27109761246351,5248.98064873109,72.6691634203597,785.591812410418,7.08739333429354,1.0000354,1,37.5,
4324,113.443698363908,91.243919701801,74.8353876472002,487.952547128724,11.4956463393858,90.1857274182054,97.7055066868472,72.3274711134112,44.2863518657078,7.46030783654125,7.39817220434908,3.20086839731247,7.22200539155276,5235.36236452501,72.3841478753741,785.031073552471,7.08768843334392,1.0000354,1,37.5,
4325,113.681115749242,91.4899421420671,75.0877703454593,496.572540655084,11.6226866505181,87.9304847615625,97.437729536419,72.4340704491451,44.2494209643642,7.46091091869956,7.39847604364232,3.06046377211408,7.11963407121482,5241.04615002759,72.3560904078592,787.845298541549,7.08798510630871,1.0000354,1,37.5,
4326,112.550189637034,90.7045296902775,74.557737555718,495.210085622884,11.6215074669553,87.6065554129824,97.4121319111172,72.5915118395429,44.2280947904493,7.46243220300855,7.39862796264346,2.90603073493626,6.96697167687929,5170.65822334152,71.2295155771215,776.605355615056,7.089160846175,1.0000354,1,37.5,
4327,112.189974699817,90.4781003608621,74.4301932407649,500.776853787637,11.7064097606349,86.0386523795422,97.223434777557,72.8917413033921,44.13178614285,7.4641824496511,7.39951713276594,2.76802582028774,6.79034205923337,5160.24668647816,70.7932969388128,779.805196269519,7.09041194003861,1.0000354,1,37.5,
4328,111.396099070101,89.8065861330158,73.8491200490834,495.364336267644,11.6539605533679,86.5404633905553,97.3019579336998,73.2310750380777,44.0506583067717,7.46492345297504,7.40025724686755,2.63048272335439,6.61043679713475,5155.05230390852,70.3943278345711,780.441740686533,7.09140135889895,1.0000354,1,37.5,
4329,110.835835585235,89.6975830099787,74.0736571934851,495.871095045026,11.6747975896315,85.9121844634736,97.2358581422825,73.6379084699456,43.9624524303698,7.46664618632113,7.4010648658453,2.48774453591345,6.40017542867941,5075.34243253441,68.9229574547986,773.550215187134,7.09310292662217,1.0000354,1,37.5,
4330,111.045483296025,90.0569549248937,74.5436948244923,491.011451080853,11.6273130984194,86.7193689442542,97.3435722889586,74.2056664852063,43.8948371923718,7.46579467581538,7.40166640104634,2.41095462094045,6.30020500083891,5078.24770026162,68.4347697527119,777.24732596454,7.09336956396379,1.0000354,1,37.5,
4331,112.482508435505,91.6201276735782,76.2001071104149,493.794102577881,11.6756014141983,86.0676938185287,97.266865273877,74.5449783535543,43.8773414880053,7.46629476984375,7.4017737528007,2.33082442360229,6.22604616020975,5070.80701164319,68.0234554176567,790.822426276207,7.09411792984803,1.0000354,1,37.5,
4332,112.611238995882,92.2448129974205,77.1913676942095,486.663500532836,11.597195712916,87.2542917781808,97.4251991758852,74.5431758571944,43.9450148214438,7.46603775373075,7.40104021447463,2.17780154817328,6.12567685667525,4950.14062703375,66.4063553787531,791.663866265172,7.09574284756814,1.0000354,1,37.5,
4333,113.177155252555,92.9861397192222,78.0623456293673,485.310191123599,11.5917045866283,87.3230732470947,97.4404758176325,74.5963107257397,43.946289863997,7.4662650056863,7.40096413631375,2.07196997931058,6.04058086144234,4911.00452069559,65.8344155752066,790.86155456535,7.09568421323129,1.0000354,1,37.5,
4334,113.613835712123,93.5693104315928,78.7537917459834,487.520503143306,11.6316788550193,86.8069051471767,97.3814126203312,74.6121289808959,43.9738512616716,7.46656154205374,7.40062936295099,1.98579693453345,5.97624582642704,4876.40793426135,65.3567724291841,796.378899175497,7.09612315136819,1.0000354,1,37.5,
4335,113.754115731851,94.0634742646488,79.509521875847,487.782149265875,11.646141961666,86.6330642492317,97.3643792624197,74.6041995538705,43.9730967528693,7.46662750834106,7.4005750373387,1.91957498330816,5.93137356576446,4789.80641472089,64.2029060476984,799.853167680048,7.09691254255793,1.0000354,1,37.5,
4336,113.554927728575,94.0076826071829,79.5597188218061,477.14731370877,11.5183963223244,88.6013715296183,97.6116352022683,74.5009325821014,44.0348860396315,7.4661187464154,7.39990419020185,1.80683943524579,5.8725271554767,4748.34307543446,63.735350832041,791.114054318291,7.09694889458415,1.0000354,1,37.5,
4337,113.578894041138,94.1281664942743,79.751541785723,484.228714110073,11.6217703778389,87.2587304521531,97.4504287016087,74.4821406670748,44.0892360040137,7.46608696052052,7.39930828798496,1.72885835125414,5.82851508057343,4723.70559476149,63.4206475868601,796.208052239088,7.09642327604285,1.0000354,1,37.5,
4338,113.717573356732,94.3790799550235,80.0854109189778,487.726249569016,11.6769971083038,86.4088186083424,97.3513636512331,74.4674145678839,44.1131169235631,7.46689734690872,7.39901360693571,1.64111086968913,5.77939185420442,4695.52042655285,63.0546992103835,798.346146344937,7.09692843769537,1.0000354,1,37.5,
4339,113.798077651099,94.6017030997927,80.4130784314361,486.888982654423,11.6765429116819,86.2502435046177,97.3412035912619,74.4638043418799,44.1129907486419,7.4678270765018,7.3989559147858,1.54688409195415,5.72401688558336,4660.7870144544,62.5913093703309,798.778463193457,7.0977887731184,1.0000354,1,37.5,
4340,113.817812677227,94.7703263684548,80.691749531536,487.197040047992,11.6904698635567,86.0772786156846,97.3234770074357,74.4703925551611,44.1047492885353,7.46784796192483,7.39897859495509,1.44810364325411,5.66246317830665,4625.046834929,62.105847387647,799.11179702657,7.09853798700753,1.0000354,1,37.5,
4341,113.70422100013,94.8229232531418,80.8671814401505,493.027665453691,11.7732569050642,84.9562763927096,97.1835040669649,74.5059239000605,44.1233446517952,7.46849202638281,7.39873776229268,1.34636203486424,5.59494882339001,4586.88093580321,61.5639763350346,799.369600448107,7.09902407265943,1.0000354,1,37.5,
4342,113.504354186391,94.7924847318083,80.961972526247,496.636621997722,11.8268511142827,84.1156317562378,97.0810081089618,74.5961766109012,44.1260010852725,7.46966363071215,7.39865429593374,1.24282227736907,5.52222927280355,4551.22775356991,61.011541882494,797.445725676192,7.09985834817785,1.0000354,1,37.5,
4343,113.267133350054,94.7341675726525,81.0358885197908,500.387042229952,11.8808373190921,83.2624017400472,96.9743325056727,74.7394453469901,44.1145820153061,7.47087355414555,7.39870978227626,1.13818225049072,5.44456057495831,4516.37106183808,60.4282121826044,794.895767297838,7.10078044953077,1.0000354,1,37.5,
4344,112.889174141774,94.5416902754643,80.9805065481917,504.433013037524,11.9365163216714,82.3895330283673,96.8622961374467,74.9353274041116,44.1128370528946,7.47214240289559,7.39867059215231,1.03293449347478,5.36225488670152,4482.88858525503,59.8234336267017,801.258888235316,7.10173772821044,1.0000354,1,37.5,
4345,111.683459937986,93.5760357431599,80.1922874252451,519.377728667639,12.1076841269337,79.8323813145094,96.4934257820797,75.2223926572537,44.1504945614465,7.47447704150862,7.39824465683445,0.848559687989825,5.17231003318554,4441.18271309189,59.0406999326367,802.370295834408,7.10315968653781,1.0000354,1,37.5,
4346,109.738501323204,91.5818134539865,78.1616528549995,537.964725133163,12.3179965450601,76.6223219366374,96.0029441796227,75.9659972574225,44.1289221190398,7.48001300266932,7.39840254762179,0.698200692721973,4.93775991065707,4497.28792578666,59.2013280698061,795.224754814626,7.1065365429433,1.0000354,1,37.5,
4347,108.553757301562,90.8404974054612,77.748087917039,554.467447865479,12.5069014423245,73.9306053156671,95.5468223187624,77.1923557742491,43.9385052486408,7.48451846879739,7.40022772878983,0.609877289149698,4.75313313048597,4458.28278108187,57.7554958177495,800.53662470851,7.11125838093782,1.0000354,1,37.5,
4348,108.271521435739,90.7272646716736,77.7597705417118,565.892123685909,12.6401732392453,72.1224109957025,95.2192997442549,78.4625369353344,43.7995358179574,7.48784035419625,7.40155274434898,0.515382520775067,4.57451531777757,4488.40608538627,57.2044476344862,799.865751036598,7.11500465677365,1.0000354,1,37.5,
4349,107.470503042856,90.1904705719078,77.4182726585982,563.837061738066,12.6236873556815,72.4067828830823,95.28268982759,79.7513321909736,43.7593772827855,7.48771328178556,7.40190229067843,0.442309388471687,4.45506131885292,4493.42318995101,56.3429232654196,798.18947584641,7.11778088654141,1.0000354,1,37.5,
4350,107.131570667417,90.103222367431,77.5170518848326,575.487480398895,12.7582384629649,70.9525812552002,94.991581575643,80.8906578162628,43.8271981409643,7.48908730896783,7.40118383843052,0.332313010060532,4.28655575286621,4491.2343159987,55.5222869642154,794.607169849904,7.11879728027239,1.0000354,1,37.5,
4351,106.242716143483,89.2572372301565,76.7027528159584,578.314985380934,12.7941528360217,70.7893380708113,94.9590412572342,82.1210657528165,43.977176698131,7.48903197354467,7.3996566081072,0.260659415861726,4.16796358824138,4548.07057378803,55.382507911888,798.124418817486,7.11960405158016,1.0000354,1,37.5,
4352,105.408541509875,88.8897127334907,76.6801436379025,588.72317378832,12.9139896560137,69.6079308757165,94.7077979484179,83.3647457515136,44.1348926864781,7.4901334221563,7.39806141209803,0.154417253035653,4.00089330018479,4490.10506490418,53.860957943636,793.266677959013,7.12019006525805,1.0000354,1,37.5,
4353,105.155958051467,88.7047966542627,76.5452425780679,596.64926554658,13.0058103897135,68.9450853463717,94.537447857413,84.6839631037752,44.2205120720292,7.48869923374101,7.39718187458076,0.0784459986346451,3.87869968900609,4542.47513889144,53.6403230600451,791.939158079,7.12033650839416,1.0000354,1,37.5,
4354,104.54641347439,88.4344310386851,76.525574455773,607.725023620876,13.1325934670123,67.6304174624017,94.2488311556209,85.9368508145349,44.4863030073435,7.49118554443691,7.39454415349902,-0.00367590789277017,3.75147950366063,4514.6411549664,52.5344030200699,800.082821825694,7.12087213423011,1.0000354,1,37.5,
4355,103.948782031753,87.9516058713843,76.1276061006767,609.800538672039,13.1574725546618,67.680575321358,94.2543792338712,87.1924247237654,44.6712714992058,7.49047719445468,7.39270952093796,-0.087494590527379,3.63093787690901,4547.96280338393,52.1600680081136,794.6564300261,7.12140368538765,1.0000354,1,37.5,
4356,103.853508761943,88.2180016353195,76.6613224547715,622.143158217267,13.297902416519,66.3688939090641,93.9212473157558,88.3745955040523,44.8503618788866,7.4908159665307,7.39094159216603,-0.173163079175846,3.50102299230175,4505.40910690242,50.9808172948959,799.6497011702,7.12096054487776,1.0000354,1,37.5,
4357,102.960180911825,87.6699202127261,76.3684231742615,627.770044871245,13.3619850965344,65.9199794857452,93.8100747381086,89.4916010612953,45.128158766488,7.49141125627392,7.3882311137604,-0.256550643337809,3.37754227435979,4461.61395490378,49.8551137983093,805.01530515509,7.12176702412207,1.0000354,1,37.5,
4358,102.792454958462,87.6608515605636,76.476622962117,639.698957388939,13.4976370619026,64.6788698718556,93.4596338527666,90.6590994282873,45.2540415240204,7.49102105376523,7.38699424564346,-0.339538515721826,3.25057380792469,4472.92042703105,49.3377990211473,805.617860116049,7.12189929161521,1.0000354,1,37.5,
4359,102.019267069835,87.2342248519857,76.3061501692279,645.452522420604,13.5626949734755,64.1812492454579,93.3284263721997,91.7587090435557,45.5272754939309,7.49185802954346,7.38435358027366,-0.423946362925535,3.12889911850648,4423.48628930031,48.2078086691541,801.101581493743,7.12239222430858,1.0000354,1,37.5,
4360,100.956422152794,86.5862840275044,75.9648775870733,657.193778753279,13.6962657165517,62.8502783054357,92.9463307356225,92.9110875244387,45.768139050108,7.49305986478097,7.38203627138022,-0.546026135787706,2.92369660436596,4353.34722237112,46.854980803298,807.825293578582,7.12276372207084,1.0000354,1,37.5,
