4320,116.939139020907,94.1958340835757,77.3855652168529,493.287527880685,11.4655570654743,90.6420861819411,97.7233965378664,72.5564155002588,43.8527982879402,7.45993482225062,7.39824870576195,3.6004542079413,7.37048674571409,5380.51956804069,74.1563586203,784.351226892961,7.09438438021567,1.0000354,1,0,
4321,116.403958103927,93.5793314565541,76.7089552389307,490.173604016849,11.4677393871775,90.8106092369482,97.7550373118643,72.1511338321101,43.8862553267274,7.45919178201996,7.39778056589974,3.51451017321324,7.34698263665205,5369.5966554237,74.4215145380573,786.742352277208,7.09384851895734,1.0000354,1,75,
4322,115.695456250199,93.0095312312936,76.2416736086246,491.853503328484,11.5290562190118,89.8001381752841,97.6478400463582,72.2513089216885,43.8906286550892,7.4588763429452,7.39760619315822,3.3564140989611,7.28478284971768,5344.37634790404,73.9692668225109,785.799267096249,7.09388627706227,1.0000354,1,75,
4323,115.647376565474,93.0090937890326,76.2764499977498,495.714649115603,11.6156919533696,88.1712892733519,97.4658873552331,72.4582755545805,43.8569301110737,7.45971316068127,7.39781404840805,3.13892743050353,7.1659708984717,5348.4297531652,73.8139254933882,787.946058684906,7.09430507833812,1.0000354,1,75,
4324,114.646532278126,92.3757602627252,75.9147548600374,495.816608217927,11.6527625555226,87.5894644910013,97.4086280920181,72.7771149251327,43.8285952805583,7.46002857480435,7.39797307910621,2.90133980204746,6.99976202082225,5284.75585793439,72.6156273626803,781.603832192648,7.09520631831701,1.0000354,1,75,
4325,113.662081143286,91.7331825978067,75.524866281583,502.882247611431,11.7743195640282,85.4312668472152,97.1536106829632,73.1660636521274,43.7832010454506,7.46259219976827,7.39830452186758,2.61004247491449,6.73891235455955,5231.44098559661,71.5009216632157,781.925681722513,7.09667946506277,1.0000354,1,75,
4326,111.167564639682,89.8451909238248,74.0851755686258,509.342534825121,11.88366856234,83.4149243917024,96.9062844684295,73.5418945595834,43.6659944008936,7.46567414735893,7.39935090922366,2.27220711720523,6.29128407085759,5112.87513258587,69.5232991100526,778.83065667531,7.09901887296347,1.0000354,1,75,
4327,108.468348755072,87.7262658291755,72.3951610578606,505.502799087045,11.87156848076,83.0760241603624,96.8908113216659,74.1212563093941,43.4737925983449,7.4679709458248,7.40114728672423,1.97828710140892,5.76269150536937,5012.91060183835,67.631214734322,770.510879497616,7.10185980031328,1.0000354,1,75,
4328,105.686216015562,85.5920034911837,70.7397594514257,493.274515040632,11.7573873298546,84.3315246684494,97.0920813875635,75.0280536369621,43.3751640094187,7.46878302688283,7.40201141970032,1.72306434607706,5.30427968130019,4915.74666373919,65.5187816483284,757.827704068563,7.10303523244638,1.0000354,1,75,
4329,104.64633864479,85.002426186575,70.4830126305033,487.252943447089,11.7153266370009,85.1393641574108,97.2113581589226,76.2698369493716,43.3479513198507,7.46774603801112,7.40215852070814,1.47903290974438,4.9333322702772,4885.12442453685,64.0505423891181,755.614703435291,7.10275090967179,1.0000354,1,75,
4330,106.655241975732,87.578721263703,73.4786842156819,495.295409122965,11.8468496059389,83.5946068138649,97.0225882281273,78.7231521567353,43.2885372605413,7.46889567323449,7.4026268600041,1.27586222203312,4.7085594693075,4896.62071472215,62.2005163737999,780.800632683605,7.10318814289853,1.0000354,1,75,
4331,110.362174955905,92.2068581531645,78.7877109511391,473.025211116463,11.5957010123925,87.3712364991733,97.5270895527598,80.2126818683616,43.4264238033969,7.46792749002789,7.40112247256898,1.01697845519891,4.59265036961387,4748.3387061366,59.1968575982683,779.917498771012,7.10590981595664,1.0000354,1,75,
4332,112.232342821313,94.6896350764802,81.7232858737776,474.925603366804,11.6511820440593,87.20320120414,97.5179808299001,80.8657192795536,43.6598810805798,7.46774231053563,7.39867578099654,0.836247454568414,4.52120484371771,4625.4703754088,57.1993969338046,793.09752498407,7.10603957420276,1.0000354,1,75,
4333,113.834383038833,96.6281348466272,83.9104731393448,477.557663286956,11.7146823284545,86.571801162672,97.4539556772025,81.0348077895371,43.7782858514579,7.4680375324078,7.39738547223046,0.706482839168516,4.48424882265979,4546.24264177465,56.1023437432234,800.936857788171,7.10644572495297,1.0000354,1,75,
4334,113.672179531973,96.6817317561185,84.1235747044001,479.994860832443,11.7730679749796,86.3753515563094,97.4342822050168,80.4863942420427,44.0512640891238,7.46685414021792,7.39457682738887,0.535231286570657,4.42838372298477,4458.84235595065,55.3987092842276,792.099289084786,7.1074609852754,1.0000354,1,75,
4335,109.925309101684,92.9359513778891,80.3786000168232,522.09087836618,12.2788843384879,79.3885715002321,96.4625714345284,80.2536666073137,44.399316719143,7.46827420328588,7.39105599286551,0.299145678309449,4.26213531156398,4445.66430765943,55.3951550826002,787.032122025852,7.10682318757868,1.0000354,1,75,
4336,103.714330385533,86.9498586788389,74.5587274173696,582.724197501093,12.9891752612023,69.9531498578854,94.7935372263029,81.8229654290816,44.4477329427945,7.48111968256175,7.39048692454174,0.0873180478557911,3.80828298532206,4472.59845109108,54.661896298144,789.686773765014,7.11293091837588,1.0000354,1,75,
4337,101.015722219362,84.6888680776796,72.6211932773054,604.145287626093,13.2603347028445,66.5461251082786,94.0548414793578,85.1716765991019,44.2937032039044,7.48684596194856,7.39190831826252,-0.0576560209700618,3.4764097753259,4534.11499967114,53.2350093448666,788.291197252934,7.12070659699426,1.0000354,1,75,
4338,99.1891935448338,83.386250259268,71.7058139177628,620.357059395558,13.4706785947813,64.4202843317855,93.5284477829618,88.7336189702857,44.5227196241956,7.48917575602335,7.3895933367364,-0.262870390072402,3.13878997593566,4572.15555475197,51.5267562374871,787.641777807145,7.12549997091727,1.0000354,1,75,
4339,97.0422718440566,81.9276761823768,70.756018519396,643.136509751157,13.758605848585,61.5198402889614,92.6899735294435,92.7456445148334,44.8121095653739,7.49053436523191,7.38671576173682,-0.430627068769628,2.76863777101805,4570.72275205777,49.2823439415179,795.59586824869,7.12861784498379,1.0000354,1,75,
4340,96.7609182033886,82.2264368390369,71.4835593088638,652.188966990396,13.8836878572999,60.7661634693603,92.4535727496962,96.4156883719932,45.2854057604831,7.49009682592871,7.38209774871593,-0.591142178976373,2.54835366358876,4569.21998233486,47.3908350340849,794.970644275757,7.13067032035921,1.0000354,1,75,
4341,93.0306321238548,79.2474535941823,69.0598868548591,687.827913191948,14.3275252002991,57.9894521204096,91.5140483825404,98.4164585277888,46.2393175990479,7.49188238481793,7.37299761495244,-0.819797923791663,2.1227793656399,4422.94904711054,44.9411522551553,791.193385481265,7.13085805021596,1.0000354,1,75,
4342,79.0448068287848,65.527878383841,55.5371051854042,749.175206244436,15.0940016116303,55.1097750886692,90.7080143610608,89.359754497869,47.2059807101127,7.50861639079671,7.36396472102513,-0.904831079952056,1.57447670537703,3938.35448229097,44.0730226310647,743.748053789956,7.13468428557117,1.0000354,0.999203653346698,75,
4343,58.3494153147557,44.6308385494338,34.4910209402829,932.443442180004,17.0822879590653,48.7042087746623,88.7815102595384,72.8658830481955,47.8957164353364,7.55806466433412,7.35727131812057,-0.948768951906048,1.02373438533995,3259.32833281108,44.7305130530741,651.876182265217,7.14731783834399,1.0000354,0.946595556085512,75,
4344,56.5030120694028,43.6574431714233,34.1628922468298,765.761108925613,14.7166059513067,52.7249144296756,90.2283278016189,75.8168063471186,48.8632536740836,7.5316380235938,7.34697295295458,-1.07713750166486,0.708410950605961,3175.51121666757,41.8840013140207,632.121019115081,7.16768828295066,1.0000354,0.912479520450697,75,
4345,69.4038085360685,57.9934932367941,49.5597819286347,1430.71538824524,24.5394525383763,51.7730393857218,91.8086436450993,106.385993686822,51.8906035232239,7.63048313630469,7.31730044389983,-1.31199248642039,0.497481460525634,3958.0103131718,37.2042425511705,651.121267302201,7.18287464445488,1.0000354,0.96922115722339,75,
4346,92.9963492664504,83.0464724712223,75.6922157095321,1766.72963894273,30.3815608033254,78.3208761665338,98.0390690799235,141.86619539868,50.5419879524829,7.72300556206005,7.32250431011901,-1.46215518426539,0.670226608904701,4602.47509046704,32.4423663969624,622.133923906216,7.25984349543348,1.0000354,0.999984815938135,75,
4347,64.7084157396862,51.6357427148708,41.9733322182682,423.281423435178,11.2693778280353,176.535769535838,100.862290095883,76.2037818263636,50.8590900508153,7.49595281724995,7.3115657654968,-0.897480047231809,0.935971767160022,3248.14752099105,42.6244924220719,512.002324628702,7.29585041467421,1.0000354,0.999786978285066,75,
4348,57.9454033088079,45.3237727523499,35.9947414714896,1061.02662074063,19.3625638126151,64.3071137443089,94.1323327130227,75.2605602647355,64.0756028889216,7.51570610969293,7.20303702756757,-1.05475034676333,0.625627512012878,3097.26049109135,41.1538325013323,527.938087088571,7.18963249977278,1.0000354,0.978978403465745,75,
4349,55.2492974112535,42.9467110209835,33.8534949933926,1339.04439768886,23.5774311786967,59.3968270912227,93.8750657919685,75.1943522173964,73.3738622623213,7.59085084666383,7.13391507938375,-1.09081635639576,0.488152313868234,3016.31342750827,40.1135635664196,488.752487503362,7.18467963421918,1.0000354,0.984380603184001,75,
4350,57.0304824555162,44.7991410702319,35.7585843941523,0,31.4648934507069,79.2842468589294,93.5979836205098,75.1645659060543,79.144390215855,7.17532397666678,7.08823612373931,-1.08960061321608,0.483509861957292,2997.65786242402,39.8812635487138,490.213104824979,7.13397224086149,1.0000354,0.993574051895271,75,
4351,56.8219259708339,44.5916423738762,35.5518675413423,0,20.9870981024229,36.2113636665437,47.7173471510758,83.6984971712237,115.103412995462,6.93339931468876,6.91073278131457,-1.12464790901894,0.446677081002567,3337.71314793601,39.8778145455585,718.443889976807,6.88316395676253,0.979287393708589,0.783840297216343,75,
4351.78099980448,108.653174323213,100.147884966608,93.8613667465086,0,0,20.3789569220819,14.977533456611,NaN,142.850526368785,6.80842682240443,6.80147731538354,-1.66814129364136,1.15655424423818,5098.46328895817,27.7321739050574,1641.94146007179,6.67634095877246,0.646106954870809,0.138540477649486,75,
