4320,125.755431683904,104.070538331939,88.0425736804862,494.860181856806,11.5093533979411,90.709930841935,97.7464819269417,74.3660871824229,44.3405194501091,7.46176471567137,7.39828258906871,3.21890872536708,7.44748999315995,5258.07823530738,70.705323280074,796.059242837688,7.05331250414923,1.0000354,1,0,
4321,127.161151407044,105.726658995496,89.8837733000038,492.787273409415,11.5671253332944,90.205737837507,97.7139348498116,74.8910831377488,44.3780052308559,7.46092252072999,7.39762235914153,3.04039798191951,7.44084376574567,5234.0532525347,69.8888710543497,805.65696934426,7.05390468600078,1.0000354,1,150,
4322,126.029309446282,104.620245164699,88.7961541739641,486.596387758514,11.5674810539053,90.5967538430882,97.7867544391393,74.8931985251855,44.4504330913968,7.46044765601847,7.39663032975354,2.68415475244884,7.33784043884399,5227.9916661849,69.8059606097182,802.461845930634,7.05447066879138,1.0000354,1,150,
4323,125.679851771869,105.124594102601,89.9315775644466,504.451686642346,11.8646510325654,85.1815012698635,97.159864352154,75.6074912425517,44.4101678412933,7.46406858011923,7.39674725839343,2.17510776129702,6.96042509198869,5067.36951912565,67.0220560932161,802.24084482178,7.05676238652015,1.0000354,1,150,
4324,123.887590669541,103.621019573564,88.6413800678424,503.101577312342,11.9205002627153,84.2518158206816,97.0734521514208,76.1670224912479,44.3162667093609,7.4649050100093,7.39739292182518,1.75833952141759,6.61916684163774,5033.17553365522,66.0807705097513,797.187266455461,7.05868330532644,1.0000354,1,150,
4325,122.517262836448,102.947110959294,88.4822160935712,514.118983461874,12.109959222493,81.183654095887,96.6810990985399,77.1533315149339,44.204202858681,7.46728726343944,7.39822218283232,1.30957494238487,6.1990491064173,4923.15718052491,63.8100401351039,796.528177445676,7.06126513609699,1.0000354,1,150,
4326,120.838173373315,102.083528359299,88.2213994358957,524.161035830735,12.2908105705124,78.2982732902135,96.2956876334526,78.4359967272377,44.0331018754552,7.47143654555485,7.39963800031852,0.849671446589918,5.72904103418377,4796.44081269527,61.1510150036719,802.839224540912,7.06514665305212,1.0000354,1,150,
4327,118.965851797591,100.890518393215,87.5304893551977,534.365978612141,12.4782695918945,75.4965303445499,95.8987016542209,79.9350203954189,43.8576716089848,7.4764787063632,7.40110434769874,0.406453080349563,5.2431976866603,4711.05558597093,58.9360653524137,803.837227483022,7.06995001764332,1.0000354,1,150,
4328,115.14931339604,98.1335046804885,85.5566025863851,549.375400795614,12.7260498707411,72.2212987566188,95.3757759729667,81.8125126188767,43.7603572218745,7.48209165405505,7.40180320437156,-0.0613801296365413,4.66489690994246,4539.0727907612,55.4814006496348,792.663343423655,7.07595399511669,1.0000354,1,150,
4329,105.377467296797,88.7198962203324,76.407778468163,619.222730523768,13.6305243977631,61.5918196011735,92.8744099416957,85.5355430943915,43.8353630024255,7.49244866479957,7.40080041237016,-0.491111916403532,3.81435599695303,4645.72088638348,54.313338272217,802.636513798129,7.08419467054478,1.0000354,1,150,
4330,90.7069704161832,75.2132463196107,63.7613632917093,790.539874887814,15.8617216243178,52.8247680978902,90.0651305618597,92.6894496235087,43.9636223659932,7.51663584971223,7.39929461249184,-0.925736414210932,2.62870977517476,4682.53403926119,50.5185224238678,790.596023611815,7.09677739142878,1.0000354,1,150,
4331,47.473858744431,33.7586488283549,23.6213197599508,697.120212873892,13.1192151036646,50.6638500421848,89.7120453995053,70.1529564851029,43.8663188473773,7.54234217340119,7.40004211882433,-1.07024794466137,0.717397670527655,3137.20760500699,44.7195351727362,496.040990672274,7.1091874515986,1.0000354,0.786300805994002,150,
4332,43.9488279886748,31.4680994938408,22.2432132150504,652.946965259527,11.0433612084955,47.4723669812001,87.2212588516833,73.644218739878,46.2348898462894,7.50624291573084,7.37658845159215,-1.3272948820927,0.262677787209971,2996.90803875356,40.6944100980835,468.416836580516,7.08779112223929,1.0000354,0.57530779802632,150,
4333,44.9062226983453,33.1303513883291,24.4264465070127,783.587119197612,12.5472199075293,46.5279201732081,85.8525243216897,86.1151002034484,52.4315499109986,7.47353785481459,7.31984394131311,-1.45814536958135,-0.033062698881249,3306.4897740342,38.3961670627167,489.11597774897,7.06024634637073,1.0000354,0.530708393245319,150,
4334,67.6998113252119,58.309247611606,51.3683961711146,1884.3529840187,33.8643284687936,52.6820908100699,93.8819504605261,151.721248002831,56.4091434619454,7.71719924486659,7.28275427141132,-1.75653718048083,-0.315268423322656,4645.50457111187,30.6186815114069,570.6918279886,7.13777705058803,1.0000354,0.974318563478516,150,
4335,47.3482452751688,35.4063168129876,26.5796740365927,1052.48723803803,19.8441577757359,68.6728335332486,95.2936424696732,84.7414633202279,67.2945930350186,7.50603901135517,7.19798941921406,-1.2182924693213,0.0941855651892878,3299.63001940662,38.9376096437904,447.644198420454,7.13221143118203,1.0000354,0.944335674772778,150,
4336,46.121738118157,34.2978085336202,25.5583823189626,1497.11394686657,27.3442748258167,56.7656105612137,93.8291397115731,85.3136106219783,83.0868237115708,7.61599011846522,7.09552775602887,-1.25523524713714,0.0427921771151385,3289.084104229,38.5528648975229,418.753407314856,7.13047383403187,1.0000354,0.952831317938325,150,
4337,46.9612818713657,35.249488271649,26.5929451762061,1331.78946842711,29.3770879905592,55.8338838617658,93.7458152082847,86.9870109238623,84.408779443454,7.62199502926838,7.07382412314405,-1.29020311787644,0.0117358830525194,3321.7935655924,38.1872365806418,412.310049981315,7.15292057760295,1.0000354,0.9565550244808,150,
4338,4.698069755037,4.698069755037,4.698069755037,0,4.56485548445429,55.2665309226242,95.7975130790383,0,16.0397287643011,7.8027059117235,7.77870490326537,3.22825012366455,-0.00275158414865206,0,0,1.47917981554413,7.05644423767558,0.00640534290028475,0.343020304244425,150,
4339,3.9895945699814E-09,3.9895945699814E-09,3.9895945699814E-09,0,0,0.230057386807512,1.28008050576722,0,0.0721548288410841,10.1417930601888,10.1256233252556,0.05952670321114,-0.00275601840468243,0,0,6.46091960622191E-08,7.05865554135596,0,0,150,
4340,2.38921722925326E-13,2.38921722925326E-13,2.38921722925326E-13,0,0,0.356843780120339,77.9819940124069,0,0.000485167425495518,12.3140611362361,12.2979268718647,0.0574192561858156,-0.00275764967631265,0,0,0,7.05851898999105,0,0,150,
4341,1.59281148616884E-13,1.59281148616884E-13,1.59281148616884E-13,0,0,0.133932701198316,97.3681440094563,0,3.26711343695564E-06,14.4860367890839,14.4699027632231,1.09455834511532,-0.00275824978760841,0,0,0,7.05770547244126,0,0,150,
4342,1.59281148616884E-13,1.59281148616884E-13,1.59281148616884E-13,0,0,0.00235567381765464,25.3173813159902,0,2.1999750326784E-08,16.6580572573474,16.6419232330928,0.000846032364139049,-0.0027584705562167,0,0,2.61671268780013E-12,7.0567022988832,0,0,150,
4343,1.59281148616884E-13,1.59281148616884E-13,1.59281148616884E-13,0,0,0.000607085842626479,59.8712534011093,0,1.48181487347785E-10,18.8298324524836,18.8136984282398,2.13340478838475E-06,-0.0027585517724491,0,0,2.62903703095116E-12,7.05571991841536,0,0,150,
4344,1.59281148616884E-13,1.59281148616884E-13,1.59281148616884E-13,0,0,0.000102886567042042,71.472268964521,0,9.98003077363113E-13,21.0016841812317,20.9855501569879,-8.86752449247297E-10,-0.00275858165023113,0,0,2.64131053368301E-12,7.0547298684481,0,0,150,
4345,1.59281148616884E-13,1.59281148616884E-13,1.59281148616884E-13,0,0,4.46134486521147E-05,97.3342154127633,0,6.72198953145551E-15,23.1734798689874,23.1573458447437,0.196143785137902,-0.00275859264165268,0,0,0,7.05376974849087,0,0,150,
4346,1.59281148616884E-13,1.59281148616884E-13,1.59281148616884E-13,0,0,6.02648400993381E-07,15.4343802793113,0,4.52666596847057E-17,25.345446226584,25.3293122023402,3.90161148651202E-05,-0.00275859668517109,0,0,2.66551256168937E-12,7.05279406658725,0,0,150,
4347,1.59281148616884E-13,1.59281148616884E-13,1.59281148616884E-13,0,0,9.9755899369188E-08,22.5026567157582,0,3.04954560279356E-19,27.5170604490845,27.5009264248407,1.15289610302938E-07,-0.00275859817269808,0,0,2.67730727616292E-12,7.05192767303521,0,0,150,
4347.6442520341,1.59281148616884E-13,1.59281148616884E-13,1.59281148616884E-13,0,0,121.8364336766,100.027920833225,0,1.21723783441858E-20,28.9158043111139,28.8996702868701,0.278386003647474,-0.00275859858386074,0,0,0,7.05145227243524,0,0,150,
