4320,122.470336441243,101.350646877162,85.7404415471886,512.613067738517,11.7077769946763,92.0112630636524,97.8542015208826,74.7099017513479,42.4903042572693,7.45035551367325,7.38084904517761,3.08140914592255,7.26834251145369,5144.70547507873,68.8624312772023,760.692307828709,7.0799124686614,1.0000354,1,0,
4321,123.970330005398,102.965211634483,87.4396893603281,512.140945312959,11.7222365435183,91.8003804476846,97.8392409388727,75.4971886788065,42.4894459030976,7.45075247077903,7.38079224582971,3.02802604548095,7.27636594824032,5170.71659489821,68.4888627693991,763.154207228746,7.08046760991517,1.0000354,1,37.5,
4322,123.953891721121,103.017120371491,87.5421154608948,509.680962960655,11.7109827739545,92.5495154679604,97.9290930183969,75.2558643451295,42.5441153228575,7.45038159135388,7.38017150827168,2.94079811755842,7.25846217478171,5137.41772780989,68.266011858548,764.508681912558,7.08078901782304,1.0000354,1,37.5,
4323,123.559438526456,102.760420300497,87.3872329160918,510.744900981219,11.7408193416535,91.5751516170936,97.8246334255178,75.0543089853993,42.5707510227199,7.4504274944224,7.37983931884449,2.8350470134678,7.20784469002442,5089.94732607415,67.8168568184982,763.813871675196,7.08085066041271,1.0000354,1,37.5,
4324,122.827494134335,102.1923073584,86.940212784882,511.636814286172,11.7674524092675,90.7975930354465,97.7401047665745,74.7999488545629,42.5906419305986,7.4504731144179,7.37957733566912,2.74490507281542,7.15212460424217,5032.74037328503,67.2826713166666,761.760357797921,7.08061713114735,1.0000354,1,37.5,
4325,122.167150646692,101.461381963306,86.1571181538463,513.291766544468,11.8021682042801,89.8745943292021,97.6371347298249,75.0565863876893,42.5581684814305,7.45077717306762,7.37985079844306,2.63477238802817,7.07059231860011,5067.28099989861,67.5128092520038,758.199656761694,7.0803455956147,1.0000354,1,37.5,
4326,121.874111533998,101.367277538814,86.210052411939,516.832643218249,11.8575729797914,88.458004547827,97.4737111512744,75.4098223546466,42.536602660377,7.45192505049095,7.38001440452681,2.51783032040936,6.9703682611326,5042.21494359803,66.8641668440071,756.975587704769,7.08079971088351,1.0000354,1,37.5,
4327,121.695864386056,101.40140582031,86.4011538369337,517.390805231772,11.8774677006733,87.8975049091022,97.41291193587,75.7840982939236,42.4960185753702,7.45273856327189,7.38037346289704,2.39578485712707,6.86172579539238,5014.76260402943,66.1716998278452,755.601922201403,7.08157457472258,1.0000354,1,37.5,
4328,121.522418528271,101.454479638004,86.6216552408496,516.893973643775,11.8847642294866,87.6802102473628,97.3936296731273,76.1476958740432,42.4623003540846,7.453206433078,7.38066353750224,2.2720699890249,6.74705158347163,4982.58089314077,65.4331143700331,754.40189159956,7.08234052002419,1.0000354,1,37.5,
4329,121.457233355386,101.353070853767,86.493472483005,518.151540338429,11.9113473484012,87.1182920882464,97.3300363829067,76.4971351277705,42.4509333978399,7.45384352938544,7.38072577395163,2.1468975139737,6.63126737556264,5014.48086629883,65.551224342236,760.59059075859,7.08308003882833,1.0000354,1,37.5,
4330,122.230042130899,102.516685429838,87.9459435203593,523.550212570415,11.9820642312161,85.4051262762187,97.1198243705133,76.9696570921855,42.3761628586078,7.45624381987322,7.38143864571762,2.00288684981249,6.45448760366837,4947.37640742913,64.2769708783258,763.975655261137,7.08504862583019,1.0000354,1,37.5,
4331,121.403659480619,101.993185574344,87.6463135566623,517.568467380721,11.9283267857615,86.3854810139612,97.2568505461759,77.0640381146551,42.3448554122426,7.45584838811389,7.38170703366473,1.89091909038586,6.32615523729119,4877.33653218466,63.2893973830985,756.500457332887,7.08636157483599,1.0000354,1,37.5,
4332,120.321206496569,101.150755876581,86.9812923748507,513.891004015107,11.8984494937823,86.9578057696866,97.3379831074079,77.3475732780513,42.3403809482694,7.45580382258067,7.38169937444112,1.779700834792,6.21647781975204,4834.74792632534,62.5067823258687,750.897777157832,7.08637936917284,1.0000354,1,37.5,
4333,120.650375134735,101.553002616765,87.4375533643519,521.087576868484,11.9887529303941,85.3403095977914,97.129811329572,77.9029865517883,42.3006186920639,7.4564054320863,7.3820535237022,1.64644722557034,6.06320466335847,4850.90253481666,62.268505349174,764.290747510269,7.08623193236288,1.0000354,1,37.5,
4334,120.292305826521,101.495430564683,87.6020879798456,519.720674540498,11.9847802944381,85.166331732089,97.1217675429169,78.1473273927073,42.2984067038915,7.4579479632228,7.38202353749317,1.53808185173015,5.93330671227071,4789.54889310468,61.2887100928757,759.278441914557,7.08797057359976,1.0000354,1,37.5,
4335,119.481280469969,100.894688357255,87.156772447858,515.260098987551,11.9468623857616,85.8568728072576,97.2199337999622,78.2850170805826,42.2823591328715,7.45767474635806,7.38213505505478,1.44911317975208,5.8421405196962,4744.31198832531,60.6030651234547,753.92374934236,7.08859280736928,1.0000354,1,37.5,
4336,119.950118818262,101.464855441597,87.8018346849312,527.164390250631,12.0844765863744,83.3334893691184,96.8813749650834,79.0059600722109,42.1976794448613,7.45925977022477,7.38295206804255,1.29768444131035,5.67495144848339,4761.90053100207,60.2726747026392,759.297069385757,7.08854910044005,1.0000354,1,37.5,
4337,119.396940650164,101.237505768089,87.815314768295,518.935123659253,12.0073082864039,84.3954666257764,97.0484016172831,79.2435378977644,42.1963866627125,7.46047069069481,7.38291263496989,1.1907745859888,5.53986601776774,4692.03245732761,59.2102849241917,761.420905118873,7.0904710598638,1.0000354,1,37.5,
4338,118.516348138076,100.574193650894,87.3126012038465,512.424135084142,11.9469052794513,85.5547178175361,97.2079483348371,79.4170497859695,42.1851497350956,7.45961061590889,7.38297472250942,1.10374064781739,5.44682529192056,4646.04233884201,58.5018248771918,755.18441968312,7.09120769786214,1.0000354,1,37.5,
4339,118.249200167291,100.266032778389,86.9741264474617,514.234608825558,11.9769886850172,85.1404358343762,97.1565099664202,79.888377738454,42.1794951446385,7.45952329419501,7.38297911509705,1.00541056676241,5.35434925263107,4684.29902421402,58.6355507123942,755.510097724477,7.09072456792344,1.0000354,1,37.5,
4340,118.323304719709,100.684495185002,87.6471142245662,524.20793394621,12.0936327485596,82.9999968848853,96.8715570189259,80.3034602994817,42.1595859238955,7.46137265743511,7.38313113513492,0.879679907866543,5.21398499811009,4618.47239306203,57.5127444799765,758.13999915611,7.09134824338954,1.0000354,1,37.5,
4341,117.641983404754,100.253507949329,87.4011565257538,517.340877257976,12.0300892810144,83.9481765373482,97.0165279646151,80.575097873384,42.1459656707833,7.4617231477992,7.38321820432982,0.787843058152483,5.11536658746685,4568.32686330403,56.6965102603129,752.310226748182,7.09258437467878,1.0000354,1,37.5,
4342,117.168721947338,99.7806895176951,86.9286655479591,517.658493261701,12.0432969536903,83.8158182286172,97.0012961284962,80.9454309111291,42.1273891912996,7.46142021392319,7.3833561582661,0.683813761107632,5.00870101699341,4589.20652681341,56.6950657394357,759.1715150047,7.09254915676505,1.0000354,1,37.5,
4343,117.152986907156,100.057400746588,87.4215327148632,526.355784181286,12.1467503572014,81.9785911434641,96.7520930872303,81.3576397017664,42.0912975037737,7.46337253720779,7.38367524586889,0.584913668633519,4.88723542929428,4534.99861190102,55.7415213681839,759.464317159272,7.09357938013796,1.0000354,1,37.5,
4344,116.797681510558,99.8802996226982,87.3761477925409,522.315238570954,12.1131284182987,82.3488335786692,96.8189747682791,81.6641276695857,42.0538927671733,7.46410663111559,7.38400814992284,0.517380300600914,4.81084362576845,4504.63183852914,55.160472132329,755.762501675112,7.09485853727495,1.0000354,1,37.5,
4345,116.385559808822,99.657072712393,87.2925387715541,522.164433294587,12.1212877621472,82.2098551176565,96.8046812851457,81.996529711958,42.0057703560496,7.46417262670021,7.38445223954332,0.436554219248224,4.73783901430133,4472.46509450533,54.5445656080379,754.007415902209,7.09538687649794,1.0000354,1,37.5,
4346,116.169078950984,99.4066126578212,87.0169636585271,521.439260300881,12.123179731062,82.0827186625773,96.7979968596647,82.3729813299822,41.9912261181453,7.46503937256889,7.38454975308444,0.351922307840171,4.66455334496987,4502.1247418992,54.6553574874741,752.570836227514,7.09571324193499,1.0000354,1,37.5,
4347,115.952786590754,99.547268434613,87.4214506670306,533.558555444983,12.2646369464132,79.908206941677,96.482838626675,82.8228848085277,41.9620491746379,7.46703726016557,7.38479932321589,0.2317001398129,4.53888423299172,4430.32031244931,53.4914996343275,761.098900926278,7.09704073213687,1.0000354,1,37.5,
4348,115.142971018516,98.869591657744,86.8414416954339,534.330251267586,12.283060358903,79.4120654164675,96.4266632350457,83.3228540883926,41.932552811329,7.46920214443574,7.38505261477106,0.122280871121444,4.41656481936751,4421.16484438156,53.0606505592258,761.664223128614,7.09906835642784,1.0000354,1,37.5,
4349,114.219088006655,98.4664910919677,86.8232672854598,542.365516323139,12.3812009878912,77.8997005111544,96.2001094822898,83.9766192145198,41.8527027298849,7.4714859784764,7.38582887709342,-0.00405781716258602,4.24534036712572,4313.25732421536,51.3625978821208,763.998982561383,7.10111294633411,1.0000354,1,37.5,
4350,113.35823878003,97.8539898155853,86.3943275375177,551.620556122531,12.493440961389,76.239393357208,95.9405397359085,84.7677783428927,41.7845616249895,7.47437849822634,7.38648579273545,-0.107302235663565,4.07494828976519,4285.25190135064,50.552839594503,765.215278452574,7.10355746570451,1.0000354,1,37.5,
4351,112.034195143497,96.735557692118,85.4278691410985,563.199970835183,12.6319386522543,74.4675592761112,95.6340533636861,85.7513358553735,41.7073447422184,7.47625869859598,7.38723945597251,-0.207631371948506,3.90942185555386,4277.48473953871,49.8824268668307,760.971389334672,7.10654586590502,1.0000354,1,37.5,
4352,110.162918571735,95.0116979082812,83.8129695918154,574.159836965719,12.7638969397585,72.6596073733727,95.3222506833867,87.1234662670168,41.6931582215195,7.48032901540739,7.38733962164388,-0.313093681474858,3.694327035688,4304.0528043112,49.4017626791857,762.91035767612,7.10917625324368,1.0000354,1,37.5,
4353,108.89785317531,94.0302756860957,83.0411966723289,586.674062140987,12.9134308479712,70.8914052926921,94.9723707037901,88.9091121887335,41.5835426276041,7.4821325401013,7.38843773338996,-0.392845990645388,3.51644626616175,4310.04005223801,48.4769215003383,759.645631293614,7.11241832289956,1.0000354,1,37.5,
4354,106.801060376101,92.4355696006967,81.8175981580067,588.641502665896,12.9439363646574,70.5087318266457,94.9173766511062,90.9146031745375,41.6123776624503,7.4841400520235,7.38809461005737,-0.519558083031954,3.25488196343473,4258.42435252374,46.8398277485569,750.331529985804,7.11506777060704,1.0000354,1,37.5,
4355,104.07625567855,90.0774468035438,79.730501113322,598.341702840596,13.0610325543609,69.1616538404508,94.6537312434552,93.5750424002217,41.6918959026752,7.4873452431435,7.38722752928678,-0.602145327072788,2.96923826048845,4271.16096194722,45.6442321840412,751.309068717914,7.11705167025909,1.0000354,1,37.5,
4356,101.65718850892,88.258995710667,78.3559836423929,596.610430985708,13.0478661861241,69.5582786309309,94.7502086174935,96.4826870932378,41.7737864353686,7.48723741085304,7.38634159211768,-0.722596428397084,2.62127698228266,4214.93066500141,43.6858755905942,743.693981890087,7.11807185102334,1.0000354,1,37.5,
4357,100.137821110365,87.0430405845306,77.364289761088,592.477360198694,13.0063536641826,70.4815044071686,94.9419027981509,98.7158823385829,41.95493056821,7.48537422681251,7.38443278204422,-0.818876519112727,2.37152398914914,4214.8301422063,42.6965756913358,734.462580344148,7.1174845999786,1.0000354,1,37.5,
4358,94.3056053517722,81.3463571015531,71.7677823079129,598.36214133311,13.0777991227353,70.2543299072225,94.874404937948,97.3429415058513,42.4561086224198,7.48354473284618,7.3792493809074,-0.873088437366556,2.08080373743343,4113.19308201176,42.2546619033956,715.761316601041,7.11428094265802,1.0000354,1,37.5,
4359,88.0793788446051,74.9740670790518,65.2875322958168,609.264257842657,13.2072763512654,68.8837337269691,94.5902346349134,94.9602360415615,42.9117676275265,7.48584023117525,7.37459110682711,-0.907547887313474,1.84109313499093,4057.7376453253,42.7309136378867,708.545931851413,7.11216526365916,1.0000354,1,37.5,
4360,79.4413211319285,66.4515461770148,56.8504081668613,626.930492825945,13.4147074174412,66.6165481361999,94.0494948618687,91.7984566416341,43.2519633825642,7.48713241047142,7.37114530687318,-0.930253866988073,1.50110607770984,3888.04988544009,42.3541966573402,688.939676844444,7.11047699417336,1.0000354,0.999806458733581,37.5,
