4320,130.882437301361,109.556070529273,93.7931037846864,511.249668113858,11.6949193354793,91.2662652617152,97.777167707417,76.595007390996,42.5410619141859,7.45276522558412,7.38595199573494,3.20293234688425,7.66076223397387,5326.13485152322,69.5363187881789,795.483305277039,7.07695190236225,1.0000354,1,0,
4321,132.038571195281,110.956521968432,95.3741377572823,505.242371988553,11.703682456073,92.0115314354142,97.8878361565833,77.2827500683122,42.6121156107684,7.45180209660415,7.38495765752371,2.99914545133571,7.64659263604989,5312.39320613946,68.739701957341,804.667627804335,7.07756815245361,1.0000354,1,150,
4322,131.050717316057,110.106876412839,94.6266461800252,505.308343600707,11.7811562378062,90.327909889132,97.7165554793768,76.8859460099423,42.6411505916728,7.45083858498157,7.38440122509786,2.68879472430668,7.51576837010927,5250.46918793995,68.2890627015371,804.77881010125,7.07778176596847,1.0000354,1,150,
4323,129.708870391811,109.108390457566,93.881948767037,513.375505163084,11.946448627532,86.8272142192786,97.3170472802881,77.3431528082116,42.6233484984805,7.4520136753694,7.38432893598041,2.27945376070115,7.24950236050149,5195.10143566576,67.1695068928479,802.144974892171,7.07810563013072,1.0000354,1,150,
4324,128.353017505522,108.280492597298,93.4442785346981,520.862441833412,12.0940641197683,83.9133905302466,96.9664048852334,78.2647449725254,42.5701471295211,7.45432599681863,7.3846236082665,1.82510432396436,6.87228538050932,5122.27630769448,65.4480674471326,803.767299897272,7.0800570725445,1.0000354,1,150,
4325,126.714558646152,107.351904890848,93.0403782021456,531.380051659766,12.2766999307813,80.8627921468175,96.5681387852345,79.4550116167796,42.4847934374695,7.4573088533038,7.38525224309961,1.35423208377427,6.41930437890832,5016.27106653283,63.1334759691038,802.082998820188,7.0831147563102,1.0000354,1,150,
4326,124.450736886433,105.96678625252,92.3047357839756,548.210080051291,12.5345966117558,76.9909710012723,96.0073543706464,81.0547244080105,42.3616412376908,7.46267043886439,7.38627317380392,0.802444167368243,5.81913180176948,4885.03809862612,60.2683944002571,801.445745628574,7.08765049606794,1.0000354,1,150,
4327,121.155852995937,103.843459004411,91.0473417063267,558.242864960508,12.7229580093294,74.0010400173567,95.5642994079952,82.9573675022185,42.1154820332508,7.46959131397781,7.38856510270256,0.276391642024942,5.13324108879418,4682.81403035488,56.4484405828047,794.919321803939,7.09408335679528,1.0000354,1,150,
4328,116.747333258865,100.306071931957,88.153835299025,567.056412084438,12.9025670689254,71.2726332883925,95.1393997863674,85.350583542752,41.9147803322867,7.47694003175169,7.39040056645785,-0.159352726702328,4.41532967914559,4575.47776046223,53.6080430917075,790.761277693447,7.10107444104023,1.0000354,1,150,
4329,109.685023197407,93.8870819229526,82.2103427200952,590.270647277497,13.2551082646025,67.1376928133301,94.308765438274,88.705685350349,41.8215248037336,7.48217645533792,7.39113359290731,-0.546880055086041,3.72170928523636,4569.26948445973,51.5104467815462,786.009147065272,7.10754535201468,1.0000354,1,150,
4330,95.2404236524625,80.4835340899608,69.57626789159,652.527712898784,14.0881191596039,58.402497880872,91.8786709216758,94.3680210371365,42.0103005405213,7.49090834559871,7.3889602227764,-0.933369416868306,2.5866332968992,4540.61308671014,48.1160146923424,770.553272982399,7.11431591082019,1.0000354,1,150,
4331,48.8317767361796,34.7859430276492,24.4042398517788,678.937739713806,13.7782758650945,54.2000280057465,90.7109944403759,69.7688623685369,42.7400179787309,7.51170108012367,7.38128682149493,-1.08980231185162,0.884231012480389,3195.24368850916,45.7975604021041,527.109223809834,7.11705844735591,1.0000354,0.906430496496511,150,
4332,43.4365646047434,30.9024990916605,21.6381897993819,640.59233720101,11.0399296831124,48.8718902196209,87.9133918205487,72.9133398639093,43.9435108795092,7.49918936700288,7.36889729847372,-1.32868895853038,0.242271581242431,2979.84568377693,40.8683196975853,471.40657285418,7.10391858837616,1.0000354,0.600049462738374,150,
4333,41.3104427540075,29.5853322808608,20.9189462789698,621.214229655993,10.248966803921,48.3070565251388,86.5860003340892,76.6053068329858,48.7836906797759,7.45660885445849,7.3221860703546,-1.40077723353738,-0.0438766027183322,2928.67123350223,38.2306573079499,447.64745544264,7.07777653440366,1.0000354,0.516434366208711,150,
4334,55.5741360550674,45.1487231480332,37.4429831732687,1518.24465683212,26.1576446655365,49.2219874455886,90.2637473673637,120.600090533342,57.5532894125486,7.58196470316929,7.24671979536264,-1.57983235092089,-0.240944838831965,4099.54558671372,33.9928897945589,576.095262584841,7.07508606105023,1.0000354,0.859703494208622,150,
4335,47.6649260615557,35.3568292960469,26.25954038241,810.256665242579,16.5369731801504,92.3073646647302,98.4362844646671,83.8955638728153,60.5775636473091,7.4989279541327,7.21737181546104,-1.13267888437759,0.211645977581051,3366.85738743373,40.1315305841182,436.540665570724,7.16018680381238,1.0000354,0.978204709256338,150,
4336,44.4546595098751,32.3657548306706,23.4304774590846,1517.78385186525,27.4989047789466,59.6632741345307,94.4420015942284,83.5567921838234,80.7178074297988,7.60248328955043,7.0835521408246,-1.19335199218655,0.0771111072658255,3293.54448406387,39.4168373148904,410.414440956268,7.13815632124707,1.0000354,0.941243980731826,150,
4337,44.4139681261417,32.4374241686516,23.5851960261589,1626.90369660108,29.7898455783992,55.6211448080377,93.9226687009244,84.9042927312673,83.4836672179223,7.63829154866052,7.05617583876579,-1.20696911935608,0.0475878046590403,3315.5530647411,39.0504762254512,403.398089824886,7.16363638825926,1.0000354,0.946046367719656,150,
4338,47.5496427385184,35.8491397565523,27.2009419003165,0,18.1971876026407,77.5339435086305,92.3431797108392,86.4449480396028,90.4938732980287,7.09153448299423,7.00388597857141,-1.22505303644042,0.0243910256043489,3297.9113012035,38.1504226214889,420.225986775415,7.11055923879027,1.0000354,0.971341444099358,150,
4339,74.205854924905,64.9490433714414,58.1070522232291,0,10.1955855055453,26.2408209240904,25.6623596255821,164.844929056487,137.148784986913,6.80615338177734,6.80116017666489,-1.73772765008926,-0.137485912636245,4975.44392884959,30.1825719318588,1000.28596921925,6.83819782974861,0.797066046749284,0.354988700843678,150,
4340,5.9795076419028E-05,5.9795076419028E-05,5.9795076419028E-05,0,0,2.20488915701948,7.7814374097221,0,2.0845980603286,8.61469671341213,8.6061032699881,-0.0032637261134516,5.38061787114396,0,0,0.00100146634848564,6.70120725871782,5.27050623476644E-08,0,150,
4341,2.15029550632793E-12,2.15029550632793E-12,2.15029550632793E-12,0,0,0.357585776902517,12.9873164016168,0,0.0131827877667956,10.8135076967805,10.8054316758063,1.39646782175825,5.38204650368761,0,0,0,6.70057773498248,0,0,150,
4342,1.59281148616884E-13,1.59281148616884E-13,1.59281148616884E-13,0,0,0.0348166610749796,6.54575877202539,0,8.87349214973521E-05,12.9856797245288,12.9776069763025,-0.00147239737737292,5.34535624789654,0,0,2.69696052365234E-12,6.69927208303679,0,0,150,
4343,1.59281148616884E-13,1.59281148616884E-13,1.59281148616884E-13,0,0,0.00647080482387168,12.6927674556421,0,5.97562494281753E-07,15.1576285729649,15.1495558467679,0.373716841527116,5.32151630591676,0,0,0,6.6976814879418,0,0,150,
4344,1.59281148616884E-13,1.59281148616884E-13,1.59281148616884E-13,0,0,0.000184778053124618,0.404873041086093,0,4.02270112155703E-09,17.329887284794,17.3218145587454,-8.58381120600882E-05,5.3120945269322,0,0,2.72523779158703E-12,6.69591918473523,0,0,150,
4345,1.59281148616884E-13,1.59281148616884E-13,1.59281148616884E-13,0,0,2.3884617104596E-05,0.364927165952391,0,2.70895392077933E-11,19.5018471729038,19.4937744468561,0.325188827197729,5.30603048632986,0,0,2.73894766052928E-12,6.69426847841145,0,0,150,
4346,1.59281148616884E-13,1.59281148616884E-13,1.59281148616884E-13,0,0,1.63680005836075E-05,13.2676950632924,0,1.82457651332561E-13,21.67365383873,21.6655811126823,0.473853469802542,5.30295664294042,0,0,0,6.6926975587324,0,0,150,
4347,1.59281148616884E-13,1.59281148616884E-13,1.59281148616884E-13,0,0,1.16397602131794E-06,3.37134566431685,0,1.22860093510864E-15,23.8456839065548,23.8376111805072,-2.60451674751749E-05,5.30162081209553,0,0,2.76546571156916E-12,6.69108668965088,0,0,150,
4348,1.59281148616884E-13,1.59281148616884E-13,1.59281148616884E-13,0,0,2.76337782431461E-07,11.2934231341952,0,8.27452366508088E-18,26.0175471753737,26.0094744493261,-2.25999094269902E-05,5.30083708871099,0,0,2.7783013124987E-12,6.68956725302512,0,0,150,
4349,1.59281148616884E-13,1.59281148616884E-13,1.59281148616884E-13,0,0,1.02106480894676E-08,0.63947143885483,0,5.57549760196117E-20,28.1889935038033,28.1809207777557,9.98361264548109E-06,5.30054876179637,0,0,2.79085804122365E-12,6.68821082559903,0,0,150,
4350,1.59281148616884E-13,1.59281148616884E-13,1.59281148616884E-13,0,0,2.84156585186445E-09,3.27249055670137,0,3.75650204031085E-22,30.3605211029387,30.352448376891,0.0114229220457234,5.30044269225215,0,0,2.80317107738339E-12,6.68687531766208,0,0,150,
4351,1.59281148616884E-13,1.59281148616884E-13,1.59281148616884E-13,0,0,6.94615182032743E-10,11.6553697529397,0,2.53169793074727E-24,32.5317921782222,32.5237194521746,-2.20402371464701E-07,5.3004036714475,0,0,2.81523777950698E-12,6.68565960613027,0,0,150,
4352,1.59281148616884E-13,1.59281148616884E-13,1.59281148616884E-13,0,0,5.87683991160321E-11,4.29002672711268,0,1.7065058826165E-26,34.7029279626139,34.6948552365663,0.000260004661429392,5.30038931649569,0,0,2.82705196430232E-12,6.68451311373377,0,0,150,
4353,1.59281148616884E-13,1.59281148616884E-13,1.59281148616884E-13,0,0,1.34987345311103E-11,13.1608431731389,0,1.14995129337129E-28,36.8743122404208,36.8662395143731,0.0109004686716014,5.30038403560404,0,0,0,6.68332861592912,0,0,150,
4354,1.59281148616884E-13,1.59281148616884E-13,1.59281148616884E-13,0,0,1.36177671146987E-12,7.1681277858192,0,7.75018405059047E-31,39.0455746905589,39.0375019645112,0.000168620763010274,5.30038209287257,0,0,2.85000878922194E-12,6.68220624645989,0,0,150,
4355,1.59281148616884E-13,1.59281148616884E-13,1.59281148616884E-13,0,0,2.51940664157927E-13,13.702209646508,0,5.22249854123109E-33,41.2169696587891,41.2088969327414,0.151870538982388,5.3003813781816,0,0,0,6.6810717556837,0,0,150,
4356,1.59281148616884E-13,1.59281148616884E-13,1.59281148616884E-13,0,0,2.46983884753595E-14,7.0435917133811,0,3.51922265993485E-35,43.3883604133309,43.3802876872832,0.000235669899924407,5.30038111526149,0,0,2.87210432559523E-12,6.67997248393462,0,0,150,
4357,1.59281148616884E-13,1.59281148616884E-13,1.59281148616884E-13,0,0,4.58737669531702E-15,13.5900565732423,0,2.37123721673383E-37,45.5598314892969,45.5517587632492,0.0509130832979694,5.30038101853859,0,0,0,6.67887333393683,0,0,150,
4358,1.59281148616884E-13,1.59281148616884E-13,1.59281148616884E-13,0,0,3.99362533600576E-16,5.40337302257821,0,1.59799435374295E-39,47.7311586040956,47.723085878048,0.00200313453118328,5.30038098295622,0,0,2.89339038694269E-12,6.67784030127054,0,0,150,
4359,1.59281148616884E-13,1.59281148616884E-13,1.59281148616884E-13,0,0,8.44827116992127E-17,13.7875937558112,0,1.07676800537102E-41,49.9025923902025,49.8945196641549,0.0903747285283005,5.3003809698662,0,0,0,6.67679929317796,0,0,150,
4360,1.59281148616884E-13,1.59281148616884E-13,1.59281148616884E-13,0,0,9.76102845977891E-18,10.0224777950303,0,7.25629395047985E-44,52.0739345307487,52.065861804701,6.92542862257284E-06,5.30038096505065,0,0,2.91391690432462E-12,6.67580847557984,0,0,150,
