4320,130.485328184085,109.576506121596,94.1221593797555,507.468434051443,11.6590484747822,89.6824066100416,97.6194007703983,76.1958152219958,43.2900974846604,7.45968962399152,7.39268462655619,3.05950868322236,7.75060197237578,5194.64063393237,68.1748809799834,791.717667914615,7.06627871961569,1.0000354,1,0,
4321,131.818709267474,111.237273186674,96.0249073878223,494.540974391747,11.5805429225704,93.0473740075756,98.0265012220178,76.4782587369763,43.4117482320385,7.45786760164676,7.39121454203768,2.85651991897669,7.77944649124561,5132.25808622411,67.1074128907007,800.584048381069,7.067112895393,1.0000354,1,150,
4322,130.71387882061,110.226393893918,95.0834702524497,502.144448624916,11.7535900521029,88.7960504897999,97.5685184255114,76.0784616353706,43.4994016770296,7.45849757676374,7.39009542140179,2.52025389438023,7.64759981303654,5082.12322425226,66.8010776638716,800.767596689064,7.06697930776833,1.0000354,1,150,
4323,129.203939693627,109.084776443462,94.2140905629052,509.839717879618,11.9177392434528,85.7032049560474,97.2148230705183,76.5944676103951,43.4184481863204,7.4603955387263,7.39066722614944,2.09502729593451,7.34996077449823,5024.60745215179,65.6001354785822,801.210222043434,7.06824163009044,1.0000354,1,150,
4324,127.675248595969,108.102918161328,93.6364130574628,522.563724889973,12.124164536584,82.162115650538,96.7617797167902,77.3547000123916,43.2992139668229,7.46247055839507,7.39162941344158,1.6751106673798,6.99568268209047,4936.55599073771,63.8171434954426,801.156048113642,7.07045211505542,1.0000354,1,150,
4325,126.107873434986,107.239952654005,93.2940981637154,528.196537584821,12.2550449148362,79.8641099329599,96.4763199382137,78.5340475753505,43.1739698951925,7.46643419051543,7.39265955611647,1.22723580393666,6.56175413803354,4831.44285326178,61.5203596710866,796.970989414384,7.07387786928842,1.0000354,1,150,
4326,124.494064401463,106.123803456039,92.5457844963769,534.961054918925,12.4014238233535,77.5493198456893,96.171529596909,79.9164647813597,43.0326861008193,7.47064826817139,7.39385835395232,0.767637557126071,6.07909108438932,4786.81244122293,59.8977001087196,800.033867179875,7.07811242588558,1.0000354,1,150,
4327,122.695389175885,105.210800145943,92.2874082542463,548.135610031979,12.6242854592359,74.4817208950145,95.7033518201002,81.5045664263889,42.797181110365,7.47473957620049,7.39601867347474,0.316284045841459,5.55804927895083,4646.56687434161,57.0098962312519,793.093360921323,7.08314781375705,1.0000354,1,150,
4328,119.915669534607,103.094218562649,90.6609721920717,563.042463227447,12.8735754615986,71.0986163343478,95.146708561799,83.3974332475765,42.649679227352,7.48145375836682,7.39729712223975,-0.0981375159473803,5.04868658614601,4574.15587622586,54.847681734363,799.497480492749,7.0889016020777,1.0000354,1,150,
4329,110.62107641241,94.4263118481389,82.4562684745473,619.114889812063,13.6178212586697,62.5136565340573,93.133673088926,86.7579099658401,42.6802175156726,7.48962495469826,7.3967699796395,-0.60257285699091,4.15914544256046,4581.19250533486,52.804320748836,792.196799914723,7.09656694385005,1.0000354,1,150,
4330,94.6605240032921,79.580258788299,68.4339758033041,829.639498899746,16.3586759817108,51.9915426288991,89.7234483436628,93.4230994197663,42.7688860590219,7.51754851648578,7.39567010507735,-1.01270831060259,2.83247765013993,4593.65180145561,49.1704067836107,805.839936722264,7.10978268434655,1.0000354,1,150,
4331,48.1928388208769,34.8307152416357,24.9543630308922,790.623575862386,14.5972947429994,48.7493990216126,89.1897451232854,71.3004683260346,42.4457487177656,7.56038693175002,7.39878833127173,-1.18028862609391,0.722082502783932,3106.43798577428,43.568269026923,511.774748021417,7.13029126373945,1.0000354,0.820608166575405,150,
4332,44.3119070081118,32.1076301720583,23.0870777280187,638.25998705398,10.9950584036409,48.4955124520905,88.0365043024445,74.8694006231561,43.8984921091322,7.51277493483955,7.38370893150189,-1.37681214264736,0.198879115856899,2979.27936386818,39.7930174286279,474.032102858174,7.11387962980766,1.0000354,0.594686639555467,150,
4333,43.4282621272387,31.9396557401636,23.4480771062386,659.542485523777,11.2003771155688,49.0072243774507,87.4131794995207,80.5912468258201,49.6210510873679,7.47157626324716,7.32877184853448,-1.43726973933746,-0.0690385448009341,3018.90917113722,37.4595168835384,467.356041962276,7.08335086159599,1.0000354,0.571840809600816,150,
4334,64.3746167121,54.6552342279782,47.4713428266708,1804.39491720313,32.1742070859931,51.3264155520281,92.9543138548659,142.555493919354,55.7678691904022,7.68229740175552,7.27363575728623,-1.72381427692114,-0.231638946524284,4517.70068639109,31.6908213228655,570.802367494858,7.11809312079725,1.0000354,0.95845413801773,150,
4335,48.4804445793611,36.4322084836003,27.5269904997771,971.171009568432,18.6924066393844,72.1113840431361,95.8450917122602,84.4708864795607,63.2400222846642,7.49258620089296,7.21168502119395,-1.2073861304467,0.181356692575589,3318.37408390174,39.2842341568734,447.342394247932,7.14198098473682,1.0000354,0.952700929687296,150,
4336,46.3012026070674,34.433187130439,25.661175691192,1469.84171605074,26.8731824860088,57.4982865201627,93.9497960629542,84.555224092395,80.415530195128,7.60846318530718,7.09749877850355,-1.24850938342622,0.11196746191631,3272.00056929651,38.6966104627804,416.183681462012,7.13400893045379,1.0000354,0.952672155501676,150,
4337,46.52571265183,34.7774797828395,26.0940033144552,1553.97826190643,28.6593017156756,55.3014245962871,93.6968886808415,85.9182957329238,81.7004828980423,7.62843979192632,7.07716270458795,-1.26273450490128,0.0791625514100773,3291.19050843401,38.3060497226883,412.608374218525,7.15528035472581,1.0000354,0.953455588299013,150,
4338,49.5945054034544,37.9848308816091,29.4037671045931,0,25.2609986958625,78.5651899137172,93.5835938395333,86.6240714118802,86.6061034751545,7.15185686112431,7.03410631364216,-1.27434794374203,0.0721670835397474,3279.09091732652,37.8542691873151,416.217353612426,7.11541865432955,1.0000354,0.975188678696805,150,
4339,66.9843595680527,57.33780409277,50.2077413501698,0,13.121482864647,28.7785964489141,31.6089680101845,141.340471205186,133.880977601061,6.83772080712019,6.82317599641597,-1.6808908397579,-0.117471108192066,4445.63315525134,31.4533630554943,854.572683544776,6.85166080775347,0.86531592344834,0.457504635905267,150,
4340,15.174661963558,15.0305731654679,14.9240727494882,0,0,16.0182351664885,12.8708409559694,202,129.871877799072,6.93621739159993,6.81825752816551,1.32892987213612,4.21113468123935,94.9022283254188,0.469813011511974,204.234246110897,6.68422725335871,0.113316365525622,0,150,
4341,3.49646013386353E-08,3.49646013386353E-08,3.49646013386353E-08,0,0,1.09295787457833,5.48493988002999,0,0.64787578365885,9.14629514244568,9.1169329069313,-0.00131826432465676,3.82946953437701,0,0,5.71068007317683E-07,6.69125382588376,0,0,150,
4342,4.77843445850652E-13,4.77843445850652E-13,4.77843445850652E-13,0,0,0.118969647360826,3.45281508337212,0,0.00427742350662297,11.3262347657497,11.2974325852736,-0.000395026181784885,3.80539915886901,0,0,7.85102696590148E-12,6.69003823908786,0,0,150,
4343,1.59281148616884E-13,1.59281148616884E-13,1.59281148616884E-13,0,0,0.0210115685364232,6.19372483129849,0,2.8798549446783E-05,13.4983242763331,13.469525795383,-0.000207503697319478,3.79654416257752,0,0,2.63242977460769E-12,6.68843144987348,0,0,150,
4344,1.59281148616884E-13,1.59281148616884E-13,1.59281148616884E-13,0,0,0.0038958540829099,11.9982877932135,0,1.93931726488618E-07,15.6702949527185,15.6414964966762,0.162376662513956,3.79328659149026,0,0,0,6.68676484742806,0,0,150,
4345,1.59281148616884E-13,1.59281148616884E-13,1.59281148616884E-13,0,0,0.000235532464737733,2.09594682791855,0,1.30543688743984E-09,17.8426085075132,17.8138100516387,0.0642987050955464,3.79208819805918,0,0,2.66289428841577E-12,6.68499184205631,0,0,150,
4346,1.59281148616884E-13,1.59281148616884E-13,1.59281148616884E-13,0,0,4.72579442077609E-05,5.03577081316056,0,8.7916011511105E-12,20.0145119041554,19.985713448282,-2.8492714232442E-06,3.79164733375343,0,0,2.67771225204654E-12,6.68339262529773,0,0,150,
4347,1.59281148616884E-13,1.59281148616884E-13,1.59281148616884E-13,0,0,6.85495322336527E-06,5.86406831361189,0,5.92100235471112E-14,22.1863849815244,22.157586525651,-3.71492302564391E-06,3.79148514883899,0,0,2.69218772657905E-12,6.68184261485407,0,0,150,
4348,1.59281148616884E-13,1.59281148616884E-13,1.59281148616884E-13,0,0,1.29473403471211E-06,11.8409960167826,0,3.98784506053538E-16,24.3582264869946,24.3294280311212,-1.90625690388302E-06,3.79142548434331,0,0,2.70632523670609E-12,6.68034248328073,0,0,150,
4349,1.59281148616884E-13,1.59281148616884E-13,1.59281148616884E-13,0,0,1.32295045651178E-07,6.57982440125612,0,2.68728959067798E-18,26.5296016903712,26.5008032344977,-5.03392489026311E-07,3.79140353500197,0,0,2.72015218179145E-12,6.67903514916962,0,0,150,
4350,1.59281148616884E-13,1.59281148616884E-13,1.59281148616884E-13,0,0,2.42157300581534E-08,12.3783808386851,0,1.8103814486933E-20,28.7012180391907,28.6724195833173,0.0406813329851037,3.79139546029055,0,0,0,6.67768566858889,0,0,150,
4351,1.59281148616884E-13,1.59281148616884E-13,1.59281148616884E-13,0,0,3.30418305270059E-09,12.5916384653642,0,1.22025580414145E-22,30.8723840468828,30.8435855910093,0.102098744717379,3.79139248977022,0,0,0,6.67652277595705,0,0,150,
4352,1.59281148616884E-13,1.59281148616884E-13,1.59281148616884E-13,0,0,4.50032247098229E-10,12.7608257624939,0,8.22590918175614E-25,33.0434455808795,33.0146471250061,0.190336062827296,3.79139139697687,0,0,0,6.67543024158636,0,0,150,
4353,1.59281148616884E-13,1.59281148616884E-13,1.59281148616884E-13,0,0,3.63082183093256E-11,4.26660526773186,0,5.54366901664684E-27,35.2147464065448,35.1859479506714,-6.94178536875256E-09,3.79139099496066,0,0,2.77248450655772E-12,6.67430539358132,0,0,150,
4354,1.59281148616884E-13,1.59281148616884E-13,1.59281148616884E-13,0,0,5.35671712503337E-12,5.16374117663791,0,3.73530997674319E-29,37.3862152873583,37.3574168314848,-2.67134003806291E-09,3.79139084706716,0,0,2.78487798306542E-12,6.67315017773399,0,0,150,
4355,1.59281148616884E-13,1.59281148616884E-13,1.59281148616884E-13,0,0,8.37111448047718E-13,7.05807054178127,0,2.5168843739744E-31,39.5576696444462,39.5288711885728,-1.24179422300585E-09,3.79139079266018,0,0,2.79701675787418E-12,6.67203037797471,0,0,150,
4356,1.59281148616884E-13,1.59281148616884E-13,1.59281148616884E-13,0,0,1.28364304753372E-13,9.20119148835883,0,1.69658296988616E-33,41.7287735573004,41.699975101427,-5.72601077664103E-10,3.79139077264497,0,0,2.80891436257926E-12,6.67105486601608,0,0,150,
4357,1.59281148616884E-13,1.59281148616884E-13,1.59281148616884E-13,0,0,1.12294195384931E-14,3.58704616341305,0,1.14344434776632E-35,43.9000212900267,43.8712228341532,-1.06487707540737E-10,3.79139076528179,0,0,2.82057827893695E-12,6.67006035921551,0,0,150,
4358,1.59281148616884E-13,1.59281148616884E-13,1.59281148616884E-13,0,0,1.40355498959608E-15,3.01035249577541,0,7.70631216012619E-38,46.0712857505542,46.0424872946808,-3.3815172884033E-11,3.79139076257302,0,0,2.83201101587311E-12,6.6690855872043,0,0,150,
4359,1.59281148616884E-13,1.59281148616884E-13,1.59281148616884E-13,0,0,2.3327483692221E-16,4.75075755894439,0,5.19352364423113E-40,48.2425823087331,48.2137838528596,4.0730476769113E-09,3.79139076157653,0,0,2.84322182075046E-12,6.66812478007346,0,0,150,
4360,1.59281148616884E-13,1.59281148616884E-13,1.59281148616884E-13,0,0,4.74245782311689E-17,11.2955476997793,0,3.50102521391126E-42,50.413643648568,50.3848451926945,2.47189848145979E-07,3.79139076120993,0,0,2.85422111501847E-12,6.66726419079518,0,0,150,
