4320,119.06445942826,96.6454682964806,80.0749096338612,499.567664379841,11.5551561999529,90.9184849092154,97.74926293662,73.6619005646061,43.493124081226,7.45701889357461,7.39355652969025,3.66316650067742,7.75128085978414,5384.60446346912,73.0989076061984,792.079884808652,7.06301737499403,1.0000354,1,0,
4321,120.420288457553,97.9796594172008,81.3931075178101,498.456694502981,11.5827571418237,90.6898342269764,97.7345342312333,74.041082439892,43.4822967967637,7.45641180155603,7.39351883879835,3.58279525489602,7.73234320965883,5417.54600008907,73.1694597318609,797.818501485083,7.06342938882782,1.0000354,1,75,
4322,120.177880605327,97.8745754601928,81.3895238311807,498.29265550151,11.619354853695,89.9944572809384,97.6664253654347,73.7661880493625,43.5297343751009,7.45644016301863,7.3929053083873,3.46830355514894,7.69576616070056,5364.40290916061,72.721704225395,800.730075721104,7.06375085588276,1.0000354,1,75,
4323,119.240106583492,97.0849004149896,80.7093132469658,494.039752928881,11.6022235252383,90.6725797607277,97.7564990965267,73.7853415312798,43.5378068594986,7.45563453444831,7.39268902269551,3.29802530893928,7.63250512338933,5330.16568876339,72.2388157070977,797.585581452201,7.0638139493012,1.0000354,1,75,
4324,118.750185921516,96.8257956338619,80.6208115082043,497.271334053003,11.6779264053298,89.246016712341,97.601099589611,74.3920858812886,43.5230588382808,7.45595153251388,7.39270382724227,3.03235386032328,7.50228016286377,5318.00917596613,71.4862221292243,798.434213072671,7.06378695244638,1.0000354,1,75,
4325,118.96839913167,97.1974768807682,81.1059256518406,510.148601645132,11.8662477559556,86.0045058560033,97.2045683145835,74.8115274896407,43.4814519987367,7.45701440203714,7.39299002075467,2.77660329160253,7.30261609721242,5310.55817509963,70.9858273624341,800.099794524332,7.06485627689266,1.0000354,1,75,
4326,118.316074523644,97.0526877133335,81.3362713752776,509.979262393258,11.8957388462341,85.080165381143,97.1120939957815,75.3122006599606,43.4458523228257,7.45985984359479,7.3932191821313,2.52488127102932,7.07689134031881,5221.46774404099,69.3309676026631,803.340061337538,7.06691007535382,1.0000354,1,75,
4327,117.634095747997,96.4787181910232,80.8421347793468,507.69233563331,11.900253998111,84.8401072021405,97.1002647142192,75.7641392287864,43.3623891656766,7.46072020011819,7.39392847897691,2.32220456443499,6.89266033165974,5226.11901478279,68.9787948227245,793.791168083793,7.06880709984519,1.0000354,1,75,
4328,117.287379697922,96.7233664092024,81.5238783262357,517.319168869618,12.035419095753,82.3876412769075,96.782002955058,76.5079608342244,43.2552515763271,7.46349696100012,7.39487857713342,2.05588418563444,6.61969219701569,5129.90502210575,67.0506044883499,799.599380146431,7.07108934290305,1.0000354,1,75,
4329,116.556159103598,96.40373255169,81.5084607524533,511.086768650097,11.9970263847164,82.8180956338259,96.8678390972332,77.1284312950595,43.1391963058866,7.46418326758513,7.39592144993264,1.84852749990566,6.42011965283556,5068.0007103627,65.7085931253387,792.322097821425,7.0730825600556,1.0000354,1,75,
4330,116.51467213725,96.5752721245764,81.8374547239047,519.451984553742,12.1158809441622,80.9757978630105,96.6139780060874,77.7929694994402,43.0590100233869,7.46523573794444,7.39660641758702,1.63458177484252,6.20467027521144,5057.6323612673,65.0140031137865,802.059610969403,7.07453199591094,1.0000354,1,75,
4331,115.761582318825,96.2970563599371,81.9102328251071,517.322308638688,12.121402073982,80.626587718411,96.5945907383536,78.4848524115658,43.0057815008425,7.46747012220885,7.39702129796648,1.41161429789035,5.9837838261082,4981.09126374702,63.4656384091383,794.737248358918,7.0766573218493,1.0000354,1,75,
4332,114.863924194802,96.0331827663036,82.1148086669787,525.039811018157,12.2349017434807,78.9092945306256,96.3520656338428,79.4781439656361,42.8957863747705,7.46940283135148,7.39801126790459,1.07126980723818,5.60494732622666,4879.88916601527,61.3991334287471,797.55722569048,7.07851007421689,1.0000354,1,75,
4333,113.559467396135,95.3674905842239,81.9212468536807,524.667985264033,12.2602474004486,78.2845658926742,96.2902210608913,80.5126746936639,42.8136853016887,7.47214112327646,7.39872075153489,0.797636600978939,5.23674516599079,4775.72125074637,59.3163904803451,794.462347611768,7.08152087482914,1.0000354,1,75,
4334,112.75348108198,94.9179785424767,81.7352157958877,534.244236291002,12.3967251748378,76.3558972049121,95.9962171682766,81.5274229473384,42.6768726998357,7.47443297066942,7.39998790041438,0.596950343152173,4.96473691171595,4741.1520888044,58.1540777005412,796.242609172351,7.08421293010239,1.0000354,1,75,
4335,111.582106918646,94.1503212804165,81.2659579825944,536.428193345215,12.451556429814,75.4905596466942,95.8813675410849,82.5751701296761,42.6001228985481,7.47670002085272,7.40064796850876,0.406789312549716,4.71487901840008,4693.38494077396,56.8377265636082,795.048488955201,7.0874209494159,1.0000354,1,75,
4336,107.964575431206,90.8279740639907,78.1617904447449,557.771072895609,12.7232281110879,72.2125469021914,95.304079623755,84.0317278137058,42.6906809260437,7.48067543280641,7.39960704217526,0.150227523649796,4.33426886432219,4695.29419605024,55.8752547187829,798.306533219957,7.0899969003641,1.0000354,1,75,
4337,101.521180609831,85.0597286607855,72.8925685245347,591.67368219877,13.1429140822082,67.0940985391719,94.2483167146047,87.1110437368376,42.676295737883,7.48831060676726,7.39964116759653,-0.0939171936356344,3.68881170099893,4675.58737932524,53.6738762245828,781.680399276381,7.0954431259443,1.0000354,1,75,
4338,97.1715236448255,81.4302446227759,69.795386215174,604.394325363197,13.3192315678401,65.1886830512893,93.8060682165871,91.6475723928235,42.6406900999827,7.49070381388422,7.39990279986182,-0.2656708493592,3.17907325607002,4703.87534730193,51.3256949910249,776.668304871024,7.10019582730377,1.0000354,1,75,
4339,95.5946674239266,80.3538516362972,69.088900836745,609.253798884462,13.4007492301641,64.803125854739,93.7132989008649,96.3931840001877,42.8235382728971,7.49004222037956,7.39795538846371,-0.417771195159458,2.90636861280412,4790.15273773947,49.693894723201,776.523610053877,7.10179851883219,1.0000354,1,75,
4340,91.2982969053701,76.8343673686748,66.1436368415521,635.059886414452,13.7277417661747,61.7887685815823,92.8568868190458,101.165953001214,43.3717653070847,7.4909383598866,7.39235406584159,-0.668796247272127,2.39207687833265,4771.06678830693,47.1607951763148,769.413916002574,7.10176828526761,1.0000354,1,75,
4341,86.6984309901903,72.8897847351174,62.6833940248461,645.37641285436,13.8705994717173,60.8666699310518,92.5727322347003,103.483614932142,43.9647046581052,7.49052298403094,7.3863929987215,-0.830578273685814,1.98322116438661,4659.26612726152,45.0241918038596,767.192362623894,7.10169657433376,1.0000354,0.999992349722839,75,
4342,51.2764613985911,37.0120984134292,26.4688735983095,585.60583907163,12.4854472935996,61.5551417093095,92.8667222787199,72.3677809068376,45.1031538122879,7.49339270988454,7.37523472174186,-0.698174331915899,1.00363374542989,3365.83218599131,46.5100925275614,556.068021499073,7.09208098619224,1.0000354,0.91144814825801,75,
4343,48.2043161670721,34.762681176321,24.8275596614179,587.834772401061,11.5315918080238,56.8750597520841,90.9449285101259,73.4062684906552,47.0603286516247,7.47740983353552,7.35654130010962,-0.842448832354951,0.697286311551891,3217.21487085019,43.8275223220173,531.893871312599,7.07256551548244,1.0000354,0.781973589291513,75,
4344,47.0278520773792,33.9767478666916,24.330279537053,678.134169306352,12.4530428449555,53.3541041633724,89.3742182749976,74.9925502935861,50.7216900652179,7.47486464287987,7.3230679911507,-0.999136394776579,0.543039018756952,3191.24540278633,42.5541655843549,525.175392736255,7.05738611402838,1.0000354,0.752270246818727,75,
4345,50.1793624570437,37.9344248008426,28.8838187071287,981.049447774149,16.9144385510838,53.1486205477055,89.9381585383401,87.8406624751103,55.0585566665474,7.50249283842355,7.28528272708243,-1.18306446160019,0.307881055063419,3507.09073856363,39.925595273799,569.717343308406,7.05297420416141,1.0000354,0.80857476324232,75,
4346,64.3915712413824,53.5558172454641,45.5467816832637,1604.31087573844,27.6745172362972,55.8908819246945,93.5459738958406,125.560215762283,55.9610666859219,7.64390494346051,7.27416267434172,-1.44425699238369,0.13506786900204,4436.14784615322,35.3308396232128,600.769405398068,7.12405312321329,1.0000354,0.978594502793574,75,
4347,77.1185790722646,66.9043774210223,59.3547501135823,1795.2868208263,31.2124086153897,73.4360404508636,97.4664443168464,147.994009871618,52.7553565062281,7.70219813622208,7.29371997029039,-1.48649255277525,0.236790203902129,4928.82486504128,33.3042186593696,575.360881948702,7.20896191842227,1.0000354,0.996116809364787,75,
4348,84.4078133846352,74.0594423118107,66.4106463014622,1837.16198122614,32.0868615044592,76.0846425291604,97.8299660957245,153.852066426793,49.3502607420502,7.71436859753076,7.31485024814315,-1.43815277604098,0.46780641343591,5191.22853939445,33.7416887531021,595.107159210621,7.26441442732547,1.0000354,0.997806162355052,75,
4349,50.7287955094749,37.6589489852444,27.998627641248,758.256121386646,15.0900083491528,76.1611916254931,96.0509642319754,79.1278717461137,53.9385207137372,7.45345779200017,7.26819398738633,-0.921386319029887,0.570099684661273,3372.05612474082,42.615276391614,502.917907495792,7.19551644878169,1.0000354,0.93874390957936,75,
4350,48.7805332117342,35.9814621184435,26.5212791364461,1354.24564736093,23.6725104437224,59.1677746005958,93.4842173980907,79.8415704211704,72.174079847317,7.5626432662259,7.13285758635412,-1.03519171221654,0.443160371050211,3331.97967602753,41.732391515486,469.28960780081,7.13943996787035,1.0000354,0.940275432050131,75,
4351,48.2735383080635,35.7793077457135,26.5444416778895,1559.48093571526,27.1577820057047,53.6686954437507,92.6319117809618,81.9129812161374,76.5630106239456,7.61742448132617,7.09632922021638,-1.09783727656299,0.328961280682968,3337.00663352758,40.7384346654712,457.588926556107,7.15813428826955,1.0000354,0.951434625806853,75,
4352,48.3933633116399,36.1066150248685,27.0251054216027,1570.27717667664,27.5091630549326,57.9442133068447,94.0247987879896,82.8541366872276,77.5340555687092,7.61822140695346,7.07758228582985,-1.08851051355588,0.275430467659664,3319.29597521951,40.0619221675048,447.785752500759,7.17440663939588,1.0000354,0.954668565357911,75,
4353,50.7273008558039,38.5421835462952,29.535792491441,0,24.6648989934422,81.961878074954,93.9265957020604,82.4153292900016,81.8952807044559,7.13166933628014,7.03810020120518,-1.07762690312055,0.325343943466046,3274.40605331149,39.7305462651197,447.914138449692,7.11213282539054,1.0000354,0.976626485452306,75,
4354,69.3188104387985,58.8874961793619,51.1773943354305,0,12.6382254936563,28.8041906423189,31.7706180659132,135.861672496289,122.03171246574,6.8675254340547,6.84692224598991,-1.50554289976323,0.174636338873854,4620.94508766369,34.0121316244645,943.298540805131,6.84255005694287,0.861889447749489,0.44454855877367,75,
4355,0.00112375200861122,0.00112375200861122,0.00112375200861122,0,0,2.4888426388103,8.13317900110362,0,2.37528496082814,8.54823157006195,8.54565465959423,-0.00557226110351294,6.85500419752587,0,0,0.0195375615873148,6.69004567212693,1.82929940746197E-06,0,75,
4356,1.05125558087143E-11,1.05125558087143E-11,1.05125558087143E-11,0,0,0.406907123441171,14.0928011903808,0,0.0148973295368663,10.7509030994102,10.7485026450764,1.17321969940125,6.82876333661978,0,0,0,6.69071572973144,0,0,75,
4357,1.59281148616884E-13,1.59281148616884E-13,1.59281148616884E-13,0,0,0.00632530464131479,0.113055532422323,0,0.000100267464372817,12.9231255937122,12.9207262457925,-0.000599676947568462,6.80072404386945,0,0,2.79133293400077E-12,6.69010901648383,0,0,75,
4358,1.59281148616884E-13,1.59281148616884E-13,1.59281148616884E-13,0,0,0.00629482464322019,10.0183541031979,0,6.75550343960094E-07,15.0946564511286,15.0922571106557,-0.00111969014508029,6.75250811990823,0,0,2.80226054429875E-12,6.6890923726946,0,0,75,
4359,1.59281148616884E-13,1.59281148616884E-13,1.59281148616884E-13,0,0,0.000924998836761065,11.8699066599119,0,4.54923741794209E-09,17.2666222662471,17.2642229258243,-0.00110774547602599,6.74937943756943,0,0,2.8129259647443E-12,6.68775065819025,0,0,75,
4360,1.59281148616884E-13,1.59281148616884E-13,1.59281148616884E-13,0,0,0.000131078308346529,13.0386082322723,0,3.06333148791561E-11,19.4386390717877,19.4362397313653,-0.000919211902427275,6.74508738908802,0,0,0,6.68636172078518,0,0,75,
