4320,115.84067080037,93.1261592884461,76.3371725187629,486.719162502263,11.3853588743812,91.2687052192413,97.8033270999353,72.0369591913017,44.2994284358982,7.46166226458675,7.40108114360645,3.63456333720685,7.3826088776161,5335.23551523281,74.062475361634,787.599246428124,7.09371773348635,1.0000354,1,0,
4321,115.336100779379,92.5564543939434,75.7193244568824,485.993693320084,11.4186396143702,90.6558564882803,97.7456431815886,71.399317289576,44.3448580311956,7.46135213696165,7.40049639742008,3.54917109410485,7.35773138641629,5303.17378231975,74.2748528086274,788.662664915658,7.09363151258262,1.0000354,1,75,
4322,114.98923391373,92.1289246834513,75.2321743828106,488.488136704922,11.4911966080617,89.6113721092553,97.6313861563799,71.471448490134,44.3286991228579,7.46050657295268,7.40052097976824,3.38868756266183,7.29715463653029,5327.32885327994,74.5378604438852,790.004376140905,7.09343501498835,1.0000354,1,75,
4323,114.189954166464,91.6211956870808,74.9399394197103,488.754763372425,11.532639203353,88.6391765264742,97.5340049296475,71.6297372882002,44.3277022231487,7.46176182651378,7.400402531479,3.17424121505298,7.17594015323004,5271.03438108666,73.5872359810395,786.810175560407,7.09403456691129,1.0000354,1,75,
4324,113.631591725853,91.1895435864779,74.6019427878095,497.633042544484,11.6817456786232,86.4317924407332,97.2674734895144,71.8869364132299,44.2634346588772,7.46214770746815,7.40090788467488,2.93363739866172,7.00860066844064,5260.26092613438,73.1740868173414,784.315920632514,7.09450230422426,1.0000354,1,75,
4325,112.613800888798,90.4259554000917,74.0262435171345,498.275927461242,11.7247287609192,85.5439733518238,97.1740607491785,72.1943203960771,44.1996199272086,7.46372732538377,7.40141263367559,2.68919198840522,6.79667829857279,5222.91534994648,72.345238812308,786.586271425266,7.095628519278,1.0000354,1,75,
4326,111.505129899995,89.6030707099303,73.4145921781433,501.14539037667,11.7938137143034,84.3031883281222,97.0308203229853,72.6158806670419,44.1008707374386,7.46558327542897,7.40226372088259,2.43947940815854,6.55890857041777,5185.74764446408,71.4134098055184,785.086268523952,7.09729608277272,1.0000354,1,75,
4327,109.476982902469,88.0792962435328,72.2636147999709,502.446975306242,11.8426046011392,83.3658040807736,96.9252058933771,72.8880732888374,43.998815626776,7.46720725858134,7.40315029166232,2.15169912966805,6.23975419029403,5085.31799701111,69.7688629641676,776.590903027638,7.09931224512982,1.0000354,1,75,
4328,106.33198603241,85.4553432288222,70.0247811566047,511.596375911551,11.9791564862798,80.8406997473186,96.6008842428637,73.2381061304844,43.8879202950875,7.47224894412051,7.40412489610386,1.82708357314343,5.72213942490016,4985.31480400422,68.069957941323,764.155965039412,7.10202258005647,1.0000354,1,75,
4329,104.933192681621,84.5877692487673,69.549847581006,508.725080787981,11.9788004393257,80.362298611078,96.563576315858,74.3542486032406,43.5862918970547,7.47458312034867,7.40699559631717,1.60188776088325,5.37225777495672,4932.50283762458,66.3378748394696,761.317088244811,7.10472908500561,1.0000354,1,75,
4330,103.843123032487,83.8429535514426,69.0602195871923,506.531486445186,11.9855203496033,80.087655802492,96.5513384560165,75.8483510890178,43.4473577580486,7.47604642781075,7.40825656918586,1.40119615706837,5.0955676825054,4946.23380646442,65.2121468093536,760.160824975722,7.10706583526202,1.0000354,1,75,
4331,101.897637978288,82.4646185571667,68.1010824632942,505.880527549717,12.0087025437094,79.5800530962149,96.502944653739,76.7137984684905,43.3630841558704,7.4776307332806,7.40897249435295,1.09584057065233,4.69558688802311,4860.80941846639,63.3629088313613,753.455771503612,7.1088113367337,1.0000354,1,75,
4332,99.4625293203103,80.6963818432505,66.8257510993367,503.279331008254,12.0105577363047,79.2523137282343,96.4877549942268,77.6711658614958,43.240809123401,7.47979505915438,7.41006854102792,0.855535430649002,4.30701884999049,4752.5836625382,61.1885197012886,751.710738706964,7.11113124189781,1.0000354,1,75,
4333,95.6196353898818,77.3343013219223,63.8190544021261,514.145510395436,12.1604059820032,77.2251380808014,96.1878493831219,78.8606454925632,43.2104080436341,7.48164299612974,7.41024151273753,0.652982245446815,3.922892500263,4701.73392544199,59.6207892552107,739.991802697761,7.11277657688253,1.0000354,1,75,
4334,91.1635309224492,73.3608390262615,60.2023276247315,527.929239901283,12.3432590067498,74.9585767005743,95.8273148492342,80.6813830480027,43.2732646388318,7.48415507054162,7.40947937003821,0.45109491894243,3.54445609468817,4683.31998580206,58.047095982671,732.672221416842,7.11423092220353,1.0000354,1,75,
4335,85.1222843885375,67.7994907226704,54.9956867087686,535.937599029842,12.461131778071,73.6445572054329,95.615586511111,82.0498273489361,43.4474502571072,7.48590844614601,7.40761277974658,0.237613283246435,3.05174914035547,4634.36702883594,56.4823495499534,717.328561930469,7.11531620651081,1.0000354,1,75,
4336,79.4602315663395,62.7973007298914,50.481221415995,550.112100095539,12.6470768804677,71.7320421275135,95.2691507611815,83.7095089059468,43.7911974150419,7.48765758017762,7.40408286645401,0.0598786412551044,2.60102848357425,4548.00577488031,54.3308141968709,696.268956514115,7.11536261261892,1.0000354,0.999874923225467,75,
4337,73.7564284428736,57.7814505235349,45.9738581483716,567.279048277466,12.8438689543852,69.446229118433,94.8048379562745,84.9823350095639,44.2584507543018,7.48890240682524,7.39938234848564,-0.126822609596275,2.1745067002219,4426.53342574795,52.0876888738087,679.147332492718,7.1148238831795,1.0000354,0.996768500648881,75,
4338,54.9870147249987,39.0864821121058,27.3339145286632,528.386860635709,12.1414511287485,72.1506436431448,95.3978544400753,68.6148384002396,45.2423079050196,7.48817142642761,7.38976107232749,-0.1601350083392,1.60769778612011,3557.33314181954,51.8449540180964,562.857197611904,7.11009589470301,1.0000354,0.961574033762707,75,
4339,47.260592117328,31.4906312924837,19.8345732915118,485.285220256745,9.4038559370107,61.2830699000368,92.232312415099,60.5086644796336,46.8282401846962,7.46508296032517,7.37469935006659,-0.0647308825370514,1.43447760122457,3111.30798559874,51.4192142952679,469.587966006298,7.08727607789777,1.0000354,0.674778792035457,75,
4340,45.9346595536947,30.4599776758184,19.0221693313011,583.831026228382,9.65892725806121,51.4267149349804,87.6665991205759,62.1355528527893,50.0580964213709,7.45307059803476,7.34527264612371,-0.255182113578314,1.30192179064093,3135.13840615761,50.456433751951,459.875740004381,7.06029848490744,1.0000354,0.551602332722557,75,
4341,44.6653909958359,29.8401448763057,18.8823542662182,649.219662873721,10.0323223672634,49.5794847759803,86.2638521744813,65.6522120925755,54.1808708821461,7.43990703127918,7.30957399998394,-0.506334439555828,1.04626062294753,3173.55549815732,48.3388966952449,454.375503489268,7.04253886612292,0.999685178977679,0.489656950928488,75,
4342,47.3913001683359,33.254307033412,22.805225151077,1036.16285983479,16.2121469224281,49.4556161430302,87.5278371162615,78.1369328304057,59.2183991832895,7.48718400573704,7.26832564844396,-0.780351699391899,0.78385417936998,3601.70574276836,46.0947929781909,509.460980610937,7.03585753029314,1.0000354,0.635989288703628,75,
4343,56.0386348011581,43.460733419034,34.1640237018118,1791.32028648158,30.1824715656948,49.279853594159,91.4444634162036,113.445931595264,57.8780153854318,7.66390245497287,7.27378917181683,-1.16394064507345,0.412260819678957,4652.55946698696,41.0112500427577,585.061773924996,7.12626764277331,1.0000354,0.942763636942403,75,
4344,62.7672941856658,51.4958264231957,43.1647415552831,2000.25392743057,34.2059582699966,50.8161873658155,93.3715277400535,138.344068893564,50.1399218153253,7.74098404253579,7.32973724893255,-1.41386461628449,0.101760235348972,5084.35468891107,36.7515190898625,595.068040172456,7.24295193166826,1.0000354,0.963556289653812,75,
4345,37.5144082364346,25.2189126658699,16.1309376789308,662.742390341187,11.2956358095941,69.7379484047237,94.3832780502326,71.7075333830834,56.632400269896,7.42923074424915,7.26979363650963,-1.17806139308279,0.0154544652837116,2874.78680726925,40.0904433835601,391.257760991745,7.20214582412084,1.0000354,0.612405907178555,75,
4346,35.3521997409808,23.2690445007228,14.3380167144452,1098.45620301823,16.2891769420259,58.235789267982,91.7675762840101,70.6415702625579,78.0791771587333,7.48207998245792,7.12157523350472,-1.21536289315928,-0.0818737206722324,2783.14300023,39.3980908109166,361.704312519147,7.12530706596351,1.0000354,0.528149764813429,75,
4347,34.7860341476767,22.8377617456005,14.0064299701528,0,18.4534724563543,73.3020299291691,92.8818547300631,69.8473624709327,86.4497580301898,7.24685794256272,7.06615547343737,-1.19528164505791,-0.108342588002337,2721.13412176545,38.9582945654944,355.058613308071,7.08169276429083,1.0000354,0.555328623798507,75,
4348,41.7924089024284,29.9234806024754,21.1507944677275,0,8.34499890638775,40.6926918360541,54.8838343254345,101.213903519259,120.829182920711,6.9333525734801,6.90668900109927,-1.26755099788425,-0.0947405018654721,3916.93624420472,38.6995867959918,458.835753712751,6.89683087070442,0.853981046558086,0.339959881530901,75,
4348.2932087977,53.5011464018988,43.3132550780385,35.7830745343156,0,6.08987039675968,30.638309973066,34.4777770057339,NaN,134.467024759664,6.86901451858329,6.85469110214522,-1.60401290334602,-0.402788480518878,4480.44949091388,33.2184317397406,677.038587690953,6.82924511760238,0.759674021678763,0.215644740779037,75,
