4320,115.648159548634,93.1623987498994,76.5424885943127,498.380716887727,11.5251424625807,89.8838353487622,97.6300923356976,72.4899424539993,43.7978793477023,7.45965265470105,7.39662874000794,3.52850161138359,7.26936540623952,5314.71723326348,73.3166154275277,790.202830925783,7.08440335539198,1.0000354,1,0,
4321,114.976305486146,92.3485777073561,75.6237354360766,490.351721642609,11.5068653080913,90.8791159436112,97.7699671328378,72.2461281191767,43.8051704379981,7.45764201952087,7.3962574509695,3.36862436628527,7.24630574363785,5330.28393796906,73.7795100822049,786.537332113966,7.08400483858429,1.0000354,1,150,
4322,113.959012956073,91.6681752644095,75.1923387097014,492.776296662261,11.6178444347335,88.8728685284326,97.5618636501636,72.4090591027401,43.8453529674214,7.45804764814982,7.39557061286115,3.01515429710666,7.10587961037332,5262.76666953639,72.6810530995732,788.839969487945,7.08412479713736,1.0000354,1,150,
4323,112.916219804864,90.9248211850189,74.6703091616548,501.988115360407,11.8079091015841,85.6448248882714,97.190464339844,72.92235877327,43.7858774536106,7.46023866625579,7.39587838009586,2.58805430827611,6.83944280950305,5228.87645254104,71.7047081375774,785.385843451273,7.08510191013765,1.0000354,1,150,
4324,109.146613794438,88.0466320135853,72.4509933059983,511.649338869714,11.9898811365348,82.373690847105,96.7915981287947,73.4017046683288,43.6840819826367,7.46456572055214,7.39661167980891,1.90968685228513,6.16625985252209,5049.90313802996,68.798172479077,784.253809459224,7.08864649476329,1.0000354,1,150,
4325,103.863665687793,83.8314618442551,69.0250503077271,522.57386721998,12.1774478220592,78.8115899901559,96.3253274665478,74.8645271130514,43.384226516849,7.47129699241347,7.39932286583173,1.35137932385811,5.24873583382365,4889.89617711384,65.3165974017269,765.030316092999,7.09414842898615,1.0000354,1,150,
4326,103.287835161125,84.3152115936275,70.2919680872163,521.738085919484,12.239586321817,77.7030572009169,96.2095917926182,78.3421173419767,42.9691671292848,7.47413463759459,7.40321439535002,0.94790925217704,4.63653579121384,4846.38059126412,61.8617514524001,780.496229594772,7.09882726300568,1.0000354,1,150,
4327,105.288054972621,87.8398751726496,74.9433944509313,515.826538490065,12.2442906272752,77.7314702938602,96.2750785451522,81.9742430925378,42.8531312752524,7.47577373549989,7.40410875558657,0.516253787590705,4.20426909542407,4663.61150396406,56.8911810347486,791.437485702849,7.10398332984169,1.0000354,1,150,
4328,105.92055228616,89.2577890987987,76.9418336994446,512.608696451401,12.2760637219917,77.6854084660768,96.3224966385462,85.0108198922186,43.0323021456501,7.47706383286277,7.40202659417391,0.173119444406409,3.94649686237527,4618.66059055037,54.3302675636603,787.871304248724,7.10746432947559,1.0000354,1,150,
4329,99.6965919664461,83.2569501687745,71.1059105791912,551.621182490571,12.7903518375194,72.6843308901361,95.4426167399024,87.2573709884569,43.6967670312054,7.47600383950879,7.39511834509239,-0.279493410023884,3.46625937872673,4677.23613238128,53.6027624875384,774.208042875189,7.10758347519036,1.0000354,1,150,
4330,86.1085176560245,71.1509517560482,60.0953595691092,635.399706580375,13.8570263478456,60.3166556931119,92.4581309267723,93.2504411724137,44.284035234836,7.48963454353024,7.38909241613664,-0.684587232915791,2.33545916635349,4547.85533755396,48.7703358866184,767.051080852484,7.11304360332469,1.0000354,1,150,
4331,57.2902237399991,42.7249564492944,31.959324103991,634.199221904178,13.8064787096122,58.1078780356347,92.0432252372386,71.4796985059823,45.8267830459532,7.50592361514226,7.37402034566901,-0.937874648859089,1.27708887881738,3394.65772994778,47.4912150009093,620.48554708377,7.12148097990962,1.0000354,0.986297562579976,150,
4332,47.0882955026365,34.1405188573624,24.5704230760728,714.993594508931,13.1230806478789,50.0448148223803,89.0022583657257,72.4270236291038,46.7434765505696,7.52228949494543,7.36476583671385,-1.14920893041805,0.511423979148349,3057.67032976255,42.2172578210693,538.054649517183,7.12243787587707,1.0000354,0.752147142457023,150,
4333,47.305810430974,35.095766512984,26.0709514431652,904.30601159623,15.7434645662793,48.5543400705647,88.2031566695493,81.3852347463269,51.815258402856,7.5171958417788,7.31763860684587,-1.31870293577466,0.208229968193666,3240.09443511769,39.8118214589769,549.197655542511,7.1183830223765,1.0000354,0.743954671577071,150,
4334,76.977608062695,67.452894065164,60.4128880669888,1889.46528773974,33.872108538299,54.981565561712,94.6425282477837,148.418083175175,54.9290602328538,7.72988144858135,7.28624976209214,-1.65453628353624,0.0258781104803281,4609.28523076536,31.0560892052831,602.581597945284,7.20160474887805,1.0000354,0.987846050982338,150,
4335,50.1505524020268,38.0226589259982,29.058563748064,1214.00879134592,22.3431442725657,64.3074354179575,94.7242896189383,79.2602961716832,71.7695084597355,7.54343642359543,7.16109673469392,-1.17926632284091,0.254425904612616,3134.26625046912,39.5439633947379,471.624035883255,7.16979235724655,1.0000354,0.963910367968672,150,
4336,51.0531194458686,39.1591208919173,30.3679045694316,0,31.3458681581785,77.9642975787818,93.8779292937834,78.7697563866388,84.4005872830161,7.20320163274018,7.07806031606322,-1.20158037772778,0.20375562865389,3054.79594461056,38.7813303575067,452.864198723035,7.13677852353904,1.0000354,0.980406830749276,150,
4337,52.7023233429629,41.0820705652247,32.4931880773312,0,20.692355191274,37.6243170798296,49.0699458097697,87.6895457278985,129.753963009536,6.89337708360787,6.87458847081524,-1.25835948716595,0.161667488540517,3322.44819063735,37.8887604338485,652.29149444031,6.88542587718046,0.979297091499248,0.790302015948453,150,
4338,42.6359323384571,39.9111677807318,37.8972113685,0,0,18.9458005207998,11.8079598500296,202,164.571151798272,6.73469724389954,6.74775021131497,1.12132091939992,6.15663677333979,1794.63103043192,8.88431203184117,610.993353788739,6.60561285499636,0.266196627206096,0.00909758580382913,150,
4338.18739332492,13.6492003606418,13.3937846233899,13.2049990784645,0,0,19.1850397649542,11.9290180724412,202,175.801574192405,6.72537337511463,6.71740153495859,2.25848629425253,4.66820033413917,168.226280848125,0.832803370535275,163.370457915054,6.59097087741071,0.0816886687876513,0,150,
