4320,131.387059475124,110.209053039411,94.5557439347533,510.557116106345,11.7042951516262,90.1118682177755,97.6612534149102,77.2256087079321,42.7333276941266,7.4562472786772,7.38961546858098,3.2025015315716,7.84868487441233,5332.62737551282,69.0525780856046,797.271429460768,7.07587632816433,1.0000354,1,0,
4321,132.915791250811,112.039271075994,96.6087996424342,500.206640593959,11.6176347142932,94.6428235197103,98.1755624985391,77.050524807682,42.9069045198057,7.45488330351972,7.38773279496304,3.07775225742905,7.9092388299877,5244.79517506581,68.0695581004388,798.307571515551,7.07667335468875,1.0000354,1,75,
4322,131.558353737478,110.670516994531,95.2316811410476,509.621935552216,11.7708971609234,89.5194540877418,97.611766473721,76.6357796606942,42.888997314637,7.45468395549104,7.38779454529542,2.89620460918397,7.81948470067936,5219.39140705298,68.106456672874,802.524204276561,7.07574210928024,1.0000354,1,75,
4323,130.509522083469,109.793603122077,94.4818369332222,517.409035767074,11.8966519123584,86.6579401824079,97.2739023924638,76.7415239765234,42.803131747484,7.45672389934588,7.38854860536622,2.68818139654077,7.64892305126659,5183.57569133661,67.5459050425211,805.118716572832,7.07626597575,1.0000354,1,75,
4324,129.763169129734,109.269782878917,94.1224973891839,523.520323446622,11.9959377930688,84.6700021355804,97.027723520412,77.3668126231465,42.6873481214922,7.45837177897245,7.38961181978374,2.448982737112,7.42164468601414,5169.67513056037,66.8203194015738,805.140660121828,7.07821723002326,1.0000354,1,75,
4325,128.836513561259,108.928883811786,94.2145487795668,522.168057768776,12.012337285309,83.9822736848716,96.9647844123401,78.0889426766746,42.6207118410817,7.46099947741949,7.39018041003303,2.19800506376946,7.15446474674413,5068.78556971339,64.9104136382096,795.998432259289,7.08073107823709,1.0000354,1,75,
4326,128.465201100784,108.89960192921,94.4380721067419,524.855760823692,12.0710725809349,82.8779428020389,96.8294379302243,78.8661622367958,42.5190684918208,7.46223127604895,7.39110937769893,1.94815185281085,6.87679338164447,5031.28225208501,63.7951956756635,803.745711045167,7.0819585426792,1.0000354,1,75,
4327,127.166416267514,107.811875228875,93.5063448959681,514.764175099988,11.9932726156521,84.0083426851586,97.0146949793628,79.2131957740977,42.5126857907831,7.46282130261509,7.39106852191672,1.73611617297985,6.64905882646166,4998.90903176257,63.1070238097525,790.963700462664,7.08404556811637,1.0000354,1,75,
4328,126.130303003634,107.41568360407,93.5831388304789,521.720742985809,12.0974037513061,82.1675406014456,96.7789273571833,80.4601314702917,42.4234517769235,7.46501223983862,7.39187652251876,1.46933192001127,6.35222739068741,4909.71811998504,61.0205082973032,795.924581815027,7.08503153798857,1.0000354,1,75,
4329,125.726301234257,107.230437316689,93.5595813776174,524.130690494068,12.1532886825129,81.2549279667891,96.6622545776246,80.8736323985065,42.3330851608731,7.46558992348462,7.39269890911851,1.28544847987061,6.14062916497302,4877.2654464131,60.3072386112234,792.451417389251,7.08657407872867,1.0000354,1,75,
4330,125.024876664857,106.784429193683,93.302359323685,524.246373179586,12.1844850970241,80.8051865419197,96.6117303712286,81.7089185413286,42.2355573751301,7.46573225283588,7.3935978390726,1.07111743406047,5.92019291769888,4859.59159544436,59.4744329284735,797.953371698905,7.08783923853624,1.0000354,1,75,
4331,124.063810627098,106.357043048573,93.2694322296627,526.423952968873,12.2383956502626,79.7995400943441,96.4934461564107,82.6692027074927,42.2124396333418,7.46853575427188,7.39373381781174,0.845755098709388,5.68284416775035,4772.85079011067,57.7343270987914,790.893715815765,7.08981550299559,1.0000354,1,75,
4332,123.775535404866,106.363121621563,93.4930766512964,531.771347835981,12.3278089955518,78.4224099969132,96.3035861294648,83.7079710694351,42.0915618037985,7.47051524957831,7.39487733333037,0.618260579192913,5.43235806308362,4752.48348432315,56.7745630864831,798.558338430006,7.09139525930395,1.0000354,1,75,
4333,122.626761735236,105.561276172168,92.9476564081611,530.61597414241,12.345635059464,78.0001868122931,96.2705954576581,84.735626567979,42.0447369072688,7.47264434839908,7.39525949213826,0.392763039348319,5.18370927807816,4714.97632723573,55.6433759707099,786.524986991652,7.09411637660656,1.0000354,1,75,
4334,121.449352575062,104.942231702453,92.7413162748734,536.397180643979,12.4412763663816,76.5069193053502,96.0633630240901,86.0207305922518,41.9468902159707,7.47602893046213,7.39617023507648,0.155911588953614,4.88126653500388,4629.87514972803,53.8227833901361,786.386573351934,7.09705373764343,1.0000354,1,75,
4335,119.267509554012,103.444906996703,91.7499398891262,550.469815636187,12.6321265140803,73.9408020509047,95.6519699447139,87.6294641889283,41.8372212098193,7.48021501985346,7.39720636872726,-0.0915236857731108,4.47548337849835,4520.87914369391,51.5908568600504,788.052632269193,7.10069089507412,1.0000354,1,75,
4336,115.60557380328,100.286097358164,88.963006072643,558.542816484262,12.7558198869616,72.444414039089,95.4083274521478,89.6350762213123,41.8485295630182,7.48308142609011,7.39699029634168,-0.30121793904101,4.07518153780362,4477.3055867776,49.9503740669888,780.487856610124,7.10389953830015,1.0000354,1,75,
4337,110.21012553017,95.4238778678521,84.4949122043998,593.068001761548,13.1856645200595,67.5557641425699,94.4033964377471,93.031173395549,41.8451646344588,7.48844020293436,7.39693157585237,-0.492322557637149,3.54159066920816,4485.19466148822,48.2117391169314,781.199549282351,7.10775698435117,1.0000354,1,75,
4338,105.883799284671,91.6119876720733,81.0632573497182,611.500348126628,13.4307394824235,64.9140670646629,93.789644421208,97.6091659418737,41.8859215556138,7.49185507992412,7.39642383016203,-0.666034834783777,3.0739990622141,4542.18195803073,46.534379371048,778.290782633607,7.11197821856034,1.0000354,1,75,
4339,100.996990867216,87.2534360405275,77.0951563860184,618.831573147252,13.5431083398512,64.0992055197733,93.6023280391376,102.764707922059,42.1238358780938,7.49296608442103,7.3938900588342,-0.856867742965029,2.56493667512185,4605.08757110916,44.8119560131658,760.25248617758,7.1146248497587,1.0000354,1,75,
4340,84.0567860502163,70.472658735659,60.432216807508,624.203165499462,13.6311596338325,63.2614421219387,93.397891688504,95.5769225480059,42.8398523260976,7.49388712008704,7.38650812148233,-0.959834467452524,1.8096251240473,4233.30546911733,44.2921299018709,707.962413878519,7.11359894039078,1.0000354,1,75,
4341,52.0507762063241,38.3104585956178,28.1545716659652,591.690557570326,12.6140074036017,60.0912031519689,92.5351666725823,72.8217690268353,43.5871211390952,7.49979159290346,7.37894795206183,-0.872166416403295,0.868030483340774,3262.51726204045,44.8014008124163,557.600348228353,7.10538728047065,1.0000354,0.916115767938564,75,
4342,49.333083186491,36.2325923207091,26.5496208112181,630.274935223311,12.3041671384982,55.1865151137649,90.6305474676348,74.0472411906663,45.059325695981,7.4942310509629,7.36440245114559,-0.99980403499495,0.608653238259116,3162.9423251908,42.7151947099075,539.184908691436,7.09144584329087,1.0000354,0.811606850357494,75,
4343,47.6713898577556,35.1746798079382,25.9379810754646,678.470092165719,12.6776438659667,53.1359899182721,89.7456707450528,76.3962617204834,47.6375065724935,7.49345241144367,7.33965090414489,-1.15773967610551,0.385736145283043,3112.88174744647,40.7465192319986,528.37796131811,7.08455399638758,1.0000354,0.77686811779407,75,
4344,47.8941162840271,35.6830166823498,26.6574213245884,765.982636595057,13.9562377937141,52.4883975393242,89.2930498336005,80.7726072889415,51.295259645498,7.48486467094959,7.30600570229613,-1.23585721503658,0.245399890799856,3215.98265085133,39.8152635997876,533.33986900578,7.07770887399202,1.0000354,0.791701470415218,75,
4345,60.8078402820892,49.9024740639372,41.841985989651,1310.26247817351,22.9453252086372,56.7412651734373,92.913815960095,114.228208267771,54.4569281709434,7.58209057231592,7.27698696721089,-1.41460438336507,0.104915396836435,4061.70559133172,35.5578158226063,582.445930229363,7.10183252441162,1.0000354,0.957701171221443,75,
4346,78.0748744298928,68.0745418499904,60.6829916822364,1696.29400434415,29.6255037941469,72.1398694673523,97.1432062780309,144.889155829258,54.0513316596885,7.67362461859322,7.27520030445261,-1.53155431401508,0.222404945250503,4724.38353544511,32.606881504731,565.494715998568,7.17616974593818,1.0000354,0.999046665177751,75,
4347,89.1720105597939,79.1785937987653,71.7921553232225,1814.78884054492,31.8132907802799,79.2895393464648,98.0868482664716,157.620847083696,50.7547004310655,7.70339738555694,7.295771478725,-1.51091592504573,0.499428273573813,5135.96999983748,32.5843319260319,572.128724528029,7.23934625919642,1.0000354,1,75,
4348,68.169875863617,54.5809795961751,44.537012789805,290.818973224085,9.08025789356109,173.614938520545,100.795426535429,82.9918436418664,51.2788814371644,7.65673664343201,7.28316888350025,-0.803705518616961,1.19224129207413,3677.1760052878,44.3076794528853,488.65902350977,7.2788256031941,1.0000354,1,75,
4349,51.825543664305,38.9981877358753,29.5170985713838,982.38497833823,18.2684788718822,66.6865303737681,94.4764556290886,80.7939967529146,58.819536412454,7.48578263580418,7.21606416590792,-1.01483601883297,0.483682080968896,3379.1779276767,41.8246164750452,486.521464442914,7.17273047657593,1.0000354,0.948426991898349,75,
4350,49.0793237478614,36.6902622277492,27.5331297998402,1472.07567259732,25.8161114684244,58.1545012861784,93.710707634128,81.489695054337,74.5875224168338,7.59446642488481,7.10410359400025,-1.10031896420054,0.309840646472008,3291.8188198819,40.3955226202151,443.655775840862,7.15045675016969,1.0000354,0.957350141157747,75,
4351,48.7765463323238,36.5423950022684,27.4997614104883,1488.83690931246,26.2389868069512,59.6578349353402,94.3203497044169,82.1391949297952,74.7718759554371,7.60565381461458,7.09237208230056,-1.11387706923428,0.274790938510285,3276.56744399551,39.8904255976214,436.004247298261,7.16290981889925,1.0000354,0.961093812071406,75,
4352,48.8602148355071,36.6345280539633,27.5981508676048,1540.18142888578,27.2054551484681,60.1438272540392,94.5913073339893,82.3964775325815,75.2056333359378,7.61361461293824,7.07717293145853,-1.10645785890518,0.280975689569469,3284.55646852235,39.8628262624887,432.442379913599,7.17370087055523,1.0000354,0.961160930743511,75,
4353,49.3458245830246,37.0924072095108,28.0355334986528,1415.62957109403,28.5725979239473,59.805348188216,94.5670420356084,82.4638023294255,75.4852521346786,7.61432286973049,7.06085926293871,-1.09610078462146,0.294549500303781,3294.69642124418,39.9532440680163,428.14176852256,7.18354113572417,1.0000354,0.96397559573338,75,
4354,52.0490362109126,39.8847870614045,30.8938202987247,0,18.0919529306736,74.5737913246775,90.4576856112628,82.6091248930932,82.737267879088,7.06235466461411,7.00418253058225,-1.1052219442587,0.341258946641405,3276.48474370287,39.6625039660336,456.235288728813,7.09352703375127,1.0000354,0.985015383319026,75,
4355,83.33649208371,74.2183574432436,67.4788666220294,0,9.24677197997542,24.8303568358678,23.3020683639597,169.049417910508,121.971317229532,6.82614293931547,6.81640255595239,-1.66719219035497,0.247906787176611,5025.90762620345,29.7304048030741,1162.73890386365,6.82091922327812,0.778311647156633,0.320315165238411,75,
4356,32.7187854978413,32.7187854978413,32.7187854978413,0,0,14.1147472227102,9.03238008465657,202,110.545090315149,6.91382839770607,6.84222626896659,0.782921231664144,6.50717546396549,0,0,503.359096313523,6.66938901424468,0.160661731632697,0,75,
4357,1.89026301038345E-05,1.89026301038345E-05,1.89026301038345E-05,0,0,1.33418645445977,4.48733802357218,0,1.06871944905132,8.86726444641305,8.84723935832892,-0.00187961948063631,1.90679811085939,0,0,0.000318442377827167,6.69735312514496,0,0,75,
4358,3.9820287154221E-13,3.9820287154221E-13,3.9820287154221E-13,0,0,0.221352033432573,7.1921995386063,0,0.00696246934952165,11.0531911387028,11.0337948650198,1.07193096072364,1.87763346493179,0,0,0,6.69654961276203,0,0,75,
4359,2.38921722925326E-13,2.38921722925326E-13,2.38921722925326E-13,0,0,0.00936038490016143,0.53150598486284,0,4.68679607990789E-05,13.2253952610624,13.2060030860574,-6.23419246252865E-05,1.86690439128656,0,0,4.06383910687659E-12,6.69531750536916,0,0,75,
4360,1.59281148616884E-13,1.59281148616884E-13,1.59281148616884E-13,0,0,0.00231576624214689,2.0977891654235,0,3.1556115999869E-07,15.3975072204205,15.3781150730059,0.000178360481939865,1.86295738566925,0,0,2.72187375468668E-12,6.69393672265646,0,0,75,
