4320,125.049625452077,104.10643292628,88.6266819289511,513.73560944697,11.7126719175923,92.9399026741944,97.9533484671902,75.1313147843359,42.5358854064631,7.44956432914821,7.37912822549874,3.07923703269407,7.55040665714518,5130.48823207591,68.2869486152738,760.750511147017,7.08036803667726,1.0000354,1,0,
4321,128.137701862605,107.609936302298,92.437240018593,514.493616221694,11.802102663521,90.8078043058268,97.7363222253888,76.4007831444031,42.5395561497454,7.44929399813036,7.37884391945602,2.81932347406298,7.53256973025865,5113.68899102077,66.9324158805482,776.373476473469,7.08108684713972,1.0000354,1,150,
4322,126.496202088837,106.363230842758,91.4823390521776,516.257201350996,11.8962830995026,88.8441538629121,97.5279929518908,76.0134720249172,42.6576601819256,7.44932273069237,7.37740262859194,2.43467898161894,7.36768703657702,4989.91634699037,65.6451575498969,770.634104315454,7.08184526753294,1.0000354,1,150,
4323,124.238995730798,104.130733510793,89.2681049133975,517.763302602931,11.9820998114696,86.8599993821912,97.3141137215031,76.2335367223268,42.6704649567033,7.45079565257547,7.37704050469687,2.01953891245046,7.08493833481365,4998.22071673237,65.5645918008225,766.373274301643,7.08252684634751,1.0000354,1,150,
4324,122.75720809866,103.414472811576,89.1176684689484,528.165111163401,12.1601222269213,83.0932620590948,96.8537918625233,77.1260922570618,42.6331768770254,7.45526585721845,7.37719305529583,1.54248334480112,6.60129476325411,4864.2292799389,63.0685302157717,762.549067748626,7.08608495720059,1.0000354,1,150,
4325,120.958530352129,102.4315007261,88.7376092633824,533.178926330894,12.2832023105499,80.9732587120019,96.5845819118712,78.2966700550163,42.4245548011224,7.45714995626962,7.37909910429549,1.09205931209428,6.14131221229749,4729.8123361514,60.4088568878846,759.996903915142,7.08918777150689,1.0000354,1,150,
4326,119.254300518958,101.445582248226,88.2826165698591,548.686249205524,12.5257883599756,77.3020664244117,96.0583154727929,79.5921473490113,42.3384031747881,7.46215238053804,7.37976098775613,0.682792094801533,5.69277193164202,4621.65696050989,58.0667454572363,766.444214468963,7.09279055172396,1.0000354,1,150,
4327,117.575838202477,100.26648500184,87.4726152448467,552.025560593379,12.6371189970657,75.5494045146922,95.8228649969162,81.1856746821965,42.1526434608468,7.46577952099054,7.38145236862361,0.238293486075541,5.23315084117055,4581.99979852946,56.4385258417304,767.741675107069,7.09737423946865,1.0000354,1,150,
4328,115.550157428025,99.2447486214081,87.192924720865,574.630599591743,12.9734627618114,71.1492530451092,95.0554970829073,83.0818125217132,41.9351368988185,7.47182682574771,7.38348375214511,-0.1808291442176,4.7529786783077,4417.05163468016,53.1650851204742,768.218741564405,7.10297629285134,1.0000354,1,150,
4329,110.702326043807,95.1112017021962,83.5873271888314,607.51018474105,13.4415918200903,65.5327807262423,93.8511011513393,85.6831023352727,41.9055804010788,7.47909944466963,7.3835795143801,-0.62066267181365,4.1505150520761,4355.79507450584,50.8361036866042,775.408613805564,7.11073621584807,1.0000354,1,150,
4330,92.1088825575099,77.4699408275523,66.6498534619316,711.173177238924,14.7953119584847,55.7053271916434,90.9576983117268,89.6407732991793,42.0901559471225,7.49724659359897,7.38147536533876,-1.11195316571726,2.67563557379446,4278.68286802522,47.7314363826934,751.770188124737,7.12137027215109,1.0000354,1,150,
4331,46.1279547623506,32.9000777820792,23.1229513184004,710.642637959806,13.4101518615703,51.1542664599507,89.6567849144345,69.3372051252335,42.2606865128273,7.52686869537647,7.37954527076546,-1.25290703052419,0.663954284569028,2990.55160462182,43.130547290166,490.713856302908,7.12535993967482,1.0000354,0.807768694367438,150,
4332,42.6926393556111,30.6810236018876,21.8028728273964,647.3133705495,10.8336087501166,47.4711369500636,87.14598370369,73.4238618823164,43.4903642662192,7.50111180547224,7.36681487488454,-1.42858729007341,0.147961471994715,2875.63311354737,39.1648306126479,458.467539634101,7.11223021301784,1.0000354,0.562741090713509,150,
4333,41.7338552304987,30.3850176600749,21.9967464123704,609.590176277219,10.1929044611387,48.9428109187584,87.1177048756745,78.2201593815252,47.9381697855009,7.46116710945459,7.32336504707123,-1.44050374107157,-0.105698783204794,2894.44231365053,37.0037895158542,448.930340273992,7.08871422526177,1.0000354,0.530512107898483,150,
4334,52.8225104403206,42.1833126332345,34.3195577323448,1255.04669354229,21.5785241622672,50.7509011479966,89.9208159376522,110.433927879987,55.7390537560895,7.53158815823575,7.25471644338175,-1.54165339487993,-0.180704779792965,3830.94771276643,34.6899525020034,556.129362296106,7.07230422161138,1.0000354,0.808386926686455,150,
4335,74.0995744340013,65.9234813181562,59.8802820586186,500.926908694674,12.6064320285435,72.7870598428787,97.497270425252,86.9080061764167,57.6461653763739,7.69754839192797,7.23339429094054,-1.69060360131749,-0.0872782036574877,2316.86344374513,26.6588033217799,520.08637121499,7.16594526299536,1.0000354,0.999624454748843,150,
4336,46.9270501962717,34.9679500987357,26.1286152440352,1394.27733491019,25.4976760947283,62.7407930192997,94.7507744292615,86.1393167149682,74.1852702609907,7.56656375283021,7.11530216234394,-1.2160748147637,0.134288766713685,3358.88198528268,38.9935991296181,422.203310645373,7.14250226766828,1.0000354,0.958901513505505,150,
4337,46.5062746257498,34.681074293063,25.9407088297727,1622.45147601036,29.7760021152231,55.5054438108701,93.8240193621533,87.8303399155054,81.7412402000079,7.63397669940187,7.06152661977791,-1.25297751890088,0.0987357526399695,3386.4751427564,38.5570082731577,403.843721270191,7.16477596786825,1.0000354,0.960764465676084,150,
4338,48.087869921652,36.4347088564279,27.8215028516971,1522.78757126735,31.8678416872443,54.774039441216,93.7554891438268,90.3524484609157,83.4510890998735,7.63690590373715,7.03686998440512,-1.28775785851487,0.04772388383341,3433.03710060291,37.9960605283205,401.303200814458,7.18881059290641,1.0000354,0.964221200674609,150,
4339,50.1751900881994,38.7893421346368,30.3737153863514,0,14.0329758743155,69.1167659060777,87.5364431355686,90.0024710797721,94.1514011549072,7.01974239546136,6.96458082094465,-1.3300246339185,0.0392263571445621,3341.29357133039,37.1244648201813,435.051350385318,7.09859116946416,1.0000354,0.987213173875082,150,
4340,1.59736569395614,1.59736569395614,1.59736569395614,0,0,3.82304327584965,6.52266596675154,0,8.18212495426588,8.01228570211017,8.00826911221411,0.779336436920899,-0.109725744589322,0,0,25.9434531950425,6.90040635131793,0.0047200882782194,0,150,
4341,1.67404487196345E-10,1.67404487196345E-10,1.67404487196345E-10,0,0,0.306504472881669,3.29896535536665,0,0.0439576284639362,10.2813797549877,10.2781736587913,-1.53705696543938E-05,-0.111548981742588,0,0,2.73498460498787E-09,6.90117681679086,0,0,150,
4342,1.59281148616884E-13,1.59281148616884E-13,1.59281148616884E-13,0,0,0.0760319017250734,12.0945369283649,0,0.000295654522523784,12.4538102897054,12.45060854596,0.000711777410479009,-0.11221971320762,0,0,2.61755581872617E-12,6.9005288381484,0,0,150,
4343,1.59281148616884E-13,1.59281148616884E-13,1.59281148616884E-13,0,0,0.0166843936416116,29.4891647755607,0,1.99117062555187E-06,14.6256859651236,14.6224842506522,-7.63763434097342E-06,-0.112466461524146,0,0,2.63284468125697E-12,6.89943664551326,0,0,150,
4344,1.59281148616884E-13,1.59281148616884E-13,1.59281148616884E-13,0,0,0.00260988236643371,36.8768447379877,0,1.3405667142756E-08,16.7978536184689,16.7946519041947,0.708888642320017,-0.112557235156939,0,0,0,6.89812275457719,0,0,150,
4345,1.59281148616884E-13,1.59281148616884E-13,1.59281148616884E-13,0,0,0.00016139463184156,8.80238629328705,0,9.02825934436996E-11,18.9697500203751,18.9665483061022,0.00369989529986725,-0.112590628910243,0,0,2.66314810848401E-12,6.89686341511486,0,0,150,
4346,1.59281148616884E-13,1.59281148616884E-13,1.59281148616884E-13,0,0,3.87809719442969E-05,26.5734062462275,0,6.0799323884096E-13,21.1416881634544,21.1384864491814,7.36474204732218E-07,-0.112602913785548,0,0,2.67793794287615E-12,6.89561451193505,0,0,150,
4347,1.59281148616884E-13,1.59281148616884E-13,1.59281148616884E-13,0,0,6.03381518899503E-06,33.3079958904339,0,4.09475685774267E-15,23.3135570156006,23.3103553013277,-1.3500759887819E-07,-0.11260743313861,0,0,2.69239873288741E-12,6.89441229234544,0,0,150,
4348,1.59281148616884E-13,1.59281148616884E-13,1.59281148616884E-13,0,0,1.60286132913999E-07,1.16924308271237,0,2.75708029397331E-17,25.4856420155854,25.4824403013124,0.297662634900901,-0.112609095715689,0,0,2.70650849974089E-12,6.89317927662723,0,0,150,
4349,1.59281148616884E-13,1.59281148616884E-13,1.59281148616884E-13,0,0,1.20023895603137E-07,37.7270891827737,0,1.85738146330164E-19,27.6572662205103,27.6540645062374,0.353599048597709,-0.112609707343616,0,0,0,6.89210298623683,0,0,150,
4350,1.59281148616884E-13,1.59281148616884E-13,1.59281148616884E-13,0,0,7.18564973722262E-09,8.50502687350029,0,1.25125607157779E-21,29.8289036292423,29.8257019149693,2.81251756995005E-07,-0.112609932348955,0,0,2.73385001333445E-12,6.89105188720258,0,0,150,
4351,1.59281148616884E-13,1.59281148616884E-13,1.59281148616884E-13,0,0,1.28935680683134E-09,15.1141163471608,0,8.43087623448715E-24,32.0003781878111,31.9971764735382,-1.07971853680056E-09,-0.112610015123794,0,0,2.74708337773083E-12,6.89007391364643,0,0,150,
4352,1.59281148616884E-13,1.59281148616884E-13,1.59281148616884E-13,0,0,9.79159679924457E-11,4.50597590970343,0,5.6820138757466E-26,34.1716466258822,34.1684449116093,-2.88425283656579E-10,-0.112610045574955,0,0,2.7600401992587E-12,6.88917761607353,0,0,150,
4353,1.59281148616884E-13,1.59281148616884E-13,1.59281148616884E-13,0,0,2.34064855083939E-11,14.8875577006727,0,3.82806416754397E-28,36.3432203783304,36.3400186640574,6.8417832750356E-06,-0.112610056777312,0,0,2.77271987928422E-12,6.88823254658817,0,0,150,
4354,1.59281148616884E-13,1.59281148616884E-13,1.59281148616884E-13,0,0,4.72444735244478E-12,30.5145534226617,0,2.58005290263991E-30,38.5144491647023,38.5112474504294,4.27758717336246E-10,-0.112610060898428,0,0,2.78514414207999E-12,6.88740073526472,0,0,150,
4355,1.59281148616884E-13,1.59281148616884E-13,1.59281148616884E-13,0,0,5.54709947390039E-13,24.0833082199417,0,1.73864873805711E-32,40.6858102778541,40.6826085635812,-3.55386831074611E-11,-0.112610062414502,0,0,2.79732108005625E-12,6.88656135357961,0,0,150,
4356,1.59281148616884E-13,1.59281148616884E-13,1.59281148616884E-13,0,0,9.63178432817025E-14,36.041246160902,0,1.17181597796284E-34,42.8570427367843,42.8538410225114,-1.63100644101633E-11,-0.112610062972235,0,0,2.80925435391519E-12,6.88577753767803,0,0,150,
4357,1.59281148616884E-13,1.59281148616884E-13,1.59281148616884E-13,0,0,5.05319937826853E-15,5.99612838481641,0,7.90023764804255E-37,45.0280088470873,45.0248071328143,0.0316409082641349,-0.112610063177413,0,0,2.82094102863086E-12,6.88507424129775,0,0,150,
4358,1.59281148616884E-13,1.59281148616884E-13,1.59281148616884E-13,0,0,9.91333760923865E-16,13.0501972927526,0,5.32393177528642E-39,47.1993517858564,47.1961500715834,1.21889880411175E-08,-0.112610063252894,0,0,2.83241791310675E-12,6.88430647501022,0,0,150,
4359,1.59281148616884E-13,1.59281148616884E-13,1.59281148616884E-13,0,0,2.42725065645188E-16,37.0239042694945,0,3.58799368766396E-41,49.3706409986112,49.3674392843383,2.00480283929494E-07,-0.112610063280662,0,0,2.84367572944276E-12,6.88357138952642,0,0,150,
4360,1.59281148616884E-13,1.59281148616884E-13,1.59281148616884E-13,0,0,1.87312258390416E-17,13.9239668785088,0,2.41837638875232E-43,51.541824141614,51.5386224273411,0.00092215946179186,-0.112610063290877,0,0,2.8547144517294E-12,6.88287324029529,0,0,150,
