4320,118.255044663534,96.2016716738831,79.9013525076192,499.931022495812,11.5491564691154,91.1718687258264,97.7760485532059,73.3581376943824,43.6197837466847,7.45712158147926,7.3923558731275,3.39194672725307,7.25347294592848,5274.94750583539,71.9067805103146,773.029783278218,7.06096278360362,1.0000354,1,0,
4321,120.188424943522,98.0637584693313,81.7107441188422,504.577226957762,11.6486092914783,89.4070599791278,97.5788600665538,73.935144539683,43.6025410165957,7.45698037640697,7.39238668649838,3.29745972532712,7.24162640922332,5333.62503283458,72.1392385994712,790.968351547808,7.06179530229626,1.0000354,1,75,
4322,119.64786970388,97.8874463405429,81.8036551589459,496.359285973109,11.5840442445297,91.1282084181578,97.7956266551113,73.9405376115359,43.6449162710824,7.45623680849415,7.39182975930121,3.10281785325027,7.19420034966905,5246.19907149864,70.9515949026607,780.748299504023,7.06235933683741,1.0000354,1,75,
4323,119.193942696895,97.4087053213389,81.3065733481014,501.423324003614,11.6835729180128,89.2204321626968,97.5810422645601,73.8881008847156,43.6753553481634,7.45614797119318,7.39139587741175,2.90719415099906,7.10400538186993,5248.45674535138,71.0325029674307,781.041362895885,7.0621940091574,1.0000354,1,75,
4324,118.547440238924,97.0912795885845,81.2323782383335,506.804808981319,11.7832222756428,87.1756367306823,97.3467367024844,74.1190228443703,43.6598293938392,7.45796404837623,7.39142301843253,2.68436615135451,6.95762764378457,5185.33141479201,69.9595220741076,778.588823639861,7.06293842146032,1.0000354,1,75,
4325,117.95912586015,96.5877519484661,80.7915190572215,508.034459155671,11.8304385912613,86.212935730846,97.2423014620891,74.5672135680765,43.6004936642089,7.45925111800369,7.39188846129459,2.44824987087005,6.78173874041473,5196.07222514478,69.6830681543572,780.790192890597,7.06419085634823,1.0000354,1,75,
4326,118.418756563813,97.6558394347401,82.3093354697735,517.008374959883,11.9632591142996,83.6319478793207,96.9207367792964,75.2856499302287,43.4665015021234,7.46271351287735,7.3931024942899,2.17653487673964,6.50183401546017,5096.77423000683,67.6991463144741,780.718576290457,7.06712183647995,1.0000354,1,75,
4327,117.212649348148,96.9266413077167,81.9326353647894,510.15907096845,11.9167344252436,84.2317057579338,97.025630941007,75.7364764837292,43.3832036938557,7.46308420305702,7.39381400671828,1.95164138644361,6.28400954945206,5009.52457445972,66.144146216466,777.665211283917,7.06969644865688,1.0000354,1,75,
4328,116.872951452775,96.846829511031,82.0449132932204,516.428988874803,12.0143747311319,82.6617663255844,96.8201190510105,76.4089212678202,43.2798599274787,7.46392554999695,7.39472898411885,1.71759249997152,6.0548632510551,4989.25551928203,65.2967668761379,786.427826629059,7.07044122110279,1.0000354,1,75,
4329,116.018485917913,96.5243958750569,82.1157206259891,516.602220311923,12.0443750899372,81.9144559137766,96.7433735622693,77.1112367569302,43.2430882547006,7.46642356992815,7.39497891354331,1.47810082144433,5.81427344323347,4901.347088111,63.5620344614757,777.618097344222,7.07271248728235,1.0000354,1,75,
4330,115.780946844835,96.6078609781724,82.4364496854218,525.637096920057,12.1703783136836,79.9703799810014,96.4690059737535,77.8832159485501,43.1261971303424,7.46794471205071,7.39603508543689,1.24120907363023,5.5644482499755,4868.89843235897,62.5153747577062,783.865055049766,7.07476421205882,1.0000354,1,75,
4331,114.873952967164,96.2690634796524,82.5176234236654,519.439026722929,12.1315486372663,80.2140370983986,96.5434061860952,78.6418984744544,43.0477835830684,7.47010590599691,7.39670661804947,1.01083354789299,5.31879233394431,4770.63187419709,60.6627251724697,774.617097894673,7.07726717442593,1.0000354,1,75,
4332,114.500633578961,96.2341159716288,82.7327768705569,524.390237707887,12.2141763812927,78.9842619519178,96.3721150073218,79.4186657610399,42.9292826313498,7.47123098190755,7.39778451217433,0.784257133280587,5.05752943331049,4730.13099503946,59.5594366854737,781.294108080556,7.07901031653836,1.0000354,1,75,
4333,113.630797351732,95.8078451487027,82.6343587377681,521.956691752068,12.2160839912015,78.711471978803,96.3649904444818,80.0532855459181,42.8949307873154,7.47353392271879,7.39801330764891,0.620050498179565,4.87656223091503,4652.14909750634,58.1131563280797,783.73304197557,7.08127432583338,1.0000354,1,75,
4334,112.820225105987,95.427952763827,82.5727949457088,527.281752451652,12.3037585212786,77.4740882799213,96.187881683897,80.8555999216124,42.808165787098,7.47494289999415,7.39877437510471,0.382670167356072,4.63264893419825,4585.23134707873,56.7088903121615,777.193986634424,7.08298173829457,1.0000354,1,75,
4335,111.030008285446,94.2361143803963,81.8232362766637,542.826303289849,12.5071465972226,74.6745482900887,95.7452630478197,81.8835290685922,42.7840811421433,7.47939004232663,7.39890184148249,0.141085673508359,4.32641206767372,4483.76434170338,54.7578297211325,783.193049351571,7.08585766950093,1.0000354,1,75,
4336,108.305308805684,91.778669924889,79.5633281434322,559.459439211847,12.7254573729317,72.0226416410692,95.2721333922188,83.2912826838176,42.7524511880472,7.48238618312894,7.39910897409628,-0.0599974641574081,4.01790623049302,4488.26932519637,53.8864234116109,774.698228439024,7.09022210284483,1.0000354,1,75,
4337,102.966333484918,86.75778406684,74.7775518882607,591.995702191263,13.128241554424,67.2133201788493,94.271902028815,85.6930781106464,42.7895135123262,7.48882366395054,7.39862537907998,-0.289082758237007,3.5436125620343,4528.81639626794,52.8492673634661,780.294213663017,7.09439852117241,1.0000354,1,75,
4338,95.5556195301357,80.3437598384236,69.1002113706364,616.785658914887,13.4457723522641,63.2514556990786,93.3179449892391,90.2249397055494,42.7346450985242,7.49583758488977,7.3990877880424,-0.493125803331961,2.82910479695104,4475.11018845913,49.5994810643679,762.630640617236,7.10109179086751,1.0000354,1,75,
4339,90.7828096678476,76.4608502200931,65.8750541065354,612.74108292807,13.4244669733916,63.8267718346792,93.5277372713654,95.9636432639093,42.8689599029848,7.49711409627927,7.39764465716147,-0.680288746593423,2.25568818284531,4481.29969407052,46.697890384867,742.084301987794,7.10424156582367,1.0000354,1,75,
4340,84.8095380243125,71.1500718984634,61.0539447619662,617.902032007694,13.508107201179,63.6792805148798,93.4761897366644,96.2550191596837,43.4778813046968,7.49499535323349,7.39145180343634,-0.846940040925634,1.83415252531893,4286.98468447572,44.5377781013556,731.521111305049,7.10318645723023,1.0000354,0.999998076083465,75,
4341,52.1633744833759,37.8792483259049,27.3214159486436,593.698119252687,12.7344443618909,61.1212428317692,92.7885639135092,71.3724643742655,44.4879745657676,7.49901135008945,7.38142068209333,-0.768701640748418,1.02585710056106,3324.13912065084,46.5745319262006,557.111051394863,7.09581991127572,1.0000354,0.934817538141317,75,
4342,48.8649666528331,35.3818012942195,25.4159834204615,599.580320987632,11.6168465008824,55.6994805457343,90.6315332739474,72.7753928961405,45.7204736081306,7.48795743330696,7.36947296426797,-0.8907253169675,0.680197352371434,3199.41989637156,43.9629353968246,530.699667816579,7.07800759322066,1.0000354,0.778631651196813,75,
4343,47.1142502371777,34.2678059875156,24.7726080638523,678.963699089129,12.3002781815712,52.1606488970911,89.1179083577289,74.7630561214227,48.3503066684649,7.49119970533327,7.3447501565816,-1.06300220434916,0.449049111245297,3131.58932610073,41.8868554679562,517.903509823132,7.067411316933,1.0000354,0.735605245890939,75,
4344,46.5544882686976,34.1957408427478,25.0610144844371,701.716363241894,12.6349533955764,52.7210600353277,89.0890719651929,77.6511634848218,51.913334918626,7.47567322858174,7.31256939511935,-1.17621429663908,0.260324238970621,3129.08417198077,40.2966810998576,518.998450877742,7.05877537789566,1.0000354,0.736852300360882,75,
4345,54.4783242980154,42.8777769054302,34.3034592674325,1141.37591673785,19.9087410467447,54.6032860090214,91.389704203559,100.191238703608,56.0235028126245,7.54317931100521,7.27675247644526,-1.31273291585049,0.114589231732644,3789.68445563652,37.8245094548378,577.282741955527,7.06869936697893,1.0000354,0.906921973359281,75,
4346,69.5871320151275,59.1440364659043,51.4252267121307,1582.9974428529,27.4530174705206,65.9249637680288,95.9159164778258,131.982564967921,55.9137547201214,7.64447448832861,7.27293714265439,-1.44600744108727,0.106753509124963,4494.07832822266,34.0505454589018,573.983904231137,7.13692907817983,1.0000354,0.995008012377772,75,
4347,81.3114437852978,71.0971871236634,63.5475191563683,1736.02597104508,30.1555670415248,75.866775457349,97.6153173229183,147.149880846069,53.0819377222357,7.68153871352606,7.28904307185864,-1.46445388266262,0.332997243604576,4900.73820104913,33.3043980251381,571.824091175559,7.20512157745859,1.0000354,0.999486023733041,75,
4348,88.0513858510704,77.7637104474433,70.1597764534581,1805.92197307709,31.453913206794,79.4196268424226,98.0874296851581,154.518913429155,50.0015087555962,7.70381092765239,7.30708409203239,-1.44320074689044,0.531299714173978,5183.149316443,33.5437856856235,580.168477155232,7.25236681828678,1.0000354,0.999826452491973,75,
4349,92.1211145829365,81.758920526444,74.0999075281669,1815.77637959232,31.6900716493641,80.9699302869518,98.2537063529757,156.367486873285,47.4946009966633,7.70958088318408,7.32027710498836,-1.42319118307436,0.678968077233526,5283.15070281478,33.7867596931839,596.02884232905,7.28373596570996,1.0000354,0.999837405068594,75,
4350,93.5374891083292,83.1534491309986,75.4782891477542,1827.60004226379,31.9498608782613,75.558329411662,97.7982693142499,156.734736642418,45.291714181344,7.71495184432417,7.33094098379121,-1.42388137598913,0.719097962019197,5306.72315520449,33.857990059418,601.38464592571,7.30290648264279,1.0000354,0.999837602359698,75,
4351,93.4401367607296,83.1154903434701,75.4842299481043,1821.18409270152,31.8795450560256,72.4394011557539,97.5048449258743,156.045042794924,43.1160069856364,7.71963524940262,7.34193404000041,-1.44053598660667,0.740371310571159,5253.15222474633,33.664332622537,607.857789148111,7.31659183974533,1.0000354,0.999504232185267,75,
4352,93.2311494352873,82.9447415640336,75.3417444418026,1813.05501492536,31.7720690371285,68.7622455734308,97.1149360031338,154.864692180776,41.3159213032913,7.72615136276032,7.34983407907789,-1.47663066541234,0.73331835041315,5194.1080059919,33.539652795285,625.153930335763,7.32786127301107,1.0000354,0.998783323072669,75,
4353,93.123653125319,82.8835810906478,75.314832195456,1815.31304617221,31.8458394638558,66.5643752287275,96.8585728639505,155.280441217408,39.3976597781648,7.72987354637799,7.35976714677208,-1.48258169398705,0.720027757215241,5184.59205306274,33.3885711066714,634.010876952013,7.33915090347092,1.0000354,0.997452334299405,75,
4354,94.9322767137723,84.8688560270489,77.4306755194708,1824.24364884209,32.0541903128839,65.0905031750959,96.7189902181977,156.630794861778,37.8099781520489,7.73753571448223,7.36671163263163,-1.49374453164564,0.702359714163296,5139.46131791467,32.8125853057829,648.326477700417,7.34941566453679,1.0000354,0.997354084325861,75,
4355,97.3731230809983,87.3624108408516,79.9631887503084,1772.21012917966,31.1765402077715,74.3355508551341,97.8352291775314,156.298603378403,36.5934481003096,7.73482015995084,7.36979070108683,-1.45986448103399,0.777001378576781,5101.6997642567,32.6407252143218,645.431309652115,7.35979259846463,1.0000354,0.99790041604081,75,
4356,99.5549321346293,89.2141573921779,81.5709760608008,1717.70995834204,30.2539116854185,78.0663372705011,98.1358649149536,153.140800638889,35.6340896595285,7.72407725747931,7.37008653169647,-1.41174156622514,0.965422367160273,5163.43617172102,33.716920312416,650.95048982438,7.36057513663376,1.0000354,0.99931422205224,75,
4357,99.2186940148699,88.826604674025,81.1454951612266,1711.87755823629,30.1643629283506,73.2914745835495,97.6720610773622,150.455653949228,35.0187873636265,7.7202762995234,7.36652125942322,-1.42151544323931,0.991952210266121,5098.0748334067,33.8842356507723,651.11937404565,7.35670817476851,1.0000354,0.999392872830849,75,
4358,99.906647179818,89.626429998823,82.0280086041745,1777.89879662637,31.3456306878796,64.5434711014213,96.6356233634732,152.34305479418,34.3073556996692,7.72948808897935,7.36450641695425,-1.4607725236197,0.95423083737412,5106.45808259133,33.5194675562356,668.204158550993,7.35771015562861,1.0000354,0.998969553584625,75,
4359,100.995131210414,90.8755994338233,83.3959455119953,1810.98963144105,31.9752135295549,64.4860200201665,96.7433525713857,155.33720285941,33.7403165595785,7.74239084237696,7.36077376503783,-1.48117417079803,0.942379748681311,5125.43488840381,32.995539986919,679.32255094045,7.36432036150327,1.0000354,0.998824528476285,75,
4360,102.461552175979,92.516876519114,85.1664640770832,1811.49581278343,32.0353604115824,65.5429569291092,96.9227101809874,155.513561698985,33.1544984967271,7.74390041581318,7.35730815147408,-1.52833185549984,0.938144897251699,5042.5906364194,32.4254076707466,679.244453744521,7.37290178467831,1.0000354,0.99952629265341,75,
