4320,122.308866948717,101.03762209799,85.3153976431045,511.833749255612,11.6875841676786,90.7142803182944,97.7098373021715,74.4364813919346,42.9330807975853,7.4535865789688,7.38461849498277,3.08453516771679,7.13220631590752,5162.66047403364,69.3565893698064,763.304849214435,7.07406436908534,1.0000354,1,0,
4321,124.502264145099,103.550629760378,88.0646391281936,505.430120972546,11.650047788039,92.4816938375229,97.9256150290982,74.9478530480779,42.9479030436183,7.4528622137713,7.38433735767161,2.9731505675042,7.15112442838122,5120.02315609993,68.3144739691945,775.476826852778,7.07491441903761,1.0000354,1,75,
4322,123.259896593362,102.178935208198,86.5973550539472,502.716674763458,11.6543745104247,92.94577946912,97.98721842175,74.3397480488609,43.0663047441172,7.45226838360629,7.38301619785767,2.83289206944583,7.13352922348254,5109.82844178294,68.7361549628124,761.99533495087,7.0746184572522,1.0000354,1,75,
4323,122.722854852139,101.913796102904,86.5331874621654,506.855033623831,11.7405775206124,90.2959828955628,97.6985984627252,74.5231565450962,43.0367665148796,7.45263016231349,7.38319209056402,2.62492527204788,7.01961483941991,5056.36597070062,67.8495947449685,764.573491573074,7.07420149816781,1.0000354,1,75,
4324,123.080809017984,102.49616301284,87.2814246612119,522.474238553892,11.9532888881123,86.1032424578331,97.1840861466905,75.1534869891764,42.9805582414511,7.45378393519717,7.38364066981391,2.35233215189865,6.80676785048455,5044.1426540504,67.1178791048891,778.628379960221,7.07458013802806,1.0000354,1,75,
4325,121.881183699115,101.795554301356,86.9496543117071,512.244140166199,11.8697488347023,87.1784742535256,97.3554384480349,75.3772816648445,42.9821614475154,7.45576254310827,7.3835088812916,2.1338618837015,6.59719444378376,4936.51815241299,65.4907956798255,764.281680766742,7.07764406856663,1.0000354,1,75,
4326,120.858207779923,100.815531822832,86.0013800284614,513.086943539145,11.9099791217238,86.4484103080282,97.2761955418262,75.6662112838766,42.9567828499894,7.45614902788043,7.38365015190323,1.93619177830448,6.42718220765663,4944.84309430733,65.3507425626979,768.773059823291,7.07799688117109,1.0000354,1,75,
4327,120.537359573088,101.064901704946,86.6722154545794,522.634510001196,12.0424919842613,83.7853364303649,96.9396368971161,76.3798095194303,42.8638724498018,7.45881278956815,7.38447726434171,1.68980247053456,6.17359083238536,4849.46875489001,63.4915010315174,765.450676840321,7.08010825464877,1.0000354,1,75,
4328,119.760551338335,100.606290490914,86.4487933428197,519.167728017999,12.0338691107263,83.7213313248051,96.9546982375625,76.7489304568697,42.8091820803925,7.45997700814077,7.38491921646564,1.53187435809405,6.02163204510317,4793.27726389716,62.4539942819244,765.881066064819,7.08250746564367,1.0000354,1,75,
4329,119.588210004686,100.683824230942,86.7110173546962,522.923118459636,12.1022045231536,82.460223693115,96.794441916371,77.5087338993462,42.6785524490177,7.46117940692623,7.38613534954029,1.28609440373728,5.79006488624021,4777.58074427695,61.6392566866228,765.607493779873,7.08346789871122,1.0000354,1,75,
4330,118.765110855253,100.255054340988,86.5737082217478,525.965544957713,12.1633196813248,81.3831307925566,96.6606804009309,78.0668318447497,42.6534722705711,7.46292046758293,7.38628064610802,1.09689619036041,5.60943647126579,4711.60768364071,60.3535147040502,769.558304596733,7.08528501034175,1.0000354,1,75,
4331,118.374487303534,100.25888229964,86.8690872967627,535.223976366872,12.2927784329359,79.3228325229262,96.3684032217415,78.9111300835539,42.5238833016412,7.46529110136746,7.38749233798128,0.835647424397158,5.34612198011941,4661.07324230083,59.0673741126952,775.431519147912,7.08734139504815,1.0000354,1,75,
4332,117.558146889287,99.6594157282049,86.4299187830571,533.450643461238,12.3025012837043,78.9255911092142,96.3390028426979,79.612279313078,42.4381154119435,7.46741004790327,7.38825982511113,0.641711198884613,5.1469371265496,4646.19170068271,58.3602396611634,763.140526741974,7.09041769214291,1.0000354,1,75,
4333,117.084772888212,99.6918003079905,86.8361249226095,540.311069040224,12.4075636667049,77.3258456745313,96.1047753263467,80.3634110168764,42.3040379935993,7.46964355809879,7.38952535129317,0.443488294410607,4.93740292365465,4557.50334476193,56.7111734941769,769.653939582242,7.09257037839222,1.0000354,1,75,
4334,115.957092910688,99.0707960015492,86.5896200252296,548.918283186582,12.533374996813,75.4803142499511,95.8216643835988,81.2713735212783,42.1925076225154,7.47283267904648,7.3905637767626,0.200526535751971,4.665378338964,4474.73007007582,55.0591170814193,768.092601106802,7.09575656139215,1.0000354,1,75,
4335,114.041060442596,97.8133405602139,85.8189389080187,561.26769558235,12.7032064772839,73.0314956774208,95.4189857507585,82.4184903427145,42.0723970366302,7.47784357191741,7.39169468006931,-0.0497607089168386,4.33449921926353,4360.90855012813,52.9117741904091,772.026314421591,7.09978754387775,1.0000354,1,75,
4336,111.720198696416,95.8734829690766,84.1606930836514,570.935788915479,12.8447066195008,71.0487435999712,95.0752458276505,83.934312806428,41.9441861871011,7.48220023711826,7.39291490571227,-0.250197001739936,4.00238488351761,4336.84227781231,51.669479772999,772.545600661717,7.10475019623111,1.0000354,1,75,
4337,105.872479920588,90.6175619797193,79.3421878495123,598.179366303925,13.1889400063208,66.8775580029652,94.1972809941574,86.3972930195903,41.9315512035935,7.48844033029585,7.39294553599288,-0.501720907481277,3.45320903501268,4297.39063443869,49.7398759179211,756.390880589557,7.10993524772056,1.0000354,1,75,
4338,100.431590563382,85.7552481515433,74.9075168036625,621.907140347575,13.4961958687226,63.1105381712885,93.2727764716957,90.7302567586859,41.851258555104,7.49432142224886,7.39368665204975,-0.682545513579501,2.91740132234909,4341.749843148,47.853384287181,763.268851676229,7.11578211660106,1.0000354,1,75,
4339,94.7622387515562,80.7719558055007,70.431311888851,634.820637932144,13.6768778954966,61.1633977262509,92.7380746343422,95.2731672809471,41.9668368824085,7.49682630585895,7.39240923981905,-0.889619553197171,2.34509623861763,4346.02202463478,45.6164327130951,745.247096284221,7.12004194611465,1.0000354,1,75,
4340,73.09612111162,59.1498240743521,48.8416914815889,630.569205501706,13.6163678980411,60.7329961531878,92.6776443612602,83.5150951130609,42.7487164841342,7.49995993982246,7.38432609339411,-0.966425156537658,1.5263803739513,3797.68301841412,45.4730131513699,678.174663440368,7.11994927974999,1.0000354,0.995116826761555,75,
4341,50.5149412081384,36.941027479392,26.9081347233621,586.600756229646,11.8927557643643,57.2840009582247,91.4773893070204,71.9267782599719,43.181503152993,7.49862515730803,7.37989253956179,-0.934371376690429,0.75313049491574,3183.39488539183,44.2588276912081,538.513711480671,7.10752178898922,1.0000354,0.837537349429213,75,
4342,47.3097602615236,34.7446828761269,25.4574517651816,612.139357399512,11.5849633549051,54.5010287154388,90.2778848312038,73.5585260051994,44.7458547023842,7.49361012419183,7.36434110379836,-1.11011109458293,0.385127530791412,3013.65135131959,40.9694363792251,511.237833414535,7.09367660405136,1.0000354,0.753694089221257,75,
4343,47.0025501609266,34.6736724878607,25.5610237729858,660.128232159832,12.1352204598174,53.0369475139205,89.5189864969555,75.944685030246,47.1603908574019,7.48747128124964,7.34104920694405,-1.20180297134222,0.268382813014317,3052.92229519257,40.1992883896576,515.225971786129,7.08258067145824,1.0000354,0.743254083361043,75,
4344,47.394170766819,35.3611639304203,26.4672023556909,737.765265546492,13.3074361761874,51.8163500179236,88.8773454111837,79.3542319094067,50.6566676606423,7.4837027714131,7.30870110909627,-1.29434419231817,0.16352215089081,3113.42979694038,39.2345779427967,525.254757652918,7.07562764694606,1.0000354,0.762794398153338,75,
4345,54.7162070763394,43.5562644922253,35.30761127788,1118.33136528464,19.6409806435753,54.4740905213778,91.315324956086,101.721572393995,54.1407126725155,7.53942638271543,7.27719874907749,-1.40538955140733,0.0212666169982829,3701.43260935479,36.3878823561451,568.154113289031,7.08632924989195,1.0000354,0.911470424763633,75,
4346,72.1159538665229,62.1611246588653,54.8032074184228,1598.72667730921,27.7650588087564,66.9242311243211,96.1501655553004,136.615408412085,54.9211333743996,7.64817116235312,7.26647048834244,-1.56102161969819,0.0275183078118948,4434.33316465361,32.4585141324464,556.701038428295,7.15065932646256,1.0000354,0.996086459847639,75,
4347,85.8417557588961,76.1213965456608,68.9367832141391,1765.63704910967,30.7242877063694,79.6075676800102,98.0414252722638,153.612059883291,52.2462167911585,7.68977830906408,7.2818607980318,-1.56212979650251,0.318787807753372,4868.58155160658,31.6940060259952,563.542304468527,7.21773900537578,1.0000354,1,75,
4348,92.5822351423272,82.6143242046863,75.2467378594734,1827.33720596519,31.8870823119309,79.8241845806127,98.1406403130224,159.314754757426,49.2632347356576,7.70533500762863,7.29966253928583,-1.51720760496173,0.553558619175484,5177.91563407176,32.5011681558039,573.747537758224,7.26587818504044,1.0000354,1,75,
4349,95.5652981494353,85.5315693479598,78.1153350164345,1827.23468195584,31.9463174635858,79.3687308428184,98.1306905372709,159.779226270701,46.9741347579948,7.70994694478296,7.31153805483169,-1.49376563151578,0.707640990776201,5227.3008244379,32.7157725471877,585.707760572282,7.29632534925917,1.0000354,1,75,
4350,96.2059172500572,86.1988476027153,78.8023178633757,1826.67215632987,31.9859901384578,76.4907880758307,97.9214890991228,159.271269867141,44.8675127214695,7.71903984933668,7.32204540499717,-1.50587515799087,0.739395691956032,5196.83809510045,32.6288482501301,588.082549221283,7.31429235616053,1.0000354,1,75,
4351,95.6774143425606,85.6405808519677,78.2220517502251,1817.55063484791,31.869544739595,72.3293428411627,97.5187590254448,157.7802238183,42.5969567338193,7.72190246339725,7.33490939005706,-1.52121773903169,0.75201283589268,5163.49913771274,32.7258956335303,600.428303814487,7.32815894547557,1.0000354,0.999990314729278,75,
4352,94.9182797825863,84.8709617670345,77.4446832338006,1814.28923621517,31.8511701131628,66.4563123036354,96.8163771081662,156.679882575636,40.5403983589947,7.72627216541446,7.34662677086044,-1.51971229756816,0.716953268809786,5132.84568543662,32.7600812628818,621.826340367987,7.34059143335095,1.0000354,0.999187476468125,75,
4353,95.5290191023072,85.5113509460338,78.1069875261795,1812.42459168344,31.8591277362698,66.0232538475335,96.7898832754746,157.609150567206,38.9090755864336,7.72897679522797,7.35459087856984,-1.54245638150315,0.706696103517853,5148.0516007372,32.6634055333101,626.73885771428,7.35017482761587,1.0000354,0.998358037051589,75,
4354,96.5094241288757,86.5869654773047,79.2529743000565,1820.11076116592,32.0465705841307,64.765036871811,96.6634201532829,158.867638826175,37.756764903391,7.7346594373091,7.35754562179807,-1.56070520041819,0.673718327857558,5139.83953256055,32.3529673540646,632.913924094435,7.36060333399374,1.0000354,0.998340196117312,75,
4355,97.9368457617816,88.2245480167813,81.0458931617812,1794.57242641439,31.6389407986744,70.0732721116452,97.3746101906723,159.440545043785,36.5806917560182,7.73266634478824,7.3609887870811,-1.556669870468,0.702449492754143,5049.11869115085,31.6677209662341,635.63454900953,7.36801997371954,1.0000354,0.998670266213324,75,
4356,99.6502691325219,89.7310444280427,82.3994435595146,1745.52427201633,30.8083928523991,75.9095743318747,97.9769741600509,157.733321037552,35.6570692414631,7.72927137714298,7.36166614917407,-1.51698854333419,0.806987548381177,5101.4777605048,32.3424228117931,637.066102023714,7.37176137452895,1.0000354,0.999400628043622,75,
4357,100.583808107461,90.5131492671299,83.0696188199285,1711.88952382867,30.2373316744382,75.9217612144558,97.9407518981401,154.755003245204,34.9559806893766,7.71968334158496,7.35985530189522,-1.49594868881306,0.903963307602565,5081.56405281815,32.8361858825759,644.317987989536,7.37081317822572,1.0000354,0.999530220980327,75,
4358,100.386894331144,90.2732127012787,82.797882800943,1713.23290423516,30.2761570200732,72.8237164255835,97.6308355756952,153.412284878212,34.415799327033,7.71799494969391,7.35627988476372,-1.4965141962933,0.922251064945204,5058.99486083722,32.976465117206,644.726337636355,7.36797017579423,1.0000354,0.999532448783161,75,
4359,101.287657699096,91.228059061175,83.7927035461902,1769.85732533598,31.2990970615196,64.7068703710834,96.6661976102467,154.90505227671,33.8376498606945,7.72650739480396,7.35337222465322,-1.51916748611524,0.904627987424882,5080.90480068335,32.8001232110056,652.767156147504,7.36850489490958,1.0000354,0.999532489537834,75,
4360,102.423319012879,92.4521196493589,85.0821027284959,1786.64619633775,31.6331770682167,66.8000395969636,97.012981267087,157.410779850909,33.1067692530439,7.73097633512844,7.35256248666739,-1.54475909878437,0.909945901804535,5117.72201135203,32.5118903305051,663.532970832117,7.37281122102904,1.0000354,0.999532490284265,75,
