4320,121.917151571685,100.103304987999,83.9800270783178,508.774026635737,11.6451484854421,90.9430912509285,97.7367499372964,74.3918196333625,42.9376955101843,7.45438686076205,7.38801001259173,3.43679952791144,7.68648297131565,5291.17661147759,71.1257855709804,784.15830822182,7.07169935329977,1.0000354,1,0,
4321,125.058201915682,103.408027855554,87.4057252893733,506.354763542937,11.656143267453,91.3670850427621,97.7990020612264,75.4483420631925,42.9207519833715,7.45386934087447,7.38804420162125,3.31229739346094,7.67185265881994,5326.05828556328,70.5921182615569,794.519381729987,7.07248311638079,1.0000354,1,75,
4322,124.073461054059,102.808863811675,87.0915528064344,503.904052419703,11.6633691189933,91.6235556472374,97.8407685066719,75.1420751097535,43.0392080967477,7.45357609804552,7.38671581691215,3.11372388915743,7.61031294869238,5209.96933902981,69.3349143129207,791.192809773877,7.07302157623302,1.0000354,1,75,
4323,123.137512598301,101.917098998172,86.2324454676422,507.889659006967,11.7471614730388,89.5360575232,97.6081294621447,74.6936807463168,43.0616339117377,7.45380315890504,7.38636126166186,2.94203208237608,7.50915113446954,5168.1192623682,69.1908500254627,788.552262670699,7.0727826908803,1.0000354,1,75,
4324,122.297582783508,101.143615309307,85.5080741327231,515.987368956363,11.8752656473706,86.8712872654685,97.2906085220831,74.933479223276,42.9911933350057,7.45517048113629,7.38694711322388,2.72100748706812,7.3381006895889,5168.47656799118,68.9741971354472,794.042201221639,7.07281935609936,1.0000354,1,75,
4325,121.445780475071,100.45248444497,84.935700422721,516.018712630946,11.9068815225797,86.062137661278,97.2041927822806,75.1592772191485,42.910493353956,7.45629811694584,7.38764060991941,2.52257830162166,7.16776147005173,5144.67620719755,68.4503150848133,783.7653028402,7.07484245583577,1.0000354,1,75,
4326,120.455784540702,99.8922953811475,84.6931946979989,517.960605605572,11.9583833661818,84.8417274303257,97.0657580669389,75.6667227597862,42.8449992712272,7.4585235682032,7.38818368971625,2.30023307790512,6.96901268084559,5073.37018892103,67.0488955234271,784.706076880098,7.07664492092105,1.0000354,1,75,
4327,120.382453415524,100.07304563378,85.0617442298818,525.47131319405,12.0669025438311,82.7485218120001,96.7941146828531,76.3292956529431,42.7265095588907,7.46079442789568,7.38926769680986,2.0671500171837,6.74211231140942,5054.55976729984,66.2204429382146,793.225877061232,7.07840627131776,1.0000354,1,75,
4328,119.551552082414,99.743058312018,85.1019976991168,520.418440267119,12.0413443148069,82.8821763892125,96.8420450576036,77.0363213563193,42.6180969068633,7.46234454562784,7.39025378165363,1.82816640443139,6.50661137626586,4975.55820519361,64.5871728762846,783.033410847163,7.08113973579472,1.0000354,1,75,
4329,119.385835740271,100.00631921521,85.6823287401652,530.591244972444,12.1785568161814,80.7385625499174,96.5426213916913,78.0113750698571,42.5139240056703,7.46397840168837,7.39120032623567,1.54529062321929,6.19620873811002,4929.41852630271,63.1884583740326,791.469509428016,7.08291158034138,1.0000354,1,75,
4330,118.334916031139,99.5028266684709,85.5834562699772,524.005739194817,12.135833784347,81.0769189573714,96.6288320158863,78.6031986682338,42.4644710634295,7.46595345746135,7.39159050395688,1.32925815544499,5.95009278532484,4826.51374769431,61.4035284755514,780.890307385566,7.08550488351317,1.0000354,1,75,
4331,118.014420000193,99.357103655839,85.5669133143602,529.354368275589,12.2221188894857,79.7830599589821,96.4482811744927,79.1131529795306,42.3675034458566,7.46686923168193,7.39246771079038,1.15818794631642,5.76404266126382,4812.74321302442,60.8336671181548,788.897305708419,7.08711220539856,1.0000354,1,75,
4332,117.255767555774,98.7924289994623,85.1456135447971,525.775588391091,12.2114241590182,79.7209406596055,96.4702236333747,79.7630060765384,42.3101967954013,7.46859349234307,7.39294025789679,0.966840114000964,5.57276430370805,4801.82765073702,60.2011870782467,781.39648689696,7.08885920395019,1.0000354,1,75,
4333,116.851154333963,98.8649931170807,85.5708739567766,529.130576181872,12.276624090517,78.6902379825864,96.332932418812,80.4673298858095,42.216866897826,7.47019699756174,7.3937842857298,0.761922378242859,5.36308264971212,4719.03169328599,58.645312327161,790.585516073022,7.09046115361028,1.0000354,1,75,
4334,116.334628197797,98.7876039692205,85.8180643220119,531.164707574745,12.3277258280114,77.9294857523994,96.2355243431259,81.5563787441404,42.1191443289531,7.47157430585412,7.39467585646756,0.491836518255911,5.09285469091662,4666.12352426171,57.2134711731172,784.932108307088,7.0927015881357,1.0000354,1,75,
4335,114.895380307343,97.8618387696726,85.2718298070465,541.484037364913,12.4717552585816,76.0092692438755,95.9385295288193,82.2665979146606,42.0881682902536,7.47386065251721,7.39488158644493,0.269189650599508,4.81351109694581,4569.02267444554,55.5392199296393,793.191820026677,7.09509842333607,1.0000354,1,75,
4336,112.088689760761,95.3482288059132,82.9748446218955,558.593541540274,12.6944117601293,73.0785625248891,95.451520518047,83.4525109193906,42.1290698693481,7.47906268650335,7.39434714211262,0.033398734132744,4.47432160321569,4555.13908654706,54.5836073278492,790.295178459233,7.09835984314494,1.0000354,1,75,
4337,106.119275748388,90.1642565612279,78.3714162924574,597.8521276265,13.1739982906836,67.2130445393626,94.2491340394799,86.0175272345966,42.029442743767,7.48714698817355,7.39526706591824,-0.224258921187681,3.8536026650857,4474.85643047196,52.0226118366276,786.528089105493,7.10447918863583,1.0000354,1,75,
4338,101.341243363158,85.7958075576292,74.3057028318038,609.999989047636,13.3446684682689,65.0760886199495,93.7821822140148,89.9385145183697,41.9537658512221,7.49218588486979,7.39594986746431,-0.402457362589853,3.3455111359295,4558.7254087993,50.6871325728667,774.969741761622,7.11089259138632,1.0000354,1,75,
4339,96.324582062683,81.7294191468624,70.9416900351689,620.605819652168,13.4957861884775,63.626222576717,93.4244675399063,94.7888864681609,42.0144960877839,7.49394913796476,7.39523380303679,-0.606051346764346,2.75630956160408,4510.87912975209,47.5886920695843,769.859605931075,7.11447403884565,1.0000354,1,75,
4340,93.2390918524113,79.3527184496491,69.0888772389119,631.927058276473,13.6535369324279,62.5037206039912,93.1076584781749,100.067394807355,42.2778955129782,7.49350217869749,7.39244436302153,-0.76723088403797,2.3448794419817,4530.81421342795,45.2776273645424,757.54727271677,7.11517935464935,1.0000354,1,75,
4341,78.4784612127745,64.7116948166074,54.5362587846578,630.458089790296,13.6512493617818,62.815031938281,93.2255405123697,93.3455328190873,43.2023417028454,7.49368476055827,7.38298703543896,-0.899406756963541,1.67401090414357,4190.06059677522,44.8876391856476,710.723423880075,7.11325222558101,1.0000354,0.999091126395362,75,
4342,50.0293723439685,36.3523793792321,26.2432976226878,573.474869160767,11.8864581495409,59.6154818434382,92.2100540204524,72.0386367325116,44.0122577547085,7.49252701055752,7.37486376146247,-0.83399467127736,0.814116325532211,3212.55765669407,44.5949257566145,545.275590805735,7.09976085559756,1.0000354,0.856619441736512,75,
4343,48.177257912338,34.9790597185955,25.2238697493076,637.871833237006,12.0415543644822,54.4122603969173,90.0693739921091,73.1861734161719,46.0741230464454,7.48614393046788,7.35476887616838,-0.950782280682646,0.636066712543246,3149.47748391188,43.0337772409883,532.112085221276,7.08341091179045,1.0000354,0.77218680544676,75,
4344,46.5502914531666,33.9647154072001,24.6623331123553,670.335778884005,12.2357903795511,53.1477250238863,89.3596577191886,75.2720897774123,49.1066299001075,7.4785860716526,7.32625749637101,-1.12243323528451,0.3790082233668,3088.8860928275,41.0362738959643,520.112314767228,7.07408073608779,1.0000354,0.740181458228784,75,
4345,48.1551498444415,35.8600941597925,26.7724443059216,860.382842395982,15.0707912578608,53.0914967243986,89.5392541918615,82.6952401637043,53.3012102029614,7.4855301944554,7.28875083354243,-1.20791850390563,0.254296131699514,3315.17023548816,40.0890091004683,541.95593650879,7.06503728668177,1.0000354,0.785079158440158,75,
4346,62.766382478028,51.8333336081901,43.7523844435274,1441.686402204,24.9631905709954,58.3907990444741,93.7473941757278,118.816513509173,55.8574039961826,7.60697043108047,7.26475768393068,-1.428884693162,0.134420845123587,4235.58025987566,35.6480773150163,589.059992761373,7.11118573776655,1.0000354,0.975721700425964,75,
4347,77.1366650720418,67.0844135593183,59.6544885281748,1748.74021883469,30.3074084110075,71.7335829030182,97.1406654811711,144.807494680265,53.6694956541544,7.68364159949473,7.27652855626156,-1.51184548065523,0.226827948706488,4746.23467536037,32.7761673236601,574.100074986524,7.19073306783514,1.0000354,0.998281663839545,75,
4348,87.0122745336084,76.9637704389835,69.5366152386085,1836.68012327459,31.9666661664956,77.5234944029195,97.9351887331664,155.15022252857,50.0903337347478,7.70808213537803,7.29923170836065,-1.48382199374258,0.500160235469702,5083.3339112774,32.7639485682423,586.714904923388,7.2517932602014,1.0000354,0.999677947145198,75,
4349,90.7721241497349,80.4730449267685,72.8606820228369,1837.07224730813,32.0593973109265,77.6346641769272,97.9736398631174,156.680786537894,47.4530003612285,7.71155186616639,7.31412587971883,-1.4359009104648,0.651762740354602,5261.49259607514,33.5809687475792,594.826486901905,7.28955242853863,1.0000354,0.9997424488551,75,
4350,52.5190875695434,39.4062266321525,29.7141120262548,794.450981852243,15.5951848678828,73.217446403483,95.5415394579634,78.951842863385,52.910991684538,7.45600601222131,7.25864311743754,-0.930904148522222,0.599583670048793,3375.62775302022,42.755528314409,503.65806959738,7.2054687652289,1.0000354,0.94548209709216,75,
4351,49.2916308603454,36.6531303854637,27.3116300344642,1342.32838143334,23.4744230722495,60.1160699756561,93.6972086756899,79.3549258590064,69.4160114399808,7.55676595775,7.13191362765051,-1.05387036441878,0.386914772423563,3270.12430129158,41.2088382150562,463.646980340298,7.15482357108639,1.0000354,0.943976383548494,75,
4352,48.2965154854934,35.9162318774473,26.7655874715002,1549.25819021148,26.9779582675094,57.0320616442623,93.7215044838996,80.5150099529136,75.6355680845868,7.61738023323213,7.08411183177835,-1.08132681516791,0.322050273940283,3250.14147911926,40.3669015382348,442.3592881283,7.16732991842764,1.0000354,0.956261140810059,75,
4353,48.4254060577984,36.1227720715422,27.0295208643094,1585.98002396257,27.7165593542379,58.5760010584536,94.2870662720413,81.0287595357386,76.0985451022492,7.62378390187623,7.06881397172276,-1.07555291021347,0.307955572949941,3250.36487123923,40.1137187569263,438.900110308311,7.18185735306521,1.0000354,0.956589801524393,75,
4354,50.8773161491205,38.6725393385569,29.6516173481403,0,32.6225458131308,78.4274544274908,94.6128824166226,80.8514249492142,77.2523448518754,7.2559578201387,7.04739438977485,-1.07354244895647,0.325780567649314,3217.45396667162,39.794647635371,435.36286235444,7.15857343151405,1.0000354,0.969198914863648,75,
4355,8.04925471119546E-05,8.04925471119546E-05,8.04925471119546E-05,0,0,4.25065282553813,34.145212255228,0,1.48223096712734,8.76893488227756,8.75684229519246,-9.95227273503652E-05,0.337941321938957,0,0,0.00138012733130182,7.0627768802273,1.50254243095556E-06,0,75,
4356,3.18562297233768E-13,3.18562297233768E-13,3.18562297233768E-13,0,0,0.733044519076025,49.7188321517198,0,0.00954786336468731,10.9594221375835,10.9478544114698,-4.45100664827613E-05,0.335792914459046,0,0,5.48533258344666E-12,7.06370192584938,0,0,75,
4357,2.38921722925326E-13,2.38921722925326E-13,2.38921722925326E-13,0,0,0.134019481457948,66.380703134237,0,6.42988292332475E-05,13.1312239175014,13.1196595733652,-2.18625862022925E-05,0.33500255951598,0,0,4.13129415218442E-12,7.06361064713888,0,0,75,
4358,1.59281148616884E-13,1.59281148616884E-13,1.59281148616884E-13,0,0,0.0420233629209373,93.1739683773272,0,4.32904731586604E-07,15.3033720837254,15.2918077623648,0.976518903679691,0.3347118041812,0,0,0,7.06286760722763,0,0,75,
4359,0.00302217029734682,0.00302217029734682,0.00302217029734682,0,0,0.00585315292642458,93.5873482614775,0,2.91535581777128E-09,17.4753011981261,17.4637368769189,0.867116782889558,0.334604841271131,0,0,0,7.06200242351107,0,0,75,
4360,0.00672457530428042,0.00672457530428042,0.00672457530428042,0,0,9.84406504381E-05,10.774280537331,0,1.96281318957802E-11,19.6474539888095,19.6358896676033,0.311175461846864,0.334565491815543,0,0,0.117690030162936,7.0610793925323,0,0,75,
