4320,114.991538325173,92.888238249605,76.5510164546202,500.216359887231,11.533544969002,91.1458992329606,97.7647864094833,72.130485805303,43.3700991155066,7.45630072548971,7.3907875494069,3.40113980018384,7.26881661747591,5198.41322237026,72.0695717536409,750.712547907338,7.09017505421057,1.0000354,1,0,
4321,114.705413515923,92.5228642972741,76.1270670487077,496.723140787537,11.5733950033808,90.7206095337922,97.7405828189695,71.8175186668611,43.4218438956339,7.45531470096183,7.39002311686457,3.23198046926689,7.23454526149165,5194.41532854555,72.3279699016171,759.274375154347,7.08979035383643,1.0000354,1,150,
4322,113.40519444045,91.4613140638504,75.2419242202769,494.853331357814,11.6289150944043,89.8542048376568,97.6637006671558,71.799222718046,43.4193732972081,7.45461267023823,7.38980907966169,2.80256023903317,7.05613394444549,5137.21795191125,71.5497711177876,756.726166662329,7.09007518987756,1.0000354,1,150,
4323,111.075947280866,89.3911946980178,73.3633340933042,502.485801381848,11.7988856255238,86.5485541809465,97.294097454159,72.0576583143443,43.4541818168161,7.45725637066905,7.38922836980247,2.32183352925462,6.70660189254314,5094.82695225351,70.7048642911464,751.134020866856,7.09066372681344,1.0000354,1,150,
4324,108.086361875302,87.1254726504244,71.6326414842108,521.572508167346,12.0826772287753,81.6699768944692,96.6591624217987,72.6856684535281,43.2959780349342,7.46097546348488,7.39058239197035,1.82257666116536,6.1417774947912,4967.67657870265,68.3446501132304,746.891280671054,7.09368796315516,1.0000354,1,150,
4325,104.634579312123,84.6486202840905,69.8763896981536,526.671585871467,12.2073555105724,79.2728271009698,96.3558791928803,73.6132101104616,43.089643175794,7.46560730520116,7.39242877824726,1.2800649364627,5.52389179771002,4797.0646471832,65.1658124945901,747.131268407272,7.09790575628932,1.0000354,1,150,
4326,99.0153762176842,80.1417130823306,66.1916142431562,537.831369448235,12.402900536652,75.8400833248768,95.8756547674387,74.8010070151474,42.8423387237377,7.47353585517516,7.39469824021525,0.704886504353317,4.60258432506996,4603.18538481709,61.5390830752443,727.41413613341,7.10345207672716,1.0000354,1,150,
4327,92.7887847350257,75.241115873901,62.2710997591567,536.41615015058,12.4629403763851,74.3521856040843,95.7082135409184,76.7154929505566,42.4776011797308,7.47950956331106,7.39817779349745,0.276252030717938,3.77853696402173,4389.32089089685,57.2155730489249,715.571867382864,7.10954343571101,1.0000354,1,150,
4328,84.4205469051416,67.888106967455,55.6684774482954,537.529883872171,12.552206050928,73.1699697484774,95.5659801588396,79.2116010156367,42.4301770441224,7.48261770849578,7.39843317599396,-0.124569394255722,2.96912958479444,4269.92814369643,53.9053382200106,692.986419609064,7.11329144986949,1.0000354,1,150,
4329,74.5202040542813,58.8947979628385,47.3455847648156,570.199179302825,12.9930758412586,68.1365619156239,94.5946032368213,83.1549445171175,42.7631722771736,7.48765533431981,7.39482743452021,-0.491172080887753,2.16333537143901,4236.56830634091,50.9478820645333,667.141281632283,7.11565932877233,1.0000354,0.998211734488123,150,
4330,44.3538151829756,29.5298296077795,18.5729707043736,489.112517106967,10.4928742155369,65.5410694754981,94.0156498261614,59.4482855915276,43.8677506933978,7.4879289396446,7.38356875127682,-0.602225864933491,1.12756711096942,2873.42019720582,48.3347865899658,436.796725996928,7.10788107904154,1.0000354,0.793787752158761,150,
4331,42.4591483533245,28.4884769791378,18.1623285721302,522.962511737147,8.53409027643491,50.6578886325179,87.3798458587766,65.2137710055316,46.1607505894938,7.44534597812719,7.36114311919167,-0.950770456688814,0.737168490841113,2970.64949636837,45.5524876197757,432.145721991357,7.0742312533103,0.990524628424737,0.479329066587709,150,
4332,40.6166496450305,27.9633019454614,18.6108275588234,641.549968221954,9.44755904046253,43.3814961951774,82.0934244838362,73.2064092842333,51.4604513546184,7.43643510942413,7.31270805606922,-1.37038387064371,0.243018249519166,3020.29503973655,41.2572487746239,429.918454557603,7.0494558258048,0.979591723510175,0.391033647144173,150,
4333,47.3498590936258,36.3622389872375,28.2409545607766,1289.58929194724,19.8441010649392,45.1790221666397,85.7026159453859,103.100137601709,60.2391050184245,7.50008104122189,7.24095350357176,-1.55304490637341,-0.203231434324886,3693.66668255058,35.8260111816702,543.066199545161,7.03982291892648,1.0000354,0.605013112571938,150,
4334,37.4579382589478,25.7873603552745,17.1612810351682,757.935929670641,15.4359722615265,92.2155345075327,98.5162242239464,72.6655178933488,63.714425493369,7.5299722097444,7.20987628128754,-1.30041275483277,-0.150308301192076,2765.13001757096,38.0528495183829,382.709149410642,7.14988403858437,1.0000354,0.945019751081222,150,
4335,34.5005092163855,22.9289456929592,14.3760509147745,191.796642424283,22.7637283909536,62.9020206094076,93.3067042433345,69.7697611934232,84.017375225173,7.46166133442061,7.08120555894917,-1.35402780385104,-0.234349272528736,2632.41345536119,37.7300052391369,346.853863155006,7.12083545043737,1.0000354,0.673025697186753,150,
4336,36.2044279673801,24.8746374913065,16.5004445307305,0,8.64913992838149,52.8489881877939,72.2247704678253,73.7543879773853,122.4833925921,6.94855557620649,6.90491313826517,-1.37703018234354,-0.272491658133992,2724.61136408092,36.9416849464786,378.47620087252,6.95865935102797,0.974858601790915,0.511538905843291,150,
4336.8349833779,5.42484893777462,5.42484893777462,5.42484893777462,0,0,14.6187764973835,26.431961220731,0,34.8825347027558,7.42943588013188,7.43519581263821,3.07156352316548,-0.584626656847731,0,0,14.6256094395348,6.78045212903317,0.0167333901290925,0.0310955229862737,150,
