4320,133.840765413096,113.632358401153,98.6957097401519,515.984825351797,11.7487400570958,90.3160431616277,97.6743653776709,77.4971394462172,42.4142393275603,7.454379813646,7.38382863632731,2.76235628021087,7.44081636725194,5106.37346040764,65.8911218774914,781.583057340339,7.08093874915597,1.0000354,1,0,
4321,135.121161215982,115.407786779373,100.83703176101,506.827388149,11.6788054884082,93.8814240562356,98.0873764291414,77.876193604476,42.5120169770752,7.45324513291725,7.38270993559428,2.6494662524716,7.47629095484031,5005.6503318676,64.2770287064968,782.72710586406,7.0812327232428,1.0000354,1,75,
4322,133.74081741799,113.69053682054,98.8707642050326,510.926295591165,11.7659718255101,91.1552757523018,97.7909965553481,77.1175946256351,42.5699042380192,7.45199439077826,7.38200432325755,2.50647324076851,7.43059596141503,5041.60424553296,65.3755380987603,777.662382053484,7.08007217977094,1.0000354,1,75,
4323,132.974721234203,112.995869590543,98.2288922887067,518.136780654627,11.8847990511645,88.1790394038253,97.4486851448013,77.3668160020182,42.5267143898107,7.45309771110008,7.38233397583334,2.30796273201438,7.30229650098655,5039.87851134389,65.1426383013153,784.978085610803,7.07996550683424,1.0000354,1,75,
4324,132.198656392744,112.641352145056,98.1859533532872,524.227915591315,11.9839107768744,85.7814132280311,97.1656751868235,77.9283880023611,42.4914449649364,7.45612162738279,7.38258689821492,2.07909686060661,7.11285489456052,4969.34908981574,63.7681494151422,779.246551818187,7.08170044546853,1.0000354,1,75,
4325,131.962585980952,112.648068633608,98.3721210290491,529.823579532258,12.0730748609574,83.9201389448006,96.9305839298658,78.6559733589266,42.3515416375021,7.4577702152993,7.3839141082818,1.8376376015897,6.8876486247773,4953.4797447426,62.9765233739928,782.552897096147,7.08385398065127,1.0000354,1,75,
4326,130.904786618668,112.148610757585,98.285350338524,527.987792206832,12.0835831856654,83.4591391831511,96.8951560795929,79.3648582665605,42.3085672112809,7.45985252013926,7.38425292309995,1.59336394489641,6.63609548919508,4853.63778425605,61.1560064525571,782.549917875661,7.08619088385486,1.0000354,1,75,
4327,130.518778562338,112.069609818482,98.4332677034581,534.787646468533,12.1858550391945,81.6655922605414,96.6557469225183,80.1747590978048,42.1868897751496,7.46164167378665,7.38540267657948,1.34940107147999,6.36916633426717,4822.91145297574,60.1549852752572,778.772836741982,7.08796674824007,1.0000354,1,75,
4328,129.428491681473,111.326063911259,97.9460086028396,529.311833770048,12.1569163518436,81.9481285911052,96.7255385341018,81.0166165323514,42.139261948415,7.46277287033709,7.3857936463677,1.11612256911548,6.1026560565834,4781.95788504237,59.0244086919237,777.115341576681,7.09040795966315,1.0000354,1,75,
4329,128.395014289362,110.565459000576,97.3870920479944,530.527635879966,12.1995987519479,81.08018703025,96.6252456004697,81.6966112872538,42.0805718343095,7.46481001070728,7.38630055820888,0.91078857012678,5.87655718204728,4749.40686205613,58.1346862155239,779.150751679431,7.09162329537455,1.0000354,1,75,
4330,127.539187403674,110.423175083121,97.7722094548866,537.632455323252,12.306714952302,79.3281833654467,96.3845969345171,82.7625777943136,41.9654671309538,7.46745432345583,7.38739216806456,0.659882413803931,5.56807493793107,4618.82407921477,55.8081224909854,772.901472081387,7.09414212400169,1.0000354,1,75,
4331,126.705103634762,109.916343082811,97.5072591965862,537.065297384783,12.3307565888185,78.8252696180748,96.3328720050023,83.676461992321,41.8585311196947,7.46891838271828,7.38840266334068,0.456762133603398,5.32392769048309,4580.54090534218,54.7410920141741,776.059084415399,7.09608384777878,1.0000354,1,75,
4332,126.14134054613,109.67807516173,97.5095746602165,546.654093435993,12.4671217038845,76.9904479134429,96.0496176476228,84.7778351090847,41.710844513637,7.47026413772106,7.38984053628189,0.24302946310785,5.08130340857238,4550.85630689981,53.6797890751064,782.81606669392,7.09769610493385,1.0000354,1,75,
4333,124.875722757106,108.720953387188,96.7804716789877,544.538527584103,12.4747031191085,76.5656278151053,96.0247598908882,85.9083844135989,41.6613120452847,7.47354815823438,7.39026018865147,0.0471888060838799,4.84999658823182,4525.13078629921,52.6739132296254,769.577928338512,7.10089481230858,1.0000354,1,75,
4334,123.979951047505,108.480975475554,97.0252109223733,549.805656016959,12.5649064537321,75.1771222900726,95.8217551114682,87.1408462825582,41.521458143571,7.47657654882049,7.39162477435085,-0.148069648886364,4.60867456201038,4403.71889695445,50.5356452779353,772.963805242663,7.10365551017982,1.0000354,1,75,
4335,122.79572192247,107.753506192163,96.6353467393283,559.201898123545,12.7025798068076,73.3702762570073,95.5250787320293,88.4636134615071,41.4142081378425,7.47935525179229,7.39265322299069,-0.340947359707599,4.35944387805885,4338.81676475632,49.0463434058598,775.133001574988,7.10639343802665,1.0000354,1,75,
4336,120.004629328109,105.258360565775,94.3589445240505,577.489236347608,12.9429684994502,70.5803602680134,95.0013287271156,90.2546648802184,41.4012761366499,7.48251265151031,7.39269575781978,-0.555138905789414,4.02883218812822,4339.569265495,48.0813847268089,779.030696363745,7.11004699726894,1.0000354,1,75,
4337,113.607163687906,99.4127690131915,88.9212599057941,619.474162878018,13.4614886534085,64.4690645654643,93.6127418414989,93.5848539958087,41.4146574428262,7.49058981805299,7.39246589537484,-0.801939184506078,3.44286015114421,4331.29002697302,46.2819552741623,780.759478450446,7.1153143086671,1.0000354,1,75,
4338,106.603612515161,92.9659129915765,82.8858742132751,635.784271951656,13.6844304185109,61.6589343443727,92.8878592337639,98.1235214024876,41.34567906349,7.49600573361339,7.39310752308635,-0.994087437411299,2.79054678456888,4363.23962553156,44.4668063596517,771.124968012165,7.12188268288497,1.0000354,1,75,
4339,90.259298284867,76.4815094756125,66.2979264426852,648.051134665949,13.8609242637923,59.4336836005897,92.2585561565357,90.6289908220629,42.0477789870291,7.50048687221842,7.38572200907622,-1.07051583505094,2.13342559063721,4071.37859645067,44.9235786421172,727.760391194799,7.12485985381762,1.0000354,1,75,
4340,55.1515860930058,41.4502745679679,31.3232182233747,636.899651895333,13.3462128312838,57.3129737363224,91.7414668515878,72.8018834165182,42.3199816268427,7.51216528494739,7.38286178007788,-1.02610401858966,0.926749977078844,3252.36723683529,44.6742183609134,575.222152972274,7.12419354703246,1.0000354,0.946804892840936,75,
4341,50.5338950349985,37.8518321186565,28.4781334413602,628.215334116439,12.3769283308996,55.1950856529092,90.8853752454608,74.4432716528426,42.8366259717089,7.5084062861422,7.37753754851661,-1.13384223903557,0.507636524846961,3078.29457166427,41.3508770278063,542.669210451031,7.11371520430564,1.0000354,0.830682107669048,75,
4342,49.5711170118988,37.3038072784511,28.236665301555,726.558032580303,13.4416692280677,51.5920378058537,89.5336970614328,77.1277429939461,44.511932798677,7.51876847542985,7.36065568262937,-1.26387431178655,0.333955231533702,3084.99720695888,39.998541214943,540.99649921952,7.10860210324129,1.0000354,0.804238638585058,75,
4343,49.7251105482159,37.9463155944762,29.2402497591035,728.236273998071,13.5117541165544,51.9382492290014,89.5595996821595,81.254433604344,46.6076588067933,7.51001427635763,7.33985973614167,-1.35348128183535,0.168803955001274,3120.63338736245,38.4056998361209,547.948809647718,7.10938945423606,1.0000354,0.804502582762884,75,
4344,50.6615866862982,39.2007451113618,30.7296882951044,758.299196380507,14.435308991067,56.8981355610576,91.1959865627123,87.0734813456924,50.492081260352,7.48185695539322,7.30324585682903,-1.34674922104653,0.0487159995843207,3253.84783602552,37.3689875004233,541.763475853235,7.09764420427873,1.0000354,0.869200300749106,75,
4345,66.7772931514348,56.4038571520855,48.7365348916968,1404.26083041233,24.5724003291418,63.3517421411919,95.0124152465706,123.700215271805,53.157470411239,7.60439461734457,7.27750494004364,-1.50256055596272,0.0538980796055166,4183.96370979612,33.8234149439654,561.02127242292,7.11747597286151,1.0000354,0.984497397837225,75,
4346,83.8988583051263,74.3890591865925,67.3600772294153,1755.3671743874,30.6015385907055,74.9159591817623,97.5783941468678,151.195872528692,52.6962462175781,7.69000115435262,7.2759044204285,-1.63023251856509,0.215416771200661,4688.19967528751,31.0074580534456,552.216477473371,7.19361144402544,1.0000354,0.999997958383912,75,
4347,93.8251854691651,84.324813310811,77.3027991068102,1826.17211938796,31.9551252190123,81.2742062012118,98.2931241564796,160.27312941656,49.5757254393811,7.71174363786529,7.29535930806159,-1.58543095768216,0.508696008351563,4964.73596538809,30.976720698355,565.197770596061,7.2551664045809,1.0000354,1,75,
4348,56.4210941949201,43.6851348325551,34.2715996516766,800.570193432778,15.902260672571,78.0951321363651,96.4289730482515,82.5326664011882,53.5542382006558,7.45678765310438,7.25439981729809,-1.00105874416205,0.563265440198727,3427.30190653266,41.5266106861576,480.046381475631,7.20156179885569,1.0000354,0.970843543367838,75,
4349,52.5421720233745,40.0644054621424,30.8417084386231,1318.10836186836,23.3225236971088,59.1561673477823,93.4199501715493,81.7014104320887,68.4820232662129,7.55599746195217,7.13969778190247,-1.12566806531083,0.416438745836002,3324.00166049037,40.684752477478,460.192359186637,7.15269443116087,1.0000354,0.964063979304498,75,
4350,49.9059531540821,37.8914091479124,29.0110940129174,1439.28805090075,25.310188883725,56.0101298767533,93.1600857827017,82.5766848517546,71.8745056781268,7.59955071394562,7.10940016578818,-1.18658674062148,0.222606256979943,3234.89030048691,39.1743784131602,439.330041438733,7.16347313250932,1.0000354,0.960978732782675,75,
4351,49.8079686520752,37.8509928940811,29.0132282033898,1465.14862549654,25.8355761965468,59.0617065441494,94.1264403941179,82.834778047538,72.5113125263723,7.60137475066427,7.09448714194765,-1.18983348018833,0.185531787390771,3229.45236759155,38.9866725512104,429.767978092384,7.17128792647574,1.0000354,0.960855188372385,75,
4352,49.798300972143,37.814039729588,28.95610750683,1521.39198618359,26.889060120852,59.8451247594803,94.510262588193,82.6668370249978,73.1410129817158,7.6116499845653,7.07782411764538,-1.17194027578319,0.200816583995018,3230.2594848742,39.0756390485509,420.351010348995,7.17861386767382,1.0000354,0.963085464019754,75,
4353,49.9059550299328,37.8942421707562,29.0160196226691,1582.23601183719,28.049777955927,59.1013093138187,94.5076298353645,82.4658341387654,73.4889624966344,7.62231824942977,7.06108715708282,-1.16422055732314,0.214106815657749,3229.78653571367,39.1651472327182,418.003448893295,7.18676310128167,1.0000354,0.965497628860931,75,
4354,52.5652052512481,40.7023449660867,31.93414388575,0,33.0661460023727,78.9418945261118,94.8870263300046,82.2374980012217,74.271753762714,7.2607873822457,7.03992073168588,-1.14806496521767,0.249041626016876,3180.93010266248,38.6798015500815,416.197330185377,7.1632500138296,1.0000354,0.975756260874817,75,
4355,3.09397467007846E-06,3.09397467007846E-06,3.09397467007846E-06,0,0,3.26654059548244,39.3920915833007,0,0.622850122507628,9.13235850105671,9.1110897411758,-0.000164786088248547,0.284005536084523,0,0,5.02072495379337E-05,7.11062052618417,6.11629746783436E-08,0,75,
4356,3.18562297233768E-13,3.18562297233768E-13,3.18562297233768E-13,0,0,0.473049236623153,43.5427939583746,0,0.00411552453667397,11.3120928881482,11.2912179780387,-6.91450029997043E-05,0.28091888411784,0,0,5.19423739868974E-12,7.11120405647063,0,0,75,
4356.39328536874,2.38921722925326E-13,2.38921722925326E-13,2.38921722925326E-13,0,0,2.32699929990599,99.4588282048722,0,0.000575795502977768,12.1663481232798,12.1454754673798,1.57139760036723,0.280334772918988,0,0,0,7.11115999740492,0,0,75,
