4320,114.983760735018,92.4514310644729,75.797100438418,498.546073652557,11.541495183681,90.9565692366379,97.7504811128793,72.2804234230924,43.3393163785249,7.45604109514849,7.39230476213947,3.46553182979899,7.08391320193178,5310.33117630356,73.4684569460754,776.51787897957,7.09546739661428,1.0000354,1,0,
4321,113.454770204585,90.7851176718908,74.0292875390295,492.930114227693,11.4909433436032,92.6394082167698,97.946734003981,71.8127975579691,43.3824119091809,7.45522701889298,7.39180745470156,3.43980186830095,7.0811091955811,5308.12975921183,73.9162090841396,766.594878774563,7.09478261241459,1.0000354,1,37.5,
4322,113.624774958915,91.0508162019533,74.3657162511552,498.376465303858,11.579994606138,90.291517757723,97.6836478874,71.8880494878563,43.3720239154018,7.45548642083177,7.39184919898552,3.36713924796856,7.04416583478739,5291.26178986394,73.604191900599,773.498980049352,7.09429018576553,1.0000354,1,37.5,
4323,113.145833518191,90.7130257795612,74.132254842313,498.521095491753,11.600148442924,89.7129190365269,97.6241602287578,71.9940092576135,43.3623937319059,7.45611197500762,7.39188624871446,3.26584401737553,6.98576766019468,5265.9267716914,73.1439577541588,770.026612556013,7.09487096733665,1.0000354,1,37.5,
4324,112.717450931534,90.3713900092254,73.8547362840411,495.436957315598,11.5784935434142,90.1422839096411,97.6827317405673,72.2729666718498,43.3367614971726,7.45610450744177,7.39208608888614,3.1808296886287,6.93037238309757,5265.88878031628,72.8611128449405,767.491036931015,7.09517087069367,1.0000354,1,37.5,
4325,112.805855143823,90.5792251507928,74.150846460292,498.562195780083,11.6343695556746,89.0820814412481,97.5609175245256,72.4929205581606,43.3081103666159,7.45625586003983,7.39231867227914,3.0704038385392,6.86476191351784,5253.68510238609,72.4716987801739,771.051350128959,7.09522617406208,1.0000354,1,37.5,
4326,112.457675471529,90.1856418529163,73.7237039608979,494.465254665659,11.5984756268434,89.7108442770754,97.6452287620531,72.7087873602971,43.3056672233444,7.45645422538434,7.39229094816907,2.95758597329628,6.78162849892639,5280.09330074965,72.6197409205158,766.736876478548,7.0957970231912,1.0000354,1,37.5,
4327,112.542833419208,90.5080846001638,74.2215311252183,500.948395929345,11.6948046715078,87.891402446164,97.4299063604655,72.9524866324024,43.2733480266688,7.45730598467016,7.39256497363751,2.84141591944278,6.67344789517817,5241.34836096082,71.8460549175144,770.399508307195,7.09604215570116,1.0000354,1,37.5,
4328,112.115587217048,90.2988307231085,74.1734020101966,503.969960574973,11.7463429376449,86.906287119937,97.3144481757628,73.2217309840577,43.2389939925023,7.45832646017419,7.39286106500295,2.71651048100826,6.56667637894742,5208.64786447664,71.1352735653121,766.33906534882,7.09693809801406,1.0000354,1,37.5,
4329,110.672548285631,89.1299905839055,73.2072305434994,507.952471249162,11.8082084331066,85.6885368102731,97.1650880418833,73.032150612838,43.1971136265201,7.45955684901763,7.39323369544414,2.53640722072358,6.37127981328344,5129.86783640178,70.2412265468741,771.757014550395,7.0981213637987,1.0000354,1,37.5,
4330,108.851297873894,87.4184911904286,71.5768514678672,502.454776597463,11.7563102653365,85.9689823082468,97.2219597894484,72.9724173356337,43.1484964597226,7.46140009793225,7.39367410030294,2.38364125940762,6.13302180147269,5099.55877639384,69.883374603566,760.979234779216,7.09973209785236,1.0000354,1,37.5,
4331,107.957334901951,86.7202851939436,71.0233354097643,506.618550146143,11.8202072718987,85.0044547409701,97.0960376695577,73.5348186511034,42.9877619911481,7.46132635797089,7.39524540909332,2.27060540667854,5.94222522068036,5091.92538427025,69.2450933812678,764.193811201097,7.10004377069213,1.0000354,1,37.5,
4332,105.365627282504,84.4785197995796,69.0402229643745,498.358731849797,11.734289838752,85.7325402612266,97.2158355882591,73.3555827808949,42.9837982620121,7.46334285428867,7.39523545693181,2.09113675983765,5.62592224745544,4995.81439471031,68.10407886244,749.58773153747,7.10125528161788,1.0000354,1,37.5,
4333,103.331636001852,82.9338810144597,67.8572795020394,493.077129676536,11.6826936777715,86.3124807607785,97.3003504352444,73.3493850647347,42.9327436974563,7.46345149899394,7.39569955561914,1.96416112384604,5.3562717896237,4878.35801993081,66.5085060443984,744.64799447356,7.10144428231482,1.0000354,1,37.5,
4334,102.291607314498,82.107336750914,67.1885280734826,489.00478644154,11.6452375179373,86.9224781305037,97.3846279516739,73.8304040698666,42.9336284834082,7.4632177753512,7.39563829663439,1.85346210674988,5.16877227389961,4858.9577876097,65.8124230636962,738.828888063448,7.10118837025611,1.0000354,1,37.5,
4335,103.122449626847,83.1087005137031,68.3159294300753,499.890306276702,11.7943441089296,85.018292121934,97.1390065633032,74.9518300124091,42.8813718307537,7.46340308110998,7.39611478784743,1.75862239723105,5.05417344769284,4891.08842002062,65.2564242822469,752.380996448346,7.10060138656575,1.0000354,1,37.5,
4336,103.131009503846,83.1365863096486,68.3580996008939,489.188041989753,11.6750299696409,86.8481645518836,97.3850604689995,76.4029150763864,42.8727299898433,7.46287304200832,7.39615095654451,1.67427428698753,4.98483036894727,4980.96661231687,65.1934105830515,750.387532472438,7.10170676693708,1.0000354,1,37.5,
4337,102.865622985086,83.2832763898028,68.8093680367673,491.882097435272,11.7220253262787,86.2559371057724,97.3165879672825,76.5483412575494,42.9380838066667,7.46327616486762,7.39543916055166,1.49438721235261,4.81801693788528,4887.59643162114,63.8498019856062,750.853937405084,7.10241710492582,1.0000354,1,37.5,
4338,102.405977168857,83.0634358049325,68.766774796814,492.652210046016,11.7445099649785,85.9630331092098,97.2856334645495,77.2713415053917,42.9129553256482,7.46352998792222,7.39564129211449,1.38360738584787,4.69810052260331,4873.3410777285,63.0678979138529,749.767081490866,7.10253867026288,1.0000354,1,37.5,
4339,101.1647664132,82.1008311899179,68.0100964596657,488.113114891986,11.700382488541,86.574320370178,97.3719022333221,77.286207982266,42.9380014241701,7.4636562443923,7.39533417491992,1.24722842524042,4.51720691340519,4804.07052907002,62.1594803845514,741.943680724097,7.10252553739715,1.0000354,1,37.5,
4340,100.562233718121,81.677314304843,67.7188956080725,490.652463748321,11.7450328907341,85.7401766770774,97.2777890425051,77.7092030275603,42.921769824308,7.46507294313244,7.39544242060734,1.13681593268256,4.36503349046155,4785.00518332612,61.5757850666552,739.456935423534,7.10251520624361,1.0000354,1,37.5,
4341,99.9858008728495,81.2699341163814,67.4364673833398,490.808859135498,11.7594515182821,85.8178424197866,97.2859020621109,78.2033639658039,42.8988771654643,7.46380684163091,7.39561600330049,1.03946709571123,4.23486606772335,4772.32708117107,61.0245754039158,738.830336311843,7.10202662976868,1.0000354,1,37.5,
4342,98.8917281852148,80.4280004169779,66.7808972839332,500.710320910878,11.8911262380506,83.7104345659284,97.0201386860572,78.5574772121848,42.8914335924841,7.46614128293861,7.395630986854,0.938020267503489,4.08769435707488,4729.3530759234,60.2024561347528,739.175545812444,7.10299095515629,1.0000354,1,37.5,
4343,97.8442576695113,79.6386943419578,66.1824084042009,495.880305735075,11.8457969226931,84.2698539159725,97.1054517843217,79.0477155918841,42.8405243761218,7.46630237998247,7.39608400049291,0.841910838358624,3.94285823959027,4692.32697188575,59.3606903975795,739.327679729893,7.10416346429847,1.0000354,1,37.5,
4344,96.5130368320956,78.5512101725127,65.2750774241254,500.842771860833,11.9158538199338,83.2121456215008,96.9734766905417,79.6432784981123,42.8790129666594,7.46778506813185,7.39563002318707,0.743244457929917,3.80304040523531,4664.38566516138,58.5659675633761,738.672766024321,7.10471882749613,1.0000354,1,37.5,
4345,94.5066940439444,76.7081823989859,63.5527607483643,500.881579180587,11.9271815280989,83.0848873480381,96.965121627141,80.095361387229,42.9388343650671,7.46832216392064,7.39496105339067,0.647220290845062,3.63610214553956,4648.21142704419,58.0334659403302,728.72456334718,7.10542444794912,1.0000354,1,37.5,
4346,92.0714993091433,74.4882077366338,61.4918617917355,513.908878556555,12.0805454594649,80.7577668219782,96.638898411056,80.5715411340694,42.969423895185,7.47018005403587,7.39459043442638,0.561768157720969,3.44590816054753,4619.30533751481,57.3317237388867,725.433414932528,7.10653458555061,1.0000354,1,37.5,
4347,90.7376077930086,73.4577228086754,60.6856339072117,523.356461293398,12.1926977651069,79.2105941205571,96.4111549064774,81.9056846712366,43.0070325562259,7.47171981186244,7.3941524717811,0.475742355359147,3.28552264817283,4614.76631865569,56.3424423735547,724.340781781555,7.10737355770582,1.0000354,1,37.5,
4348,89.5017358987695,72.5522410003198,60.024353466683,523.020443661676,12.1969243501822,79.3257779665207,96.4356462717894,82.9453026662053,43.1202424426333,7.47176953260523,7.39295709530115,0.365719446235308,3.11582231044032,4583.98701258458,55.2651791630902,724.159866729168,7.10800681378564,1.0000354,1,37.5,
4349,87.5974081150723,70.8645863540992,58.4968485307714,534.947566813492,12.334955983739,77.8552127853171,96.1933745185178,83.7070040796133,43.3132472115049,7.47157696531537,7.39096943162677,0.281596479648947,2.9340075618102,4566.94525042731,54.5586991273002,718.073013217628,7.1078354608391,1.0000354,1,37.5,
4350,85.7803336889503,69.4049079982133,57.3013324876686,540.592939675421,12.4033062472695,77.217405609165,96.0930923547304,84.5672288071486,43.5586698548563,7.47226186158331,7.38847332232654,0.19243589705729,2.7685852661065,4515.33024685875,53.3933807522029,713.045369522694,7.10782091333814,1.0000354,1,37.5,
4351,84.7684527510151,68.6409802881055,56.7206745546505,548.585806556155,12.4969081095152,76.4258340374806,95.9538658596157,85.8900074058072,43.8011707024196,7.47204433522875,7.38602583508726,0.107992595216722,2.624531704212,4516.51826539961,52.5849094884842,715.883549230383,7.10766509172362,1.0000354,1,37.5,
4352,85.8783756057842,70.2153724487537,58.6383701152964,550.267972960228,12.5192452073779,76.6556252425449,95.9888577143093,87.9471760936325,44.0691713670074,7.4710260101966,7.38334604052997,-0.00650329841355823,2.51433118569372,4491.50364410901,51.0704702937495,724.561076686066,7.10724131508388,1.0000354,1,37.5,
4353,84.6338374218182,69.0716669718859,57.5691931610663,564.647823297835,12.6820764780731,75.3983888300422,95.7436364405489,89.0196804297246,44.483723647495,7.4693685668972,7.37925281290846,-0.0880653905865483,2.37948491409356,4517.00967052924,50.7416972148663,717.197793840502,7.10563901954608,1.0000354,1,37.5,
4354,83.2518229289285,68.0270970860454,56.7740388543491,571.37870254396,12.7592857614684,74.8265084454866,95.6400899495004,89.4183073998885,44.873735805748,7.46977903859466,7.3754394690696,-0.171469120890189,2.23124410540205,4438.85284206855,49.641432175824,718.98159850731,7.10489165535445,1.0000354,1,37.5,
4355,80.824637253482,65.7680849586889,54.6393289147114,579.485743973865,12.8517391457822,74.1200831459415,95.5047236027031,89.2833511969927,45.3087758260834,7.46993539579555,7.37123129400333,-0.250822379720636,2.08486797634966,4383.19549913405,49.0930889171384,707.04758205227,7.10422825545297,1.0000354,1,37.5,
4356,82.1706331699948,67.6846302020911,56.9775845301622,576.858523147376,12.8229542823857,74.9008178190515,95.6593444738918,91.8817244937365,45.6473526551949,7.46999606566518,7.3679843935739,-0.347436077556406,1.98900431828349,4339.82811748713,47.2327673582462,717.130382286937,7.10463104871707,1.0000354,1,37.5,
4357,82.9621390441335,68.692380550591,58.1451677510162,599.211442722537,13.074581414429,73.0250898624174,95.24335803768,94.002798393752,46.0119357067298,7.46617954898345,7.36451767217635,-0.426519109974736,1.89187042082382,4373.73259397804,46.5276850127129,722.366884845253,7.10310278763813,1.0000354,1,37.5,
4358,81.6772884002595,67.5802994862395,57.1607859410943,606.794432509019,13.1593496635838,72.5359500511438,95.1440283944546,93.9576698354781,46.5971566592213,7.4665653017531,7.35901825425812,-0.502022700310372,1.78516544417373,4318.70378780324,45.9643560271917,716.757096991845,7.10131782821261,1.0000354,1,37.5,
4359,80.3179317998131,66.4185260248076,56.1450521911079,599.802359481004,13.0786138227448,73.7608274274089,95.3994486070165,92.3902759120484,47.1305391244672,7.46660540659587,7.35406618413018,-0.582628060132423,1.68687844887922,4187.13843302495,45.3201204530542,708.203300582091,7.10066138465413,1.0000354,1,37.5,
4360,63.0400771148029,48.4031821180099,37.5846075551629,596.067146051999,13.0281283698997,73.009696999153,95.3171096101309,72.5667798586373,48.0786632564807,7.47325584781473,7.34541028272383,-0.506025206108073,1.44965796997385,3463.23235925608,47.7247628460651,630.980161559242,7.09822516048666,1.0000354,0.998830035420014,37.5,
