4320,124.181269534271,102.680479260669,86.7885907975722,504.796527841413,11.6065303213502,91.6414600916387,97.8262773048282,74.8224815973038,43.2789305973894,7.45573564962312,7.38934327673937,3.26532084651779,7.61902692807423,5245.43310405029,70.105040518187,780.011501483589,7.06629567985723,1.0000354,1,0,
4321,126.647920789035,105.293671186966,89.5100953941322,505.835964040801,11.6397612274598,91.0356494952998,97.7636757079522,75.287682126808,43.284272041989,7.45583487846074,7.38922502563256,3.21063842138035,7.62266450180676,5242.07298380754,69.6272329778762,790.522209471835,7.06744932095044,1.0000354,1,37.5,
4322,125.445189571409,104.172735391952,88.4496170853971,502.573830978434,11.6180393268845,92.0324190774746,97.8819097238221,75.0383899975313,43.3328854226616,7.4551223546926,7.38867546140081,3.12400757323156,7.59972851094138,5204.70268686011,69.3605324825245,783.545622389576,7.06738286230324,1.0000354,1,37.5,
4323,124.680569288587,103.524551315544,87.8874945528611,503.772877099556,11.650382130782,91.0751454347161,97.7799081062701,75.0526467532588,43.349155862685,7.45548214783343,7.38845163439473,3.0204658528476,7.54748919501503,5177.19784080148,68.980882950363,781.327845769636,7.06695994865996,1.0000354,1,37.5,
4324,125.074114036473,103.863520897026,88.18612596787,511.84819515747,11.7646745772443,88.6170072760265,97.4888404565776,75.21143531178,43.290031917407,7.45570312746006,7.38898533468729,2.90804070298108,7.45793393194165,5201.53484100168,69.1588296306185,785.14156980617,7.06705934766119,1.0000354,1,37.5,
4325,124.706360389697,103.749036382091,88.25884037647,508.636637600609,11.7415065182,88.6233400412112,97.5058543514241,75.3700571630471,43.2789399648379,7.45737515366314,7.3890398438952,2.78172437038803,7.34605365460807,5150.2640333959,68.3330254381312,780.77545963539,7.06830022487206,1.0000354,1,37.5,
4326,123.941079649995,103.234276497249,87.929248080001,507.516165256947,11.7426008724371,88.5791015679993,97.5077303347034,75.5977975918419,43.2577859747984,7.4575865135409,7.38919581935249,2.65929544619037,7.22785176370758,5104.0746777784,67.5161822218112,783.813436138709,7.06906192702476,1.0000354,1,37.5,
4327,123.896955370081,103.201436487446,87.9047486176728,511.076347582858,11.7990746377412,87.6879545872957,97.3983864539243,75.9640244005685,43.1929635762699,7.45726179323647,7.38979117751289,2.54196387851664,7.10734873342015,5126.00594946554,67.4793889596399,782.919057195156,7.06954156199286,1.0000354,1,37.5,
4328,123.732628861143,103.340385029157,88.2678569794286,510.864034976136,11.8099315720398,87.0800575421409,97.3391870326593,76.2632953146199,43.1955750718808,7.4595378094398,7.3897106244779,2.41815760116321,6.97279683318924,5070.78741942304,66.4905364829017,780.706467613621,7.0707575306733,1.0000354,1,37.5,
4329,123.115575709579,103.008656698279,88.1470209073178,505.221126831239,11.7555791936437,87.9680775617436,97.4592972468424,76.5585523488069,43.1581445231919,7.45949385050402,7.39003280523499,2.29754792258966,6.84136615456447,5019.19493478591,65.560212161772,776.852009462038,7.0713496469714,1.0000354,1,37.5,
4330,122.67045619958,102.559586664729,87.6950309215794,503.111168084483,11.7427215273227,88.2324341816024,97.4988962335508,76.8169901546735,43.1698776804014,7.45962022297596,7.38986067783969,2.17653466114531,6.71629388984769,5037.12765158365,65.573093158704,774.144700609956,7.07137633239887,1.0000354,1,37.5,
4331,122.673577231645,103.161803877011,88.7400583540207,505.994536574265,11.7899152282322,86.983493158158,97.3601360669894,77.1554016825956,43.1638840482499,7.46216709995992,7.38986774386692,2.0413199030259,6.54351542846705,4908.60291502913,63.619692309066,781.214025155006,7.07347876448913,1.0000354,1,37.5,
4332,122.102846715914,102.578559943956,88.1475653733781,503.903500840516,11.7768820590865,87.4698033462886,97.4178426786353,77.1623574536697,43.0990548771598,7.46042898391361,7.39046658139896,1.94824108734493,6.44109055286472,4912.19373997691,63.6604933036982,779.67876583171,7.07303024325401,1.0000354,1,37.5,
4333,122.593285020204,103.437422823277,89.2787420690272,516.703877461789,11.936924883943,84.9470248735425,97.092785497819,78.2071075237986,43.0458080952129,7.46142044044258,7.39094971455027,1.79520592006665,6.25092812769431,4884.75459103459,62.4592156096318,787.693685169124,7.07288463389675,1.0000354,1,37.5,
4334,121.345892096541,102.453020893077,88.4887247861689,501.359102166927,11.7697231213969,87.556391910956,97.4467503072573,78.1189689593035,43.1255865640532,7.46166278409719,7.39009244926071,1.68766474696045,6.1354702771741,4812.26226759583,61.6017125123963,775.181525572859,7.07450283741053,1.0000354,1,37.5,
4335,120.875934257798,101.955582713428,87.9709750501974,509.169337017036,11.8737582016218,85.9530683832145,97.243328581275,78.2459125862019,43.1079903272215,7.46167818960202,7.3902154179137,1.59424486364925,6.03356456167901,4827.09319030093,61.6913143543827,776.110211643466,7.07355862675884,1.0000354,1,37.5,
4336,120.286688123789,101.346988917081,87.3480808077744,505.081087107687,11.837211177531,86.4308506515892,97.3159943596858,78.6032273921019,43.0996437996783,7.46229624668864,7.3902448287313,1.49072430005894,5.93016397340493,4854.09506310123,61.7543989496413,779.747436012776,7.07415796839474,1.0000354,1,37.5,
4337,120.743999683325,102.104162851182,88.326892149164,515.381815659034,11.9655136041547,84.0724023963375,97.0143010252759,78.9243265732953,43.024230730486,7.4644893047495,7.39095087856903,1.38868312711072,5.8042496222875,4796.75804908011,60.7766737752963,781.862111421635,7.07570258476384,1.0000354,1,37.5,
4338,119.990479869342,101.556303176577,87.9310421427934,509.565092554214,11.9112124943273,84.8899247250904,97.13236576459,79.1038757333393,42.9713913867687,7.46421986973899,7.39142963048269,1.29758320493903,5.71687287406373,4754.62566279009,60.106102497658,774.849903085957,7.07690669316532,1.0000354,1,37.5,
4339,119.154680868796,100.919628965114,87.4415471232622,505.440225467412,11.8744461430434,85.4755857828459,97.2168747875763,79.4881869601048,42.9506491852944,7.46412720429447,7.39158338772319,1.19441707594015,5.62715989666519,4726.11643389565,59.4568402505858,780.517948350369,7.07681842190963,1.0000354,1,37.5,
4340,119.668418098719,101.517974894319,88.1024299171532,519.148525944655,12.0364774789426,82.8059515576695,96.8582351981149,80.1465491957964,42.8903984604416,7.46577081898154,7.39213676404104,1.06239170298113,5.48226583972177,4743.15027048968,59.1809668424059,784.649549294374,7.07731662288233,1.0000354,1,37.5,
4341,119.45349848102,101.570912458427,88.3533488765098,517.261285766052,12.0263990417082,82.5866559853535,96.8493355016096,80.4018513135097,42.8504075240111,7.46816375282094,7.39248587170839,0.972303660940182,5.37052446056141,4688.03875651756,58.3075971501895,778.601651591216,7.07962388004282,1.0000354,1,37.5,
4342,118.65577260829,101.016316938849,87.9784584005668,511.380940958503,11.9730612996299,83.4273201850421,96.9733314777707,80.7509693082309,42.7711259439947,7.46762153085148,7.39323329369853,0.867499330032078,5.26632846406339,4644.37998836147,57.5148512537802,779.952558360034,7.08115487823403,1.0000354,1,37.5,
4343,118.167097300781,100.529037281375,87.4922103105095,506.24928307548,11.9259269411496,84.0636728938805,97.0722775677172,81.180927963994,42.7564738776288,7.46814228804904,7.39332469837579,0.765537609823249,5.16953762251389,4668.73957227395,57.5103006255936,776.973699013966,7.08131672447515,1.0000354,1,37.5,
4344,118.369049533318,101.124525572465,88.3785730796601,519.058403214858,12.0754962171782,81.6748035283878,96.7436813662955,81.6822559497876,42.7230649020521,7.46981463698995,7.39360722378217,0.637239316229826,5.009034684103,4592.76004414056,56.2271449378658,780.670737427336,7.08194429126479,1.0000354,1,37.5,
4345,117.614794128242,100.628120030046,88.0727522183369,515.611867852632,12.0482002431979,81.9355784121357,96.79567287319,82.0228906992013,42.685485673513,7.47072928447178,7.39393226721079,0.544556074594192,4.90423960692137,4542.95303594299,55.3864049074196,783.448794686684,7.0832745216199,1.0000354,1,37.5,
4346,117.1663027302,100.442237274604,88.0809715030771,523.20331884561,12.1400718345532,80.5515073807004,96.5981038630224,82.7027513578195,42.6213248895723,7.47172015635666,7.39452845165443,0.409738212783727,4.73221601859132,4509.79331254082,54.5301484956512,778.986033710686,7.08439754457487,1.0000354,1,37.5,
4347,116.085775093972,99.7138610912016,87.6128811761109,520.012240812089,12.1154181626094,80.7700575393856,96.6491031218395,83.1918267765799,42.6440399176701,7.47310490641921,7.39424046991505,0.321526781350661,4.60878872093294,4440.94032461176,53.381930613669,779.2091926466,7.08595836916737,1.0000354,1,37.5,
4348,116.028240940916,99.7813402546164,87.772761486482,528.679296661541,12.2195456091106,79.1863337434411,96.4176301896525,83.8121213318592,42.5635889853561,7.47476814123467,7.39500469072616,0.228646821011742,4.47573231019511,4439.88969366374,52.9743147304879,778.358554733346,7.0867890227765,1.0000354,1,37.5,
4349,114.80581095626,98.6428265377443,86.6962728371021,525.757601693385,12.1974598235201,79.3998652578127,96.469402341211,84.4348949886725,42.6069470077139,7.47608523317929,7.39450761528521,0.133229836428455,4.35553860674908,4449.77799015031,52.7006990504018,773.560241574704,7.08901864234933,1.0000354,1,37.5,
4350,113.404870285737,97.5721979041191,85.8697878829232,546.836303762115,12.4379144895972,76.3714473590065,95.9733203877568,85.4538754220345,42.5801856104539,7.47758886027121,7.39472743057141,0.0258936243920296,4.14981716012761,4411.44440184756,51.6236903248751,772.282994475317,7.09054745263198,1.0000354,1,37.5,
4351,112.078994143274,96.3162313752175,84.6654936770891,549.496225309798,12.4763462194982,75.7195805569714,95.8864588672872,86.6757718373284,42.5832642013485,7.48028086519255,7.39464516482872,-0.0458967127598355,4.01800164664992,4454.76581999502,51.3957444573514,768.027092159052,7.09288297140015,1.0000354,1,37.5,
4352,110.788769048257,95.2653505309876,83.7915194530059,562.724874471361,12.631072362055,73.807552842814,95.5566013945256,88.1807663779905,42.6044753207438,7.48305529532917,7.3943809189144,-0.144034707278009,3.83961013142972,4463.29977586181,50.6153434494966,778.45339281655,7.09466466933667,1.0000354,1,37.5,
4353,109.789026236729,94.6538726628042,83.4670200212079,571.957941315674,12.7412584567335,72.5597527504418,95.326912597143,89.8736760495747,42.5990275271114,7.48455633337847,7.39439150271401,-0.222156630249231,3.69152884972382,4435.2097108187,49.3493746530655,768.515336842713,7.09648929141814,1.0000354,1,37.5,
4354,109.233949379409,94.298247182136,83.2588151232822,583.162584967415,12.8729398120236,71.2606423499009,95.0579856527545,91.5906950602361,42.6022036829376,7.4846034230417,7.3943172302772,-0.318718836194344,3.53597210346768,4460.37961306948,48.6990475411944,775.381844530143,7.0975767194617,1.0000354,1,37.5,
4355,108.209503676903,93.499224698765,82.6264098018803,591.232729517716,12.9688177414736,70.4417866068724,94.8851652754682,93.3398588657449,42.7475897615628,7.48489415252911,7.39279917958083,-0.408699795700521,3.3755953473234,4476.95645977006,47.9640371666886,776.376939592146,7.09878202095973,1.0000354,1,37.5,
4356,107.145290776806,92.6892814250729,82.0044049477052,603.98948891928,13.1170481972591,69.0231515375304,94.5720910099372,95.1750073907727,42.903028360915,7.48577867846689,7.39118790409291,-0.495033705549035,3.21075368664597,4486.07119253356,47.1349707819249,780.020920067,7.09929172826778,1.0000354,1,37.5,
4357,106.070155196876,91.8545192942669,81.3473101488605,616.587284397668,13.263352529152,67.6112055995342,94.2438370354817,97.142293939425,43.0536710544562,7.48686857355387,7.38963403047355,-0.584236179101508,3.04579217915131,4502.6632539487,46.3512139908537,781.617467873074,7.1002912460401,1.0000354,1,37.5,
4358,105.170733950119,91.1587739411825,80.8021078476208,624.751128830215,13.3588699509962,66.8663390506639,94.0539861167755,99.1910149986156,43.1960741969783,7.48670628864721,7.38817134473198,-0.671924099753466,2.88157613618775,4531.75106167732,45.6871125045002,773.534380734861,7.10112913261595,1.0000354,1,37.5,
4359,100.310196110115,87.1774480881208,77.4706343327338,617.424195095614,13.2774037701505,67.9007313332494,94.3480456756508,101.268031841546,43.517518016136,7.48893871753798,7.3849267232935,-0.808441483802587,2.40876404013146,4336.33476872784,42.8203717389601,759.266326367448,7.10174230247048,1.0000354,1,37.5,
4360,97.2249844396623,84.0991354697583,74.3974210137423,615.931342446274,13.2625372537853,68.6062173745269,94.4918629937775,101.30137135307,43.8524220435781,7.48646250775486,7.38157601516144,-0.856056396921692,2.20253293348837,4335.48361384794,42.7978768296956,751.272253397371,7.09882289848202,1.0000354,1,37.5,
