4320,121.971808265392,100.292049701008,84.2678803273328,499.716068301714,11.5428501456217,90.132552385046,97.6641449687956,73.4098149669678,44.1555754724526,7.46056081843153,7.39540261914559,3.21331070483499,7.21062520498622,5189.23564384346,70.6885808958714,775.655422704563,7.06195251751326,1.0000354,1,0,
4321,122.076183435197,100.390153207194,84.3613482560604,498.304957337946,11.546016207642,90.2493829949729,97.6836287276281,73.4515325775417,44.1506865865193,7.46007669883148,7.39538248204811,3.18833847140026,7.2117644136452,5193.68663195775,70.7090301550189,779.385451986984,7.06186675251761,1.0000354,1,37.5,
4322,122.100713852876,100.437475084414,84.4255159946811,494.841297874686,11.5212608579355,90.9493004842419,97.7713342698823,73.463014989195,44.1553252217467,7.45961969335739,7.39527178318844,3.11530308505347,7.20103034243189,5189.03925789528,70.6347167844729,781.373345521192,7.06202020940385,1.0000354,1,37.5,
4323,122.051417485901,100.425794201292,84.4416378604934,493.8559853664,11.5266768759043,91.0223515735949,97.7848360171929,73.4975326208621,44.1725704238355,7.45930503225789,7.3950396543398,3.05028101911687,7.18401587404672,5182.46305481932,70.5120685010354,783.404688412906,7.06202567954391,1.0000354,1,37.5,
4324,121.950220270733,100.382086998513,84.4404232755684,495.302402708702,11.5619966076547,90.4483660379147,97.722403130891,73.5734124163474,44.190209533016,7.45904873083393,7.39480600986121,2.9675857945686,7.15497734494374,5174.0221034994,70.3246177331008,784.771377599611,7.0620832540621,1.0000354,1,37.5,
4325,121.848700409678,100.351848504749,84.4628710098018,498.669023596393,11.6204278292873,89.3313585914012,97.5955830236834,73.7005701891417,44.1995703020298,7.45933612485433,7.394655567763,2.87040039704045,7.11453792150348,5165.83504340182,70.0921991532015,785.493660992042,7.06227228914083,1.0000354,1,37.5,
4326,121.763219733259,100.371024852687,84.559402549656,500.66328850452,11.660402069044,88.5716594237854,97.5100820755013,73.8727810626878,44.1875303887357,7.45978020477338,7.39471677942017,2.76430831265369,7.06110413164756,5152.69714457329,69.750956583058,785.177605530216,7.06277288583724,1.0000354,1,37.5,
4327,121.694210092968,100.427980893825,84.7094636596761,502.957065303891,11.7031164080092,87.7570995445355,97.4167185780887,74.0788055218166,44.1626931207535,7.46044342120977,7.39490492040099,2.65177081815019,6.99602305696853,5136.64181584983,69.3402354380169,784.719568858898,7.06335744707433,1.0000354,1,37.5,
4328,121.620241679469,100.502086336822,84.8930149966048,502.430894049289,11.710501151386,87.4660973440842,97.3903648252357,74.3102673680886,44.1307443020334,7.46128439449919,7.39516394491534,2.53501087982985,6.92047774510381,5116.81394633355,68.857428825924,783.732771993638,7.06408576043515,1.0000354,1,37.5,
4329,121.52320942776,100.573977255355,85.0897621714036,505.315389589662,11.7589227425764,86.7208344583811,97.3003206582009,74.551616816547,44.0964667819746,7.4615149509613,7.39544664095905,2.41568063898504,6.83602627879444,5092.37055302842,68.3066413644587,782.91200888102,7.06475797300267,1.0000354,1,37.5,
4330,121.373838410249,100.609198534823,85.2614212355945,507.228310371067,11.7947168126701,86.0710582962916,97.224794116187,74.8124878096963,44.0706392645196,7.46234184016362,7.39564668317395,2.294937349557,6.74425665841037,5065.16179147959,67.704763466282,781.769090875051,7.06542469749783,1.0000354,1,37.5,
4331,121.196071345287,100.628465557811,85.4263221496768,508.923418258103,11.8272329106383,85.4634704575566,97.153995026944,75.0934883181089,44.035373713818,7.46323400237611,7.39594008327174,2.17356636006371,6.64657966909684,5035.94340209696,67.0623181169031,780.071844512921,7.06618971338204,1.0000354,1,37.5,
4332,121.001821120612,100.641395727149,85.5923856537196,510.369013628594,11.8562137667394,84.9022000443255,97.0887081406008,75.3921714289978,43.9928849586422,7.46417634386133,7.39630489420607,2.0521121451536,6.54422347390958,5005.04424686101,66.3867899278457,787.759164587966,7.06699956385435,1.0000354,1,37.5,
4333,120.703031885134,100.557434758175,85.6672107947707,511.410898747418,11.8800104632168,84.4299924689161,97.0346448598067,75.7104479900655,43.9495338553085,7.46507422292301,7.39667840302986,1.93099005803307,6.43824805309723,4973.14111081085,65.6863252409154,782.352102720434,7.06847080735635,1.0000354,1,37.5,
4334,120.479793129528,100.554779465141,85.8275954523341,512.617805381443,11.9052549358595,83.9158831164026,96.9746360208455,76.0493763204428,43.896212217843,7.46608651610531,7.39715066649935,1.81043971408522,6.3295190725133,4940.70707727753,64.9670952784582,780.050165210914,7.06934726186581,1.0000354,1,37.5,
4335,120.270122865456,100.571995960924,86.0125108575735,513.72016189431,11.9288526111143,83.4266170948896,96.9175451190642,76.3937427002023,43.8438475825259,7.46712603341988,7.39761381399551,1.69056759084493,6.21875656992904,4906.56481698424,64.2273129127793,787.995944060856,7.07023656004499,1.0000354,1,37.5,
4336,119.951067828261,100.484583207492,86.0963119660538,514.328100725235,11.9465430633121,83.0381811992401,96.8739179139545,76.7444359759859,43.7946399038537,7.46808566006694,7.39804592008282,1.57155512262422,6.10661350394401,4871.12474217353,63.4720247823277,782.333740318938,7.07180676008844,1.0000354,1,37.5,
4337,120.204958469347,100.925100983676,86.6747715377447,519.883954698102,12.0170116238688,81.7804981327814,96.7025129638992,77.1338864648244,43.6899375389689,7.46953738368079,7.39902957391279,1.40745373963188,5.92259145178247,4848.9070075903,62.8635121322658,782.756833077691,7.07284229452248,1.0000354,1,37.5,
4338,119.471734214875,100.59143485375,86.6364309781361,520.83748864293,12.0375564589416,81.1258238027417,96.6289560237452,77.5503066715101,43.6427553060776,7.47225612539874,7.39944254062847,1.26096577782908,5.74670210049057,4774.05279389198,61.5607210183456,781.903145993703,7.075304352431,1.0000354,1,37.5,
4339,118.99788534108,100.240534546237,86.3764056978752,517.326046556656,12.0105345188339,81.2753536807845,96.6687522504689,78.0303106317924,43.5276144858803,7.47355525298088,7.40053234719886,1.12427391150323,5.58461457669095,4772.32111189578,61.1598374177349,783.87054127924,7.07687629664778,1.0000354,1,37.5,
4340,118.878429617317,100.512298823836,86.9373325851767,524.291173640092,12.0952748090624,79.8871725309156,96.4694573281189,78.4956381346284,43.4263664882948,7.4751749967066,7.40148599442922,1.00557899084596,5.41579948921306,4700.65111643456,59.8842334190906,781.7182638004,7.07835295830428,1.0000354,1,37.5,
4341,118.289397426678,100.275926835794,86.9616224860105,520.601995165644,12.0661092279802,80.0737116639027,96.5168601420255,78.9380530975043,43.3362225496413,7.47649486359024,7.40232984710327,0.891211375090501,5.26152306141801,4636.37576924758,58.7343567179283,784.923826978501,7.08026602226717,1.0000354,1,37.5,
4342,117.962881011882,100.203005966647,87.0761418027773,519.095849973926,12.0601648242412,80.0411152824751,96.5233970914829,79.3897144870015,43.2405260284721,7.47711769633545,7.40323046552819,0.749519197587423,5.07405022686381,4597.25895701701,57.9074882272026,779.690454261278,7.08179267422301,1.0000354,1,37.5,
4343,117.284031010982,99.8403418418894,86.9471802821255,515.874827774612,12.0356804472103,80.1781401210325,96.5650293356225,79.8237058387848,43.2152087534665,7.47878992905956,7.40342483089038,0.657985300493182,4.94475813846684,4540.096116254,56.8765389748174,774.763264473916,7.08271684867459,1.0000354,1,37.5,
4344,116.910345882055,99.6416529651554,86.8778364613598,511.115197482221,11.9944342605897,80.7580584158725,96.6608059831606,80.2220974509217,43.1759766072021,7.47867089451594,7.40375861106374,0.590917293352436,4.86952205902121,4516.98138755559,56.3059497455672,772.912898170462,7.08325982343492,1.0000354,1,37.5,
4345,117.101720122569,99.9670877961033,87.3023595548028,521.096339788309,12.1118511914314,79.0869017268448,96.4110723536961,80.5646040101984,43.1305631314766,7.47973534229391,7.40415515979877,0.484708529090119,4.74565304823536,4501.05052836362,55.8688345044661,776.705715378389,7.08333748431482,1.0000354,1,37.5,
4346,116.200695291649,99.4017187071795,86.9850838403978,519.282452845051,12.102094468299,79.0680365339679,96.4277488974967,80.9110610278823,43.1452082116559,7.48132432819684,7.40394724264896,0.382275121527561,4.62855049937121,4431.85499937393,54.7744022025208,777.651410719457,7.08546256359658,1.0000354,1,37.5,
4347,115.529068679662,98.9280135213157,86.6576684042768,531.959427777438,12.2497472226243,77.1201235241407,96.1159001859533,81.3951339588491,43.075854342616,7.48239100117983,7.4045853044854,0.258896171992388,4.47173849894876,4405.84238411599,54.1290636163022,781.804495556085,7.08646120470232,1.0000354,1,37.5,
4348,114.235400743995,97.8314519450585,85.7067941371488,534.670281585325,12.2893048711345,76.4983003857455,96.0300798925898,82.0576564599815,43.0707988677253,7.48422667347596,7.40457640397682,0.158636109261451,4.31250359965595,4388.96721032477,53.4863826200692,778.273902918031,7.08857632716801,1.0000354,1,37.5,
4349,112.892478268499,96.6924730471154,84.7185561443538,549.026114001134,12.4564305938632,74.3957111151493,95.670074768845,82.9611792540786,43.052916472364,7.48646650052383,7.40469841028357,0.0626441814641381,4.15215803794926,4382.12632484208,52.8214083290847,776.947940434388,7.09043188563168,1.0000354,1,37.5,
4350,110.49800515499,94.7356554894049,83.0852231278856,561.17943810578,12.599875843859,72.4840463742191,95.3396428702499,84.2307151621595,43.0703951779405,7.49056928709697,7.40446626036719,-0.0553141963233657,3.90420066249942,4328.98685707471,51.3943975038159,779.545177473491,7.09265860792298,1.0000354,1,37.5,
4351,109.065956371742,93.3629247604464,81.7563361781847,568.502521751443,12.6898031255098,71.3194132195471,95.1317908002949,85.9991466310247,43.0227579480864,7.49327360420249,7.40489440088638,-0.138431528129217,3.70456944898589,4403.24112498843,51.2009862595536,769.388323549323,7.09589643061744,1.0000354,1,37.5,
4352,108.591237504979,93.1894474611534,81.80551568963,574.567710466532,12.7650024147096,70.5574672502954,94.9782100250695,87.8280122388159,42.9815378273495,7.49375779690498,7.40526198005691,-0.194267829355228,3.57888151425408,4410.61422946943,50.2187641168103,774.333599272454,7.09782541875868,1.0000354,1,37.5,
4353,108.197627959924,92.9365071950491,81.6565483688377,572.27957691448,12.7458062376994,70.9710146546776,95.0675282591669,89.5165740585463,43.0190439411344,7.49316748211153,7.40483781588565,-0.25219061935014,3.50286031815783,4454.35374126447,49.7601007200208,770.349070112434,7.0988376783394,1.0000354,1,37.5,
4354,107.729108769557,92.7551296986962,81.6874060376248,590.020867921204,12.9495925275536,69.0130125300224,94.629153159557,91.0163569746628,43.1697466340154,7.49309693269313,7.40327739050194,-0.385096293212682,3.33238226662149,4443.76917332689,48.8238523385851,770.889012755688,7.09832380863639,1.0000354,1,37.5,
4355,106.15124531563,91.4695733236433,80.6179027208704,601.529262643858,13.0833667466952,67.754018194241,94.3437170098135,92.6894347872216,43.399106826735,7.49425568509512,7.40093788935202,-0.481553997309284,3.14975151885852,4437.11385482421,47.8707618080752,769.793469150883,7.09927779019419,1.0000354,1,37.5,
4356,104.352721942859,90.0628354798793,79.5007454855028,613.880586834905,13.2266400318214,66.2717248337097,93.9981308197557,94.7039282989371,43.5859829449091,7.49646824906334,7.39903751445862,-0.590858133660289,2.92483912244609,4412.56985514628,46.5933138614674,780.534370356893,7.10001879849109,1.0000354,1,37.5,
4357,101.693843691711,87.8679519676246,77.6488146063437,622.711261973402,13.3299794857399,65.3065420765527,93.7659414686285,97.2718435065719,43.7831103836873,7.49815480703626,7.39704784036019,-0.689087942800441,2.62967031379949,4385.05575693331,45.0804220302153,766.802283383273,7.10173393745145,1.0000354,1,37.5,
4358,100.500556193592,87.0248595440469,77.0645620204703,618.217132709673,13.2810374106531,66.1760721603057,94.0004029615575,99.6896157917822,43.9853450778038,7.49804328922348,7.39502021493789,-0.783026873189167,2.3795275211443,4380.22046523925,43.9385830755738,758.221478347349,7.10208700725795,1.0000354,1,37.5,
4359,94.5880113319869,81.3127899735452,71.5006698390448,617.691628398814,13.2769342887262,66.6266175764412,94.0991653876384,97.539955977029,44.4077859657748,7.49644916551612,7.39084511270259,-0.8551167859969,2.0668459455367,4222.00893854492,43.2849174090176,747.287993787334,7.10021751743274,1.0000354,1,37.5,
4360,88.8700867025459,75.634583656681,65.8518205358244,622.881336059389,13.3393696593648,66.1955869828448,93.9965272611771,96.5932443009009,44.8394029364428,7.49690105974296,7.38662430830228,-0.87052243969408,1.81552961419948,4168.52132037955,43.1554126849083,725.937457192533,7.09774077787775,1.0000354,1,37.5,
