4320,127.121670649118,106.731931593116,91.6612548995494,512.119712612511,11.7081726733782,90.327797098366,97.6812202158827,75.9391524669223,42.9783569096682,7.45582776378368,7.38541913909552,2.72052701491109,7.15137698048772,5048.61479087244,66.4823694611488,767.563053342679,7.07307122565576,1.0000354,1,0,
4321,128.491277728739,108.534907285742,93.7845465235269,504.705006657565,11.6378270457937,93.3731669942903,98.0322872953891,76.4806506703855,43.0457134974386,7.45505161370192,7.38467500761146,2.65121208494563,7.19899942757156,4976.54519838393,65.0693365545714,771.965540221376,7.07395116928407,1.0000354,1,37.5,
4322,127.767162120187,107.620818460951,92.7300427128203,506.91807353666,11.6837254132514,92.0089600479117,97.8842748295935,76.0053364328997,43.0940952396761,7.45436240914888,7.38412532890304,2.57721323067636,7.19349742642082,4992.69625569391,65.6887593689115,769.053458450039,7.07338625999419,1.0000354,1,37.5,
4323,126.867498438181,106.574615877783,91.5755287679235,507.121075652352,11.7036936982931,91.1058814711028,97.7908312011534,75.7195402326692,43.1281521283545,7.45511477387785,7.38372223606039,2.49149012870677,7.14583306670558,5010.10158805432,66.1665611367872,763.759125422227,7.07310175973215,1.0000354,1,37.5,
4324,127.147628624595,107.341271150931,92.7017895399619,512.019480289068,11.7789259851216,88.8079836768134,97.5333809370787,76.3808435730809,43.0536620773227,7.4574570044522,7.3844150986708,2.35555361369041,7.0198777969452,4932.69071250092,64.5802073105063,766.892565188651,7.07415064230634,1.0000354,1,37.5,
4325,126.837035988303,107.018540793944,92.3700878242008,513.10277099721,11.8069918826884,88.4581276064121,97.4888530737286,76.1566171200607,42.9897566706958,7.45620880961004,7.38500311893581,2.25604674391167,6.92980745196053,4921.22409640315,64.6197833163316,764.397105537477,7.07456883392868,1.0000354,1,37.5,
4326,125.981382221987,106.41231779461,91.9482266961132,512.63133318494,11.8160918106398,87.9347435808832,97.4387412630831,76.3516286397766,42.9963284121451,7.45789952570702,7.38488119834211,2.14462320695376,6.82021031770067,4871.72976664162,63.8064944184257,768.823030118426,7.07504142212623,1.0000354,1,37.5,
4327,125.759387227979,106.17796383547,91.7047378497024,517.202730893709,11.8827867272067,86.7881317325526,97.2936148569843,76.3789298526543,42.9251982395595,7.45753604299117,7.38554482297718,2.05230018933586,6.72443928158974,4876.5496329251,63.8467918093727,766.471556569932,7.0756098245754,1.0000354,1,37.5,
4328,124.742034986873,105.382438715658,91.0731719064984,515.414034254112,11.8758553476896,86.6490042683374,97.2911263367194,76.8614526228597,42.9146013879513,7.45905617270611,7.38559822662697,1.93977450412469,6.61433786521968,4851.76442718345,63.1235067985231,767.985881433861,7.07630406939868,1.0000354,1,37.5,
4329,124.996392158696,105.647173843582,91.3455776976282,521.242939017313,11.9537491211911,85.2721569559242,97.1136872636035,77.4102867141283,42.8197315489232,7.45952154951776,7.38650501994093,1.82239692520111,6.49292334015927,4883.7893385417,63.089668645425,767.238107227301,7.07739600824673,1.0000354,1,37.5,
4330,125.517912753186,106.514952815617,92.4692867748063,525.70079269361,12.0132190789125,83.8525091437834,96.9389114356718,78.2003833144847,42.7489156546785,7.46243403927793,7.38717163001141,1.67789798032839,6.33051279268345,4845.34780074187,61.9606656051313,768.353194478168,7.07928997105303,1.0000354,1,37.5,
4331,125.368963035882,106.746111824663,92.9813957120223,517.498515527425,11.9368653069359,84.9438252231054,97.1036413204571,78.5239861052869,42.6857614594303,7.46292327956875,7.38776199112873,1.54172410382036,6.16474178137134,4768.07779541577,60.7212908043488,764.536040193733,7.08119777879735,1.0000354,1,37.5,
4332,124.598570599458,106.275654811084,92.7326300979373,514.351414760568,11.9134821089133,85.3199577169431,97.1609895670817,78.4731510088262,42.6880568905473,7.46282583865842,7.38768620716552,1.44117566063764,6.0437403268032,4688.24715677461,59.7433274502677,760.845670314409,7.08161086870347,1.0000354,1,37.5,
4333,123.408500547865,104.962374819522,91.3282818898774,507.395834942597,11.8453329482036,86.6323355413912,97.3351563168924,78.5219516711463,42.7287307785337,7.46171265777331,7.38721961570239,1.35796071671321,5.96300451964554,4722.70775217872,60.145063280618,762.716923701452,7.08107119485523,1.0000354,1,37.5,
4334,123.480357203454,105.318008373679,91.8936635864541,522.740397822224,12.0270265512526,83.4711932816866,96.9194662318399,79.1428105986858,42.668516429775,7.46379637115274,7.38777923422613,1.23877454345573,5.82819212414132,4686.82031365663,59.2197860829377,765.787320076716,7.08129083273533,1.0000354,1,37.5,
4335,122.954206932411,105.012440814429,91.7511354228767,520.510921342806,12.014374114537,83.5400292890241,96.9413696826042,79.4591295623964,42.6311468452857,7.46457748464126,7.38810754019345,1.14386326205106,5.72931222682803,4648.40346276375,58.5005585684591,760.441737370508,7.08263172193458,1.0000354,1,37.5,
4336,122.44274131666,104.709966509074,91.60313295564,517.420952389491,11.9923503881793,83.8287120010841,96.9915150044481,79.8906284403634,42.5852895333743,7.46493082128465,7.38852230945347,1.04174230961865,5.63005391122773,4619.20629141563,57.819125742186,766.865200306006,7.08308877162814,1.0000354,1,37.5,
4337,122.599719601311,104.859207211128,91.7466545749048,522.050407523345,12.052295637319,82.9583762702256,96.8683736815003,80.3670988828787,42.504595095543,7.46444467196998,7.38929331748429,0.935399283750984,5.52227039705254,4648.78297776906,57.8443547470074,766.58761325519,7.08390020017617,1.0000354,1,37.5,
4338,122.616247288364,105.157507097332,92.2532208691773,527.684592135416,12.1231684426728,81.6100600744067,96.691618556216,80.7757049013264,42.5065782216789,7.46703237733835,7.38922160765695,0.825920954782018,5.40214944775106,4598.20660034102,56.9256140315714,766.572326633334,7.08503014366013,1.0000354,1,37.5,
4339,122.137750350752,104.96141996742,92.2658714232177,519.002064394395,12.0408986233823,82.671285387291,96.8627454569331,81.1544741627736,42.4536009199225,7.46776432486584,7.38971135998347,0.71695847413988,5.28230950988064,4545.03963547117,56.0047943426393,761.761349689257,7.08645785472948,1.0000354,1,37.5,
4340,121.439842938262,104.530103943199,92.031601207718,520.280529266862,12.0650086060996,82.2548455090652,96.8122216192884,81.5474824496756,42.4349367318065,7.46841575011893,7.38985005615936,0.606145375513784,5.16754874063828,4496.1654485657,55.135551871149,767.564190716378,7.08685208366236,1.0000354,1,37.5,
4341,121.434844845707,104.838808923042,92.5721736758555,533.006423511035,12.2125195558077,79.8566463289732,96.4721716541412,82.4405198960693,42.3702535162853,7.47160183596928,7.39046031413527,0.432269009441316,4.935026688168,4461.07895595689,54.1126979982763,765.558475477589,7.0883283879375,1.0000354,1,37.5,
4342,120.513186460133,104.192848174449,92.1299894415515,525.52608937632,12.1425165161521,80.6307538813993,96.6085705448915,82.6847764996835,42.3104919353701,7.47245917112033,7.3910209249828,0.358103467448236,4.83222923149527,4399.96817287703,53.2137638770043,762.793891090496,7.09106517471569,1.0000354,1,37.5,
4343,120.020542303968,103.692868958804,91.6245886602055,519.261293115631,12.0854200750915,81.4031310448219,96.7326614931839,83.1997720522372,42.2354368479567,7.47231650020138,7.39173911115494,0.275440508113681,4.73916105301908,4429.36287579291,53.2376804231137,758.369084653996,7.09169792442114,1.0000354,1,37.5,
4344,120.03430034572,104.013957532468,92.1728345835429,527.262813120759,12.1823530803727,79.9941531721802,96.527416796064,83.5658673320015,42.1915480982086,7.47317238090286,7.39213851269245,0.194202824785069,4.63184370859774,4365.11361457779,52.2356047264548,761.545030160518,7.09197695501567,1.0000354,1,37.5,
4345,119.213319930947,103.475557367961,91.843298082276,522.722054145847,12.143492505668,80.4326827429982,96.6095150395015,83.999396420628,42.1849594883338,7.47399454273953,7.39215435347001,0.10234991256172,4.53126751963594,4310.3642886495,51.31422929595,756.326107222256,7.09285107265672,1.0000354,1,37.5,
4346,118.949835138499,103.380205718014,91.8722187550467,535.221569845703,12.2900227083564,78.3748723498816,96.2969110489828,84.6808959784433,42.1092357861114,7.47558470740839,7.39288272592175,-0.0132553768299353,4.39052429832834,4298.91187111428,50.7660177829086,764.352263436948,7.0938873255714,1.0000354,1,37.5,
4347,117.913222765859,102.546743121746,91.188910341315,533.008975401843,12.2764599208059,78.2476573865895,96.3072644120669,85.2917086815979,42.1106499762266,7.47847596455746,7.39281676612925,-0.1134800421253,4.25033010812581,4273.424362595,50.1036317439495,761.945521375169,7.09642163702405,1.0000354,1,37.5,
4348,117.503042436439,102.452547129579,91.3282679897262,544.790967880085,12.4163508544005,76.3894201772195,96.0081621334253,85.9790564873382,42.0288622602066,7.4801240020972,7.39361011188815,-0.181250529791202,4.13973355153264,4219.27943965556,49.0733396251785,768.54140345529,7.0980112225757,1.0000354,1,37.5,
4349,116.760333472504,101.880239998085,90.8819100387314,543.636633394877,12.4140650972701,76.3037103796271,96.0118352879411,86.694695066847,41.9975632113208,7.48139586094075,7.393883534394,-0.240629629089455,4.07138677738761,4206.22988291498,48.5177308677505,759.584573025019,7.10012796151519,1.0000354,1,37.5,
4350,115.616763659709,100.94090116083,90.093524531224,558.687264943739,12.5903242040149,74.1562907207732,95.6404694561649,87.628021344287,41.9925582058565,7.48351333709153,7.39388678889421,-0.365177210773605,3.90756327853864,4193.16025987111,47.8518194927209,760.682823038204,7.10133123718852,1.0000354,1,37.5,
4351,114.118057721459,99.4469313507679,88.6030553376483,570.952902426787,12.7362822079574,72.3786653375214,95.3213762550933,88.9697718242305,42.0042067125357,7.48628282562075,7.39371947282339,-0.464302752118069,3.73088038520966,4255.99154385188,47.8363769692481,758.894516629463,7.10369499430066,1.0000354,1,37.5,
4352,112.744302581222,98.3569908731828,87.7228909150668,589.841300021816,12.9569512096474,69.8558455805092,94.8045142404293,90.7495075418525,41.8961197174248,7.48831968216585,7.39479380105829,-0.560477924578432,3.54263372865418,4257.14802827512,46.9109766387634,771.272116412588,7.10660790236556,1.0000354,1,37.5,
4353,111.22526320051,97.1633824526988,86.7698184217076,602.769840699246,13.1109981423445,67.9819087608762,94.4154277183542,92.8626344209321,41.8941694110148,7.49213017246734,7.3947722678009,-0.653355352527992,3.34703953625923,4257.74092817392,45.8498830527921,767.386248597918,7.10980217112159,1.0000354,1,37.5,
4354,109.562285632236,95.8005036080062,85.6287516770534,615.633586990248,13.2641337678185,66.2779924017775,94.0205897636676,95.2655818955504,41.8850441678709,7.49444244980386,7.39482833499751,-0.76475557753591,3.10071952668735,4274.69881622618,44.8713872436425,772.475180695459,7.11309589300019,1.0000354,1,37.5,
4355,107.610708868071,94.3002377904374,84.4620635156648,622.212850255114,13.3451278223695,65.3596821266714,93.8205728967239,97.9784024809564,41.9548442567014,7.49729713899479,7.39407016165393,-0.858224395669887,2.86118541303681,4252.24815983536,43.3998519282028,766.7651690182,7.11560644862289,1.0000354,1,37.5,
4356,99.5268351292745,86.4158822445046,76.7251779383703,620.378891052287,13.3296298310099,65.6274424912279,93.9045081782882,95.5255115636382,42.265504885946,7.49775882570788,7.39083458506879,-0.958513820730401,2.36447218686105,4083.64941603424,42.7493069567468,738.331076255962,7.11622180564082,1.0000354,1,37.5,
4357,89.7441698545792,76.6217565936484,66.9225815746996,624.034739166713,13.37855282182,64.9361277155979,93.7579013213396,92.7753648802258,42.5471678881367,7.50019757435979,7.38792355019333,-0.969508721496744,1.93822614973568,3969.54933195109,42.7866744267277,706.876295077224,7.11533458646695,1.0000354,1,37.5,
4358,80.6614211015541,67.6249326350835,57.9892672468226,626.418632579686,13.404421592067,64.4039286851632,93.6321714238597,89.3108554497195,42.8347001683625,7.50115122682306,7.38497905964459,-0.982258486635993,1.55620611621031,3796.29275110812,42.5065097853124,683.338563741917,7.11368158977484,1.0000354,0.998725175636474,37.5,
4359,59.5297802771137,46.01967763102,36.033949588255,590.738381717378,12.8175807252158,66.8490332173049,94.2867114245358,73.5852093880992,43.5329135579034,7.50092090654129,7.3779446889093,-0.879834879825986,1.04803236458904,3241.48488174711,44.0507665698285,590.403209675013,7.1084097211758,1.0000354,0.97473810223642,37.5,
4360,56.20454263921,43.0167132313644,33.2691871473046,602.359636488325,12.5643576207207,62.3566868145299,93.0580502413263,74.3770534723413,44.0173155132238,7.50112058398638,7.37312338948355,-0.916360798850914,0.825785141993603,3198.21099273499,42.9999689880739,582.389398759645,7.09978951648952,1.0000354,0.923935708948454,37.5,
