4320,126.70394459168,105.528971503074,89.877904437582,506.441189640976,11.6360149902161,89.8620533203137,97.6351605700236,75.1450512850937,43.2321935096065,7.45922694917892,7.39270680695015,3.12497440545096,7.47999039740521,5188.21630173306,69.0426876155746,790.314252399278,7.06623133545021,1.0000354,1,0,
4321,127.962204293943,107.052077853165,91.596767005633,500.3896903878,11.6019911930622,91.0543202182152,97.788916768015,75.3094757112828,43.2803678156331,7.45854653369361,7.39209117618423,3.04048921326035,7.48965177415923,5134.53483669464,68.179134009366,796.557771559869,7.06684847856557,1.0000354,1,75,
4322,127.326224075115,106.201625572255,90.5877918962279,509.704755327904,11.7543627638248,88.4405065655434,97.4827355500157,75.6619826017819,43.258659026567,7.45777098791718,7.39218150333468,2.83150852673226,7.41992896221237,5211.47912186003,68.8784372633832,796.61915656591,7.06592565808129,1.0000354,1,75,
4323,126.893106409858,106.377173403948,91.2132229213184,507.631791770524,11.7650203538244,87.8796714859134,97.4408255601033,75.9569246526476,43.310576626346,7.46016009297206,7.39153832014882,2.58278053928493,7.24632314174247,5081.04997675227,66.8938348937638,793.25662458634,7.06783028771482,1.0000354,1,75,
4324,125.568980261677,105.253587887924,90.2378630899327,507.648611392516,11.7992223660427,87.261678767778,97.3788598794154,76.100211778165,43.2886951056667,7.46056464737202,7.39163806306879,2.36189572442089,7.06278146322122,5040.87469328349,66.2399561774917,785.676718657357,7.06822159851603,1.0000354,1,75,
4325,125.659660420519,105.659774520966,90.8772501604265,513.05512692618,11.8946337694058,85.550149058835,97.17530293256,76.6292784348482,43.2113365758664,7.46193162460968,7.39229771128747,2.11281879122058,6.79740448881704,4997.08890068776,65.2112221692964,786.372307162026,7.0694429355667,1.0000354,1,75,
4326,124.262997044339,104.513894674825,89.9167320538801,513.482134270702,11.9304941766916,84.7287996742213,97.0866566487886,76.7582528704144,43.1529968247274,7.46324822346037,7.39276964378788,1.91500265119141,6.59231409863434,4942.73428170673,64.3935224796114,782.288385644968,7.07136911378091,1.0000354,1,75,
4327,123.294193497945,103.68538120085,89.1919112421283,514.487271372873,11.9717053335012,83.9044948421808,96.9914457452695,77.1495696567262,43.0299413378263,7.4639474030223,7.39389594862279,1.72637739252766,6.40727846232037,4932.6422545866,63.9360955159463,783.837522426125,7.07271103394369,1.0000354,1,75,
4328,122.310084498166,103.162061613275,89.009175133137,518.197462941941,12.0405791487993,82.455856521022,96.818565745806,77.8904744103673,42.9812932926512,7.46692627918571,7.39427519204385,1.51088777447678,6.19738680297822,4862.9869999471,62.4336549078694,787.014819113351,7.07429784817452,1.0000354,1,75,
4329,122.246728666654,103.382245891066,89.4389325351975,524.65411022788,12.1392354174837,80.7375365259367,96.5905026809302,78.7760300179236,42.8326117889649,7.46911722546807,7.39566897848628,1.28299784633373,5.96407321678091,4845.44662948237,61.5091497804587,784.255129783131,7.0762898707804,1.0000354,1,75,
4330,121.230567725093,102.898258063128,89.348290052111,525.30871134908,12.1757660031263,80.0079356878947,96.5090977662291,79.666328224293,42.7347359135967,7.47109778793396,7.39655216964844,1.05015013618768,5.72441177828181,4761.97167156377,59.773956923895,783.474589549887,7.07922827930564,1.0000354,1,75,
4331,120.893545103661,102.917014663909,89.6300139040927,532.261509342989,12.2813809723238,78.3922876627787,96.2813823131537,80.6240965919574,42.600037175556,7.47327970046673,7.39781311564261,0.810359198849805,5.4679235723399,4725.69357458113,58.6139104106568,791.259298737119,7.08103057751939,1.0000354,1,75,
4332,120.22134687976,102.624694375199,89.6184729587838,531.650827588454,12.3047378574139,77.8567628999807,96.2269899725982,81.5734774893042,42.4587307471027,7.47519473624478,7.39914595758086,0.578873448252049,5.20848034396227,4680.3017741311,57.3752881228434,791.193670133909,7.08409453791885,1.0000354,1,75,
4333,119.16034970284,101.971503104007,89.2667034439992,535.049990900679,12.3725874031209,76.7281172429506,96.0787986118739,82.5047205206041,42.3823353756735,7.47823527375752,7.39981832835082,0.365999871447036,4.9602850814894,4624.02693245904,56.0456044609505,789.712331070535,7.086791276842,1.0000354,1,75,
4334,118.063495923324,101.531018275177,89.3113608830681,541.608594604148,12.4764736626402,75.1805007405316,95.8499400997153,83.5548644109247,42.2501856907384,7.48136149978844,7.40106498524822,0.16444099436557,4.71475797364042,4504.06349973391,53.9054611779732,790.756038147697,7.08974778818443,1.0000354,1,75,
4335,116.459629524051,100.214066728849,88.2064768367427,554.40604898356,12.6520414998634,72.8424704939487,95.4654407109097,84.8923720839046,42.175016314402,7.4856578654417,7.40172973679543,-0.0571906867480547,4.41003375101971,4496.74491094773,52.9699524299227,780.430276695594,7.09377246891241,1.0000354,1,75,
4336,111.944414019438,96.276410080594,84.6957115171003,578.621073216727,12.9596042225776,69.2125002244067,94.75923560941,87.1488126695415,42.0854581854224,7.49003920114806,7.40254674815302,-0.309173734210529,3.91053117140737,4452.15184898397,51.0867757414668,786.865453642717,7.09833788002501,1.0000354,1,75,
4337,106.914129032825,91.7764262761079,80.5876894559258,599.427704673341,13.2304950551881,66.0162122071739,94.0698513921077,90.639269935158,42.0650142540602,7.49537835868912,7.40265765600652,-0.500768473401872,3.40261783673864,4473.74466703522,49.3576864667564,772.669180641512,7.10326745205426,1.0000354,1,75,
4338,100.790695088819,86.4879286983032,75.9163187574874,616.819243600608,13.4623067024893,63.4682730773835,93.4533553705248,95.6018281747885,42.1360333272043,7.49940025057758,7.40183564791011,-0.708587932467345,2.76044880960352,4458.42088315938,46.6353098918575,772.52288401102,7.10747431529771,1.0000354,1,75,
4339,95.6900101298598,82.2404614254253,72.2994906438867,622.413345161203,13.5541336386475,62.9017003110368,93.3154950133248,99.2879112515474,42.4003673799443,7.4996196142192,7.39904301121492,-0.861120444352283,2.26739923093413,4354.10510187494,43.8533256162853,755.558576886181,7.10914447407039,1.0000354,1,75,
4340,79.5636602577775,65.8353601548594,55.6883557309634,633.026152204125,13.6990782263984,61.3724081258696,92.882461421112,91.7729053182912,43.2790636627634,7.50022816785513,7.39006908884576,-0.961633596999118,1.66131646414621,4107.95868150264,44.7622167703553,701.102188592912,7.10720856654958,1.0000354,0.999233891949676,75,
4341,51.4270886579315,37.8620183173485,27.8356619786567,589.360621692324,12.2174508120143,58.1429155210423,91.8787214499884,72.6740970762455,43.9043566607786,7.50350350591282,7.38378395854619,-0.917705521876837,0.777468540890022,3214.37481362595,44.2299931191936,553.643079693726,7.09662197239625,1.0000354,0.872661296041353,75,
4342,49.1599488732699,36.2864817435882,26.771310386867,647.075325628098,12.3579373759685,54.1547156655549,90.2755404246932,74.1311627456641,45.6613047746057,7.50128253358345,7.36656840395956,-1.05987582704816,0.535491763105479,3111.65301520035,41.9749657222577,538.281168603254,7.084541076453,1.0000354,0.795871239787283,75,
4343,48.630986941378,36.1355455688057,26.8997845542957,723.458434559817,13.2469234228004,51.7216529807562,89.2430946094142,76.8034514398214,48.148465636985,7.50414092873391,7.34281819981011,-1.19633457852444,0.376179934306645,3129.15560423106,40.7423826087149,540.965812233261,7.08099182674615,1.0000354,0.781477611177966,75,
4344,49.7615884658783,37.6157905595431,28.6384616722519,844.700609252399,15.0939135436775,51.689235317274,89.2204101335922,84.3549627300553,51.4665684802113,7.50156210931684,7.3121506224259,-1.28556430937792,0.234981021435391,3340.65410173095,39.6023422169172,552.939460646711,7.07817281748722,1.0000354,0.811192330106029,75,
4345,65.3415754222422,54.7496151847022,46.9207750091291,1390.33513730585,24.2117129598551,58.7218325777927,93.8859711944896,120.801056204183,53.8376221305895,7.61005202723879,7.28920011885931,-1.46743153566793,0.0972336544041559,4171.97689844954,34.5359306411848,585.837197967767,7.11673941052202,1.0000354,0.973520406613257,75,
4346,82.5452107418451,72.5671645498608,65.1920869296985,1703.61527910659,29.6251340100548,74.3637296401374,97.4624759747633,146.430934479937,52.8565619881394,7.6840510190515,7.29181032068669,-1.54467936682244,0.307704350789369,4764.01549923318,32.5342149604729,571.486890264215,7.18996929322132,1.0000354,0.999552499382641,75,
4347,92.6005953876308,82.773954985616,75.5107859928225,1815.18024975203,31.6667826326253,79.1767011032417,98.1017275301483,157.380537632983,49.4468799499858,7.71156326854463,7.31377258419012,-1.52051032452981,0.583055521842543,5042.55809014347,32.0405443136997,587.078173433805,7.2486022288352,1.0000354,1,75,
4348,96.5984614261251,86.6711109357769,79.3335040516065,1820.06854795037,31.8327706171989,80.050693759638,98.207233854886,158.960240019348,46.8964357545149,7.71633993953479,7.32844589860809,-1.48029411584156,0.743536776461069,5145.37090837104,32.3689175843265,600.954975755196,7.28592969699289,1.0000354,1,75,
4349,55.3256948631719,42.3605571220605,32.7776292264564,744.437340821441,15.0574523847843,74.8293601374212,95.8072819415762,80.4441428678497,52.164395070119,7.45187028024823,7.27417475869692,-0.958804924761142,0.604110302237909,3400.68484029407,42.273865057902,507.943700815883,7.20074457298337,1.0000354,0.957765858883771,75,
4350,51.9719531450232,39.2469098413174,29.8414430516218,1317.17655988701,23.2371834348947,58.1350703042968,93.0626959897618,80.0292932825052,69.0719344062798,7.55427529153362,7.14369858650048,-1.09142281827912,0.457486501029022,3320.4968486542,41.4910180067788,475.004236242758,7.14272694568076,1.0000354,0.957811612059546,75,
4351,49.842385329579,37.5668649043141,28.4936541552052,1452.63271079043,25.5028586255221,57.7392477106604,93.7079794332037,81.0388671755832,73.8417843874188,7.60241508444887,7.10460752721977,-1.12300771818,0.278428005627787,3243.6060100987,40.0253128300884,446.954277226447,7.15388080959989,1.0000354,0.961403251955018,75,
4352,49.8366478731409,37.6531000454367,28.6478690423509,1508.00199166145,26.5393160747865,59.9162538195407,94.4535919285802,81.1661274055261,74.7752287625823,7.61049409487296,7.08707173643507,-1.1255075892539,0.261919553974178,3224.35921883938,39.7254288445928,437.126656124804,7.16397171638019,1.0000354,0.964230294884147,75,
4353,50.3925950110295,38.1841563354187,29.1605277490977,1134.8481781094,28.3440259829457,61.5615436536809,94.6330819170614,80.9645280622397,74.7913861297438,7.58817884720946,7.07291450380639,-1.10858114659879,0.277723427826521,3222.92156570581,39.8065874382453,429.178781071421,7.17270584585652,1.0000354,0.966565534008116,75,
4354,52.770915178939,40.6100536254597,31.6215907381055,0,15.5495364652133,62.2980513306555,82.887014287289,81.3591281969984,88.4971078296609,7.02255492188125,6.98367951804551,-1.11595986033325,0.33715507457373,3226.00809034925,39.651458439156,515.618087690109,7.03928343274642,1.0000354,0.99111052716708,75,
4355,93.9756820310334,86.2439416428965,80.5291770081866,0,6.22640223637467,22.0685292574323,18.080482238331,192.914412167663,128.226049255845,6.81109795107623,6.80351214937317,-1.66964753645138,0.920079992260349,4863.36381042465,25.2099558336672,1348.03150531883,6.75089516490005,0.692849135230626,0.215079517058823,75,
4356,6.51048435612296E-05,6.51048435612296E-05,6.51048435612296E-05,0,0,1.55369423001917,16.6430588699751,0,0.333842864964345,9.38665398499235,9.38433669662533,1.93737042360317,3.19108263186999,0,0,0,6.71781406161596,0,0,75,
4357,5.57484020159094E-13,5.57484020159094E-13,5.57484020159094E-13,0,0,0.109053201689725,4.26123629030202,0,0.00222519107233198,11.5630303050932,11.5607367203174,-0.000403084193556058,3.16348149610651,0,0,9.3300022283689E-12,6.71798515426145,0,0,75,
4358,1.59281148616884E-13,1.59281148616884E-13,1.59281148616884E-13,0,0,0.0231718160218685,11.1639147086259,0,1.4984257734019E-05,13.7349918911635,13.7326984643747,-0.000270529106312534,3.15319394340682,0,0,2.67811197035449E-12,6.71715416546867,0,0,75,
4359,1.59281148616884E-13,1.59281148616884E-13,1.59281148616884E-13,0,0,0.00384956994267278,16.7821895589364,0,1.00871821119257E-07,15.9072500242979,15.904956598573,0.62555268044162,3.14940936426866,0,0,0,6.71582451922675,0,0,75,
4360,1.59281148616884E-13,1.59281148616884E-13,1.59281148616884E-13,0,0,0.000237900940641303,3.22190256637148,0,6.79106971658328E-10,18.0794409588827,18.077147533165,-1.49563671341113E-05,3.14801709541035,0,0,2.7021967167361E-12,6.71442143975251,0,0,75,
