4320,114.917417722787,91.9482621043014,74.9710601254209,484.742348223715,11.3878396095165,91.368491377558,97.82137197574,71.8732789376783,44.3333828170542,7.46105814917954,7.40119582137499,3.84018574483105,7.87685412732899,5382.78842889495,74.8927627687948,786.164245052873,7.09773415803381,1.0000354,1,0,
4321,115.40984511886,92.233553538519,75.1032510660932,488.326234341462,11.456224880987,90.3276166272527,97.7035248752153,71.8774990921948,44.3620667613866,7.46034369257448,7.40084757521137,3.80770305185025,7.86753679904184,5431.64935149851,75.568146083262,793.477466099999,7.09733221401526,1.0000354,1,37.5,
4322,115.492320230627,92.3929183851629,75.3194474559067,489.080473673968,11.485991464221,89.5355206234133,97.6204893191275,71.8627108903142,44.3628946929221,7.46121928828101,7.40077536702344,3.74885160628613,7.84013402732681,5412.51548569887,75.3174409738051,794.330163431085,7.09815037652689,1.0000354,1,37.5,
4323,115.235540748751,92.2085813358028,75.1886548131889,488.418313615988,11.4961785401592,89.3652539633628,97.6064349155003,71.8624851200503,44.3405945565019,7.46110815636535,7.40093188503048,3.6858477658367,7.81580562444948,5395.52425142551,75.0812366481897,792.951315414863,7.09866646638505,1.0000354,1,37.5,
4324,114.86184297643,91.924926766785,74.9715539161783,483.682312325811,11.4520522651409,90.1832343160582,97.710312440715,71.8949341454563,44.3264578214594,7.46086377974087,7.40101073042784,3.60628325882365,7.77954423528907,5376.85271198038,74.7876436064611,791.557993418041,7.09889860171528,1.0000354,1,37.5,
4325,114.435563708881,91.5804172943557,74.6874829879673,485.075996123438,11.4873040682862,89.669830358102,97.6542650190508,71.9601016279757,44.3332201343686,7.46064327955064,7.40088672146808,3.51149153404153,7.73394815132358,5362.54065270896,74.5210266715936,790.911132751732,7.09876264029795,1.0000354,1,37.5,
4326,113.982203914648,91.2269453935331,74.4078412692305,485.972883142474,11.5153093848956,89.2130937652173,97.6059367452594,72.0645140082791,44.3379499704681,7.46075914576988,7.40078407988323,3.40782175203549,7.6761589878355,5346.85070318666,74.1953342330511,789.42964162548,7.09876474732643,1.0000354,1,37.5,
4327,113.567545379695,90.9908012341829,74.3036425179347,496.845661396324,11.6698504428246,86.4800768451255,97.2773100351392,72.239047575663,44.2977047779594,7.46293134703917,7.40112341935004,3.17448920528819,7.47999980897999,5317.75279416142,73.6132738819905,785.954522316644,7.09923763268599,1.0000354,1,37.5,
4328,113.011736916156,90.5276734828105,73.9090179016417,492.617869910012,11.6319390512081,86.932956083795,97.3455625317235,72.5434811572963,44.2547206182118,7.46320126826,7.4014897288446,3.0940821124462,7.39340920258868,5318.24102549342,73.3110810323792,785.387858598162,7.10090833729903,1.0000354,1,37.5,
4329,112.934131978907,90.5762935772058,74.0509347585574,495.839801585948,11.6872692152128,86.0550348008474,97.2391714328505,72.8333055090623,44.1638797390162,7.46370308562877,7.40232703004271,3.00114221550035,7.30114532795036,5309.51259321738,72.8995142552846,786.858303534479,7.10106553512351,1.0000354,1,37.5,
4330,112.802555900525,90.5836453825596,74.1609723910202,494.534988058829,11.6852813162217,85.8743845828518,97.2282943132814,73.1164363301798,44.1133562136425,7.46475556137412,7.40276893166637,2.89784421625523,7.20697571601188,5297.03201154704,72.4465288164026,785.513606753295,7.10182251765379,1.0000354,1,37.5,
4331,111.882081316087,89.9499275856494,73.7392052631523,495.351677382507,11.7093977498506,85.2270108467184,97.1604524959122,73.4747917429024,44.0758106253421,7.46681178228625,7.40308188137508,2.61872594692624,6.86642941394537,5254.29517464223,71.5115354532433,781.96237591079,7.10357695383221,1.0000354,1,37.5,
4332,111.082300464336,89.811066591148,74.0888502500962,500.667041693405,11.788258994997,83.8733218336614,96.992651051568,74.227916979744,43.9146448808532,7.46893684586943,7.40461165174913,2.41909034456792,6.43772144075274,5148.19250088974,69.3565535766634,782.842483856591,7.10534627291764,1.0000354,1,37.5,
4333,112.285796411185,91.5762826258903,76.2692506976291,495.585693989159,11.7388387982069,84.4858707663888,97.0834424506728,74.909651039181,43.7790550858509,7.46864995233015,7.40589023097444,2.33166740192619,6.28705902654676,5058.27571871996,67.5250204552983,795.368522097766,7.10669496784449,1.0000354,1,37.5,
4334,113.803815738434,93.4502347653472,78.4062836113265,476.928231436373,11.5110433176375,87.3411042253117,97.4675575158945,75.0706925187608,43.839052082539,7.4688712091153,7.40523299131229,2.23410461155557,6.21708877290899,4982.02695798608,66.3644731496387,795.790447750227,7.10820336323811,1.0000354,1,37.5,
4335,115.231962508045,95.2358456095378,80.4561070323804,470.795955942699,11.4398547508793,88.9486965954268,97.6582232956125,74.8427809261226,43.9657810997572,7.46709095296618,7.40391972426211,2.10762428596585,6.16123205785823,4879.66946220138,65.1989330409584,802.747380850872,7.10806084943808,1.0000354,1,37.5,
4336,115.480471919745,95.8025647042114,81.2580245883825,470.542960457304,11.4468327644366,89.3820762719943,97.708336328322,74.4911352283502,44.1328384973826,7.46615017090874,7.40221507348283,1.99324412572588,6.11707549413943,4779.45440685183,64.1613850050824,802.897735073517,7.10741153586908,1.0000354,1,37.5,
4337,116.060116037608,96.5034935313192,82.0485986353666,475.088712890089,11.5179378469788,88.3217633065028,97.5878331519121,74.1421551458875,44.2030109517457,7.46647753729472,7.4014691888298,1.90160038595235,6.07856206492536,4727.74321877007,63.7659265429689,801.981742630095,7.10725529021614,1.0000354,1,37.5,
4338,116.328462984636,96.9417926803355,82.6125146293305,473.776124924261,11.5101477705173,88.3003944760567,97.5936572388881,73.7903735369345,44.2609203906846,7.46726775114908,7.40084613716506,1.80430393621207,6.02947424074558,4664.42114159823,63.2117838414726,806.687200232229,7.10752638448908,1.0000354,1,37.5,
4339,116.168421760736,96.9666649771153,82.7740621370479,475.546546588143,11.5432589053158,87.7385026755982,97.5327206643087,73.509670811123,44.3054072053914,7.46790036088733,7.40035665907536,1.70133548187954,5.97488699613674,4602.35658317995,62.6088585678111,806.337475308768,7.10809109424463,1.0000354,1,37.5,
4340,115.826080181494,96.8248298969649,82.7804275127475,475.083764569728,11.5465143562132,87.6512637782241,97.5279417623448,73.3415960430389,44.3314854151518,7.46824355446223,7.4000492116686,1.60028230945787,5.90936398104463,4543.88526757522,61.9550911451223,804.479485821548,7.10863072511839,1.0000354,1,37.5,
4341,115.417985073048,96.6122867871618,82.7124228367239,480.424636712489,11.6260519794559,86.4844522709054,97.3911833581048,73.2866335194907,44.3652179796219,7.4691588133314,7.39966824604145,1.49774039903664,5.83700253131102,4493.75155802473,61.3174782660689,802.546118115351,7.10900908034799,1.0000354,1,37.5,
4342,114.887978292447,96.2702370229857,82.5092978238186,492.427978717837,11.7872139303617,84.1492690303569,97.0997876011708,73.3444213280679,44.3755615597235,7.47138674854213,7.39951735800205,1.3933071838784,5.7589028384647,4452.34591762,60.704629431934,807.368756612138,7.10989038801769,1.0000354,1,37.5,
4343,114.400052718256,95.6305301943678,81.7574048506243,492.787080739518,11.8002180763909,83.8108926738613,97.0658591064157,73.536368565383,44.3546660926835,7.47264073422109,7.39967310583027,1.31358796991371,5.69529686247791,4500.39077572291,61.1995243104982,795.674442121065,7.11178531252867,1.0000354,1,37.5,
4344,114.132600859628,95.5361659970487,81.790975011664,503.945048770482,11.9398498610784,81.8351107275961,96.7993333364388,73.8074102110016,44.3333711248219,7.47451545788053,7.39983445786983,1.22121971625638,5.60930143914398,4475.32399403043,60.635158193958,802.211038239677,7.11320056791095,1.0000354,1,37.5,
4345,113.200118433996,94.4905435354806,80.6617273061429,506.7121529732,11.9776388574898,81.3649667816307,96.737659737454,74.1994439261606,44.3844962593127,7.47511877833988,7.39928797113046,1.12294121418987,5.51777921979325,4526.46735146362,61.0040602995371,798.892470550219,7.11463396484379,1.0000354,1,37.5,
4346,112.147483487371,93.5124314241615,79.7386972904849,528.351633170267,12.2188672182632,77.9939453974457,96.2235305571875,74.8312763049967,44.4399323844336,7.47790321814872,7.39870185892065,0.994000442887062,5.36662454141653,4546.82861641898,60.7610726547955,796.413645923398,7.11587705336785,1.0000354,1,37.5,
4347,111.062401494318,92.5386622230075,78.8472027616044,541.898891587174,12.3728222735717,75.9099442730812,95.8856981078997,75.757635172232,44.4348897003295,7.48083047446028,7.39870857934121,0.884109657908188,5.20387324472386,4575.6193782347,60.3981284240488,806.034218399347,7.11816078856835,1.0000354,1,37.5,
4348,110.090353194031,91.9586180904891,78.5569008400447,556.195747663011,12.5354361315664,73.9487644276316,95.5348308647128,76.8687740796351,44.4234888447461,7.48270628179156,7.39877906099521,0.779493228595685,5.03704357465949,4544.4794321429,59.1199675883327,804.410750315429,7.12058734814342,1.0000354,1,37.5,
4349,109.94230754408,91.8295742335145,78.4419017865744,567.96812341293,12.670296220598,72.5092838746846,95.2513817476192,78.1005481741007,44.415102130914,7.48319906539322,7.39882205587571,0.701356143827236,4.91227046497357,4612.46301190511,59.0580107276977,810.966629783421,7.12208776799721,1.0000354,1,37.5,
4350,109.111764609879,91.2713262241295,78.0849152433584,574.567635150492,12.7473364570415,71.6774988088402,95.0996199906074,79.3068508500625,44.5620322040442,7.48514787937919,7.39735072981104,0.612293730822627,4.78985865861725,4613.29310878118,58.1701714206642,800.503414902798,7.12381861918057,1.0000354,1,37.5,
4351,108.887685354043,91.0962740814025,77.9461005320593,585.732540136156,12.8747661801745,70.5375690907882,94.8418195286759,80.5424709274814,44.6277232997416,7.48434005050319,7.39667573917695,0.519522781629039,4.6644276584087,4672.29407800351,58.0103146104163,810.406966088781,7.1245986549218,1.0000354,1,37.5,
4352,108.254265275614,90.7992709217369,77.8977533558277,598.066591447378,13.015158462199,69.0180172200898,94.5213407313858,81.7671852229943,44.841458403064,7.48691132226044,7.39456717840577,0.425345947692153,4.5307421137947,4653.64855470761,56.9134004309461,805.534405924847,7.12546580225773,1.0000354,1,37.5,
4353,107.161376989788,90.1468740685732,77.5709371268058,606.999382706905,13.1172450653994,68.1606388022961,94.3127853099965,83.0473140094363,45.0057799077263,7.48680549126704,7.39294590173845,0.280640319529927,4.30748431422687,4607.22771532603,55.4771430031142,807.571431576034,7.12686348841823,1.0000354,1,37.5,
4354,105.947973315533,89.2727832899825,76.9476428363145,622.489923511337,13.2935252877725,66.3539752999515,93.8691292640687,84.5889842091073,45.1894610962253,7.48838841047949,7.39114565248507,0.173722316112527,4.09160225538945,4599.1695803942,54.3707862601219,810.184756756371,7.12737302870802,1.0000354,1,37.5,
4355,105.437408835651,88.9665871012916,76.7925014715477,630.970388076618,13.3907659479551,65.4585613747472,93.6321379091293,86.3077098288589,45.2840055522367,7.4888118677483,7.39020795679387,0.0996137876730141,3.9276146081801,4635.10611554537,53.7044271564662,817.590926950575,7.12822956513176,1.0000354,1,37.5,
4356,104.92187727574,88.8750611001701,77.0143708834448,629.415545614573,13.373487281656,65.856006385616,93.7528305714933,87.8284737324747,45.4949005284496,7.48950153192711,7.38816115714429,0.00921764727377772,3.77210845135321,4595.35466043276,52.3219232344877,813.415794596951,7.12949999460488,1.0000354,1,37.5,
4357,104.303802617232,88.4488784374003,76.7300214349159,626.805424685346,13.3435732643956,66.6825129794627,93.9484797332903,89.1244079978941,45.740859479009,7.48751009553173,7.3857913139535,-0.0800904401814506,3.63240253111019,4607.39714993692,51.6962440866456,811.883225364393,7.12901032760102,1.0000354,1,37.5,
4358,103.871363173591,88.4478419207657,77.0478479512864,636.237989368409,13.4500472518618,65.7627024630615,93.704369379372,90.2804229198813,45.9609343747948,7.48778222321146,7.38367880554634,-0.168325640047517,3.48483791309926,4540.16820324348,50.28962045595,816.006870407227,7.12817248483309,1.0000354,1,37.5,
4359,103.27913000767,88.0337798471372,76.7654775545694,641.119053554484,13.5044438873832,65.6171195441764,93.6440975030479,91.3859805588782,46.2259355928633,7.48636078402661,7.38115371381978,-0.255368747819871,3.34874976617882,4542.67640994024,49.7086794074884,814.733811108778,7.12765296758251,1.0000354,1,37.5,
4360,102.331137104164,87.4921765416871,76.5242491694214,643.946217850421,13.5352394401412,65.5062567176134,93.6230992213155,92.4454235741297,46.5034449740415,7.48706409081284,7.3785253796741,-0.339077890160656,3.21051494522659,4472.8436652849,48.3836137296535,812.931292028797,7.12701327052114,1.0000354,1,37.5,
