4320,115.493507559751,92.954708218555,76.2955956620184,487.268479365857,11.4017960661791,91.2748629275033,97.8064634709776,71.9455530369427,44.3753750390311,7.46149424142911,7.40029398274137,3.58466090590814,7.4610368339075,5287.24644833799,73.4895518229332,784.136378187192,7.08546424158604,1.0000354,1,0,
4321,115.282211922279,92.634637195665,75.895125441211,491.56855113109,11.4790863180291,89.8590204290897,97.6445476893732,71.5375641147953,44.3898321425703,7.46109120179827,7.40008668366101,3.56072692117026,7.45049190250358,5282.63581144376,73.8442226375893,785.770939913744,7.08507813945442,1.0000354,1,37.5,
4322,114.807086978577,92.1878864934188,75.4693470043891,486.091725556597,11.4276296111307,90.7523952365271,97.7604594024404,71.660132023,44.407420443487,7.46148228555897,7.39985225925125,3.50653808028974,7.43093263029808,5285.05700046221,73.7517061616062,782.55549477925,7.08544928796127,1.0000354,1,37.5,
4323,114.914876640486,92.3747835550986,75.7147147528558,489.089499742448,11.4853126482627,89.7050322447476,97.642108248605,71.7473374039428,44.3806232943268,7.46135504177335,7.40005484974334,3.41075614850169,7.39396857816275,5272.98232611996,73.4937701789919,786.95969319378,7.08535507058436,1.0000354,1,37.5,
4324,114.000575993111,91.6816507189206,75.185053777128,488.790160799224,11.4989671061497,89.377715225452,97.6117000824015,71.6782605677054,44.4037811082452,7.46181261486537,7.39977143275311,3.27465541632791,7.31470242762528,5216.21588665134,72.7726349012647,780.282603174287,7.08581297874149,1.0000354,1,37.5,
4325,113.132640460242,90.9093622042962,74.4834608846839,494.76649691691,11.5924666884463,87.510395150868,97.3941507221135,71.6039822381756,44.3763323459795,7.46352488428378,7.39998513694038,3.12563691514551,7.1737621171659,5188.479700521,72.4607701742428,772.965707709248,7.08618759330551,1.0000354,1,37.5,
4326,112.955184430978,90.7360148538476,74.3131503837948,501.543028229495,11.6933752783942,85.873330138151,97.1898443178311,71.8748848855024,44.2461172724728,7.46443099712391,7.40120779093702,3.00953241848497,7.0445403639968,5207.1466305307,72.4473734994603,778.613995992045,7.08708355773341,1.0000354,1,37.5,
4327,111.74419211154,89.822715558961,73.6198850635768,495.200003404384,11.6298420280937,86.3862717181874,97.27400861399,71.9900849536846,44.1936427992971,7.46566125580988,7.40167091703224,2.88611049998252,6.9139695005408,5145.61526478464,71.4767216637557,775.171171359126,7.08877042456093,1.0000354,1,37.5,
4328,111.661135758147,89.7664200469945,73.5833693039689,502.171501026913,11.7316097935627,84.7697730646114,97.0710359624397,72.3510751565805,44.0855754894522,7.46729165534231,7.40268279434145,2.76744503849322,6.76704866195315,5165.10460600304,71.3894658071748,772.896353713331,7.08957327010768,1.0000354,1,37.5,
4329,111.74717986342,90.0213327998034,73.9630980136517,499.242172337221,11.7102966543056,84.8723930236363,97.0959447796287,72.8706832187374,43.96362667868,7.46778881419788,7.40383506656903,2.65822032673367,6.6582880405447,5162.07584399598,70.8388561213413,772.294156671999,7.09074614611754,1.0000354,1,37.5,
4330,110.964638515605,89.5789703909492,73.7721722118561,491.398269848278,11.6262966167147,85.880984851949,97.2400403057955,73.0663465001676,43.9347914622398,7.46772638646905,7.40406996109005,2.51828511725739,6.51484307354405,5094.8926369178,69.7296755751447,776.517837146342,7.091498533859,1.0000354,1,37.5,
4331,108.136116421484,86.9959570442978,71.3706218524648,495.53904493679,11.6927440357651,84.7691108686583,97.1057803661043,72.4857931698307,43.9582620435492,7.46932427267125,7.40378732766876,2.31101129115155,6.17740830697072,4996.38590317078,68.9291747344819,761.600279322662,7.09203401203563,1.0000354,1,37.5,
4332,106.926415694547,85.9837478120138,70.504384594489,499.438440793895,11.7552295302857,83.8448553034498,96.9898331269495,73.0307623435787,43.8586166333718,7.47032493704453,7.40472042947901,2.21655777719564,5.97761283315214,4986.92298606069,68.2852379740928,762.480212927137,7.09249011813716,1.0000354,1,37.5,
4333,106.684547787659,86.0207407561008,70.7474920806016,491.58503832064,11.6716491724463,84.6644586174962,97.1173843408792,73.7462892404762,43.7824543049058,7.47115331500032,7.4054223568112,2.10335164459087,5.83040610024854,4968.72924208539,67.3759899414473,759.913696772729,7.0936934469182,1.0000354,1,37.5,
4334,106.429157820234,85.9043322900307,70.7338090720543,493.863257502707,11.7139942595576,84.3012188390968,97.068677810958,74.1573128622815,43.724063732196,7.47039813667696,7.40594847767889,1.96603888148438,5.66322687736031,4962.81721806401,66.9228296780456,760.419054887801,7.09364725478792,1.0000354,1,37.5,
4335,105.378282185097,85.2170194708069,70.3152165950273,486.108204720591,11.6293762697008,85.2951477089473,97.2131311112539,74.5705707187591,43.7423949602772,7.47066949217881,7.40571227332807,1.83985384487715,5.50234673151548,4902.07574407443,65.7374041371157,754.522051767907,7.09385292871456,1.0000354,1,37.5,
4336,104.352483127514,84.4280091236464,69.7012239903531,486.762683033539,11.6512631752569,85.1239936159448,97.1961642733333,74.7566884800466,43.7776247881032,7.47062737477374,7.40530693538559,1.7053712979037,5.31991952748845,4856.59336085729,64.9653356723201,759.405569286731,7.09356947111945,1.0000354,1,37.5,
4337,102.465797468343,82.7012068058388,68.0925963161615,491.509010068596,11.724810864899,83.9360177599893,97.0523915577736,74.6735441730493,43.7510708624696,7.47255599623832,7.40551192510895,1.57968032343051,5.09411907885763,4812.26362009486,64.4440232934822,750.723199803524,7.09444896243241,1.0000354,1,37.5,
4338,101.91465893801,82.3922078443405,67.9625700794543,488.001276483254,11.6940466568948,84.2448538746201,97.1036624609591,75.5462778648545,43.6691151543775,7.47281240242331,7.40626543512204,1.48694188571309,4.96577963477504,4808.86114330313,63.6545079283158,747.943170962141,7.09484457375577,1.0000354,1,37.5,
4339,101.910011670753,82.5567860054624,68.2522279050305,489.38821584701,11.7246691744922,83.8064573972791,97.0541255249697,76.0405206964828,43.6316741361369,7.47351912280108,7.40657638265784,1.36226447771779,4.80737267220583,4798.36482145703,63.1027349301011,748.649591725405,7.09562624862286,1.0000354,1,37.5,
4340,100.75239451491,81.6322039347676,67.4998891581405,490.423410407945,11.7504938092582,83.5294660269152,97.0221879673715,76.2499821226305,43.6227623909314,7.47357022712655,7.40660197901619,1.23549847842595,4.64170174794538,4753.64542677623,62.3429054597166,749.653076488429,7.09605810586274,1.0000354,1,37.5,
4341,99.0499235809687,80.2297692557067,66.3192204066,479.147391214453,11.6194783519869,85.0651345153099,97.2364178973363,76.3137589820403,43.6325800300743,7.47325345901887,7.40643971382144,1.13527923304023,4.47217140819498,4682.96431205388,61.3646133347457,747.386299799105,7.0959878507643,1.0000354,1,37.5,
4342,96.7562922635717,78.0882401631361,64.2901146975967,493.69447738146,11.8163211417482,82.5591545354943,96.9100242001549,76.183107053668,43.6606585857657,7.47540232156355,7.40609510869971,1.04219988466659,4.28211823951896,4637.16454807577,60.8686719066088,737.168977243433,7.09640866160441,1.0000354,1,37.5,
4343,94.7680740607191,76.2403143085502,62.545883187382,493.874601765801,11.8312642300556,82.1973561372636,96.8724808856696,76.5996223580314,43.5886315849645,7.47652700957467,7.40674725921012,0.951379721271757,4.10097662577975,4627.47798039423,60.4112375223615,736.752740453866,7.09759541301998,1.0000354,1,37.5,
4344,94.2284751264238,75.7815857887743,62.1469284522508,502.28814954563,11.9418912045437,80.8826020495659,96.6881921603324,77.6334444357305,43.5808548387603,7.47721817492809,7.40676097078666,0.878581055705615,3.99357088700326,4669.46172072885,60.1475530896288,733.631307172639,7.0976585734089,1.0000354,1,37.5,
4345,93.0252070562141,74.6763127453251,61.1140865155375,499.138056740351,11.9162090032079,81.3911603386789,96.7705404183568,78.9131199650315,43.6639527406083,7.47711002126541,7.40587123540085,0.784139371556098,3.88066247531875,4721.21670544546,59.8280324936785,730.095166509615,7.09869459278395,1.0000354,1,37.5,
4346,89.824091346046,71.8424812928914,58.5517260362118,516.964177984517,12.1220896099953,78.6454519659351,96.3587136151662,79.0491748810632,43.7707455229686,7.47883362458067,7.40475040858949,0.661472542180715,3.63115882999372,4634.69050524056,58.630472895054,730.142185928328,7.09928472395895,1.0000354,1,37.5,
4347,87.180197457665,69.3688461644951,56.2039343391087,522.360723282724,12.1896669245544,77.9059476165053,96.2437665091693,79.9040914017065,43.8590286885354,7.47916095003561,7.40381890882194,0.580383664001045,3.42669635454404,4640.45652738506,58.0753306367733,715.08935116113,7.09943827051479,1.0000354,1,37.5,
4348,84.8857867834868,67.1742679452059,54.083145325607,528.797423182665,12.2680032411027,77.0136640105433,96.1092642588402,80.9928917472247,44.0567873770706,7.48070344019594,7.40181312970843,0.496241976165388,3.24880484326668,4677.32483544491,57.7498189599482,713.253353070607,7.09945281292578,1.0000354,1,37.5,
4349,82.2013975040082,64.7728648820456,51.8909059875514,540.402486183094,12.4028742935245,75.6180560677017,95.8647127999816,81.7382781738037,44.2342020453489,7.48078186701541,7.40002069379677,0.410978538009638,3.03999758032559,4644.95092968793,56.8271198447705,706.945762786918,7.09939229361985,1.0000354,1,37.5,
4350,79.7299288931572,62.6194478943002,49.9725706342754,552.74661261846,12.5457901083444,74.1733678875589,95.5997939441835,82.6504068920079,44.4508560172413,7.48120428490131,7.39785699307253,0.321470970092776,2.83600670854937,4611.07340561165,55.7900871756934,702.982038851978,7.09891929393484,1.0000354,0.999986819706317,37.5,
4351,76.7346854837578,59.8763244861184,47.415796792211,560.133281700908,12.6268664423288,73.4314029092606,95.4559948948225,83.4263002698582,44.7292225044918,7.48105586007028,7.39510966007461,0.243520700402395,2.63049842029214,4585.77936060553,54.9680298152016,684.817719480387,7.09768440107097,1.0000354,0.999146223240778,37.5,
4352,74.69327485842,58.0646463104756,45.7739208619949,566.268819137026,12.6914411646901,73.0287440940491,95.362535985705,84.2149021167827,45.0532667091856,7.47954029942417,7.39194444422261,0.162128746828465,2.45177445860857,4566.04515465686,54.2189688509645,685.382296682158,7.09620353136224,1.0000354,0.998058838054026,37.5,
4353,71.7553390656564,55.460839170756,43.4170783788731,572.240309725088,12.7412578461887,72.4771310256236,95.2516319049861,84.8877551763793,45.4776652186935,7.47950393200898,7.38784831027362,0.0807801065938403,2.24053765100695,4510.04532513926,53.129515744271,666.076606891283,7.09408041960165,1.0000354,0.995390794781187,37.5,
4354,69.1256043474789,53.1108420713709,41.2738438672911,572.323704063796,12.7233082841958,72.8418703394063,95.3130081141791,84.7875177982671,45.9726831959366,7.47785820229389,7.38312860092281,0.00630455940927632,2.06875209320684,4427.38448990271,52.2174089402721,658.484634792454,7.09133965257976,1.0000354,0.992576011888284,37.5,
4355,58.6465112079812,42.4593388438154,30.4949070963886,555.748186863641,12.3405500126984,73.5939367450793,95.4564702173645,72.502713035915,46.8497492934922,7.47659325648369,7.37491510598642,0.0469180165553915,1.84401001885955,3826.66171156079,52.7795657752175,586.719880633194,7.08563542823035,1.0000354,0.967304178075962,37.5,
4356,48.9220978033742,32.5901536261141,20.5187166255305,503.176823345493,10.0455713025952,68.8188326117153,94.2309214616337,61.0725677799999,47.9739639233688,7.46303522133521,7.36461712906747,0.216912467172028,1.73729432014206,3252.2123053224,53.2516058115939,475.815192090936,7.06843703592106,1.0000354,0.751135399964142,37.5,
4357,47.8479583080023,31.5927757434565,19.5780755870531,512.833427895487,9.02081451407907,58.7671789908171,90.6092753779073,61.2567560905942,49.819557140279,7.44056216645715,7.34822971937458,0.186547931727757,1.69004341719697,3246.68883705699,53.0013184546595,463.408818982472,7.041342807451,1.0000354,0.605655996100985,37.5,
4358,47.5624072888074,31.4747132338586,19.5838089323748,592.84938918751,9.2719401356211,52.3615380383416,87.4503853863302,62.7351452904486,51.8960633204438,7.43776891053591,7.33049425676487,0.0801502519520341,1.59195418593519,3290.78514647476,52.4552088185851,464.685419440923,7.0205901221145,1.0000354,0.515797680630435,37.5,
4358.92187622246,46.5923629195183,31.1530326346501,19.7413537284433,610.113246673804,9.4044290723326,52.848699733576,87.6149343137798,NaN,53.532793393439,7.43317737161881,7.31692745728236,-0.0715360927566944,1.3386536614933,3261.79205166669,50.3411670650671,460.684644402336,7.00970720366715,1.0000354,0.505454343110752,37.5,
