4320,128.206978965875,106.922548055797,91.1905773831313,511.409496148091,11.6843573542001,90.2224623055681,97.6614553234707,75.5258798396425,42.7310092588356,7.45579027688254,7.38844555487108,3.20876575445907,7.82195974628761,5241.46460943124,69.3995835673809,776.484685681386,7.06926171445516,1.0000354,1,0,
4321,131.075356914251,110.186990477554,94.7477631112997,500.953321813534,11.6377765592101,92.9411916081484,97.9984861023513,76.486184953001,42.8520236664584,7.45475250652633,7.38696195578669,2.97367452941701,7.83135775214122,5209.3351415299,68.1081837815668,785.851585045999,7.07051653049369,1.0000354,1,150,
4322,129.398430012227,108.741938245374,93.4740965046575,513.259841527666,11.8618231825027,87.8600007997467,97.4263742940853,76.6541998484417,42.8602231586811,7.45476776639387,7.38663120903597,2.54824604652807,7.61847002787655,5162.82424170195,67.3521379377741,782.97042433474,7.06999440668456,1.0000354,1,150,
4323,127.465344361638,107.176742213852,92.1808188872271,519.689988120714,12.0025223990932,84.9190951051268,97.0871625990356,77.1449382033688,42.8514831031764,7.45794097454063,7.38647820938372,2.07977232550336,7.21274363206306,5103.338586937,66.1526045102742,785.918191693263,7.07215017601449,1.0000354,1,150,
4324,125.481321856375,106.0620936231,91.7087510158974,520.460298781624,12.0771699405877,83.3172289966761,96.9123779137678,77.7266376241237,42.7616149758659,7.46034213970939,7.38715292626343,1.62396840894137,6.69996948748921,4921.49069905729,63.3179415640878,780.090342350443,7.07580692003909,1.0000354,1,150,
4325,123.402964357568,104.443223650248,90.4295022578822,529.777011860312,12.246048667067,80.5683085271748,96.5505736646552,78.6575886832009,42.5926049650295,7.46242778473719,7.3886385709511,1.20832678855629,6.25566626106971,4862.59214234752,61.8197458598936,775.195793812508,7.07781170003879,1.0000354,1,150,
4326,121.221956529799,102.881946451271,89.3262868280109,535.452818037606,12.3786864493693,78.2624922029362,96.259625309357,80.136193053406,42.4738995192222,7.46761339899853,7.3896191540338,0.773211594887592,5.78094131227056,4792.06939689071,59.7990647459017,775.216705956578,7.08180758757142,1.0000354,1,150,
4327,118.764310382532,101.781234190734,89.2285257011445,546.579253675689,12.5760328250951,75.4109289295702,95.8473048748632,82.2902628956065,42.2669865987263,7.47249505938738,7.39150931920411,0.253634454317709,5.11096539289342,4556.79645215542,55.3746736468223,775.247033701,7.08685101103587,1.0000354,1,150,
4328,117.046822977338,100.577910799814,88.4052365816433,553.016828074452,12.7246297308413,73.3749516553041,95.5464216192617,84.1130862344634,42.0975076793178,7.47611718587001,7.39302520595076,-0.078691792004248,4.70886614524611,4516.72140244896,53.698200894195,768.656640560915,7.09151282210251,1.0000354,1,150,
4329,110.936783609455,94.9524300418289,83.1379078396703,592.441531655861,13.2627005248615,67.3638273742628,94.3370078333659,86.9201650384505,42.190703129842,7.48150261641884,7.39184181837425,-0.54609856068267,4.08114983261394,4530.12766705043,52.1182589223853,769.511615259562,7.09646113140734,1.0000354,1,150,
4330,96.5029496037742,81.4076665078413,70.2502833499777,700.111082451634,14.6541922921617,56.2268148982717,91.1291541661803,93.1266692366577,42.3695124673922,7.49681864876079,7.38979773025492,-0.949317976321373,2.91075352398398,4583.6363421845,49.2193737814928,773.702293245563,7.10638753957401,1.0000354,1,150,
4331,49.3816863759046,35.4084717627587,25.0804435704335,714.745794828616,14.2214526256748,53.0300679010801,90.4269867304165,69.648578285442,42.8836759131942,7.52424523550203,7.38437734694285,-1.10726531442548,0.933513631447529,3173.24355627581,45.560780053124,520.798371197789,7.11599675678279,1.0000354,0.907976522273283,150,
4332,43.9073183945077,31.3893699676378,22.1369733042991,633.468769336258,10.988606204059,49.3977808197586,88.2316346732904,72.9758630003486,43.9605957065177,7.50161898488698,7.37330693028684,-1.33311356045534,0.286099802692033,2978.56594149662,40.8157686532928,465.608325936762,7.10049633333387,1.0000354,0.608536863321306,150,
4333,42.0978027696905,30.4187371782687,21.7863843498266,651.878470012968,10.8115644548129,47.5550178742367,86.5089368007338,77.1633246863297,48.8482946896587,7.47263510423573,7.32626792239664,-1.43917040971871,-0.0143518229444743,2938.4198608515,38.0805243008414,448.719620379663,7.07648972806942,1.0000354,0.540732049880059,150,
4334,55.8887777352584,45.5647870687302,37.9340113586876,1526.85333716772,26.3338718596615,48.8497485782804,90.2169880681599,121.541859894319,56.9887419998562,7.58970058553893,7.25582839782699,-1.62908485557167,-0.22003257657075,4091.3657270475,33.6621944950075,568.555089111321,7.0746533547532,1.0000354,0.870683246786532,150,
4335,49.5700770292394,37.4407120603157,28.4755292571982,775.33474716442,16.0570639099926,91.309329135812,98.3735834253077,85.8889016996393,60.713440898113,7.50656664134424,7.22151555666404,-1.171446541009,0.242573686659682,3396.79967289349,39.5487613146153,435.503242304143,7.16511910959747,1.0000354,0.983032954879326,150,
4336,46.3732456738435,34.4956249992395,25.7165140658365,1521.31512235907,27.5821919471732,59.0665730834623,94.2103131139561,85.917581456544,80.5392497476751,7.59824917896067,7.08995288278198,-1.24279290337067,0.0929647538348841,3327.40999247411,38.7279289764117,413.825091596446,7.13514471794967,1.0000354,0.953166064722659,150,
4337,46.6146585815398,34.8441709678865,26.1442453404036,1646.36826278459,30.1462565361392,55.0678327779349,93.7872115757375,87.6694481225372,84.1136570118144,7.64192739331003,7.05882787167273,-1.27511438910704,0.0648543110268798,3364.63182944808,38.37861309159,408.338426481517,7.1602342463214,1.0000354,0.956638457656123,150,
4338,49.5437334727808,37.9588841703567,29.396169468565,0,25.9088725934138,79.6453936614596,94.1956395798459,88.2593891710026,88.2805554778903,7.17803465166076,7.02123661816216,-1.28471111344607,0.0775085369317972,3333.85055443917,37.7733245805704,403.793759473052,7.13273799983684,1.0000354,0.976793992051477,150,
4339,65.4444604986807,55.6619372518771,48.4313765911963,0,13.8658697163251,29.4397247269542,32.6315833684905,138.518757453092,133.635388969499,6.83704613364059,6.82062919968678,-1.67088332555148,-0.149546079847882,4418.29080933226,31.8966968125487,831.459152981266,6.86916837131059,0.879646889936571,0.483581978506225,150,
4340,24.6093300481682,23.1384854173354,22.0513393858504,0,0,16.250587786974,11.5146976387038,202,144.575756904303,6.86829454308173,6.76782202171549,0.660891786218747,4.76079588804759,968.752844333908,4.79580616006885,337.899291625538,6.69030929703827,0.160043777185456,0,150,
4341,1.66499770272201E-08,1.66499770272201E-08,1.66499770272201E-08,0,0,1.26888066670629,5.37584480715015,0,0.945436749545611,8.97859862608479,8.9495837292579,-0.00102734648122382,3.47400698885671,0,0,2.71564726971725E-07,6.67970355004657,0,0,150,
4342,1.59281148616884E-13,1.59281148616884E-13,1.59281148616884E-13,0,0,0.210048175474011,8.46801788966306,0,0.00618654266164897,11.1621329095711,11.1339189173098,-0.000471034651912561,3.45544607091122,0,0,2.6134903029501E-12,6.67849812898003,0,0,150,
4343,1.59281148616884E-13,1.59281148616884E-13,1.59281148616884E-13,0,0,0.0345596291927504,12.6718370498775,0,4.16532969125433E-05,13.3341691269455,13.3059603793362,0.538340723797179,3.4486178907902,0,0,0,6.67685284139329,0,0,150,
4344,1.59281148616884E-13,1.59281148616884E-13,1.59281148616884E-13,0,0,0.00207267441344565,2.18666219098525,0,2.80426353251732E-07,15.5063572361048,15.4781485238074,4.12657876669442E-05,3.44610594370313,0,0,2.64436789649388E-12,6.67504317843356,0,0,150,
4345,1.59281148616884E-13,1.59281148616884E-13,1.59281148616884E-13,0,0,0.00043563888450061,5.8039564760917,0,1.88835829838314E-09,17.6783536690922,17.6501449570325,-1.77566334760293E-05,3.44518185001252,0,0,2.65967897742233E-12,6.67330550800729,0,0,150,
4346,1.59281148616884E-13,1.59281148616884E-13,1.59281148616884E-13,0,0,8.45515816152093E-05,12.3893411409728,0,1.27165581251064E-11,19.8503109003753,19.8221021883172,-1.07298547864509E-05,3.444841894942,0,0,2.67465442342743E-12,6.67161255274791,0,0,150,
4347,1.59281148616884E-13,1.59281148616884E-13,1.59281148616884E-13,0,0,6.29980129758514E-06,3.4662200123938,0,8.56248572462864E-14,22.0223779312423,21.9941692191843,0.00316070989503281,3.44471683246063,0,0,2.68925313787307E-12,6.66991039161508,0,0,150,
4348,1.59281148616884E-13,1.59281148616884E-13,1.59281148616884E-13,0,0,1.32483897704637E-06,9.01351337176054,0,5.76883864980471E-16,24.1939284582593,24.1657197462012,-9.50083946626989E-07,3.44467082454488,0,0,2.70355563448847E-12,6.6684327024592,0,0,150,
4349,1.59281148616884E-13,1.59281148616884E-13,1.59281148616884E-13,0,0,1.98872353589091E-07,11.1784268347954,0,3.88710758861903E-18,26.3653797104106,26.3371709983525,-3.95114290174803E-07,3.44465389917854,0,0,2.7175403449203E-12,6.66703024002652,0,0,150,
4350,1.59281148616884E-13,1.59281148616884E-13,1.59281148616884E-13,0,0,1.20483785723101E-08,1.94436007620867,0,2.61997588336266E-20,28.5365658361259,28.5083571240678,0.101042811648623,3.44464767268423,0,0,2.73119665620624E-12,6.66574532258869,0,0,150,
4351,1.59281148616884E-13,1.59281148616884E-13,1.59281148616884E-13,0,0,3.26633576676659E-09,8.9330430353262,0,1.76580697398427E-22,30.7078015584871,30.679592846429,1.16768198843431E-05,3.44464538208499,0,0,2.74457453117987E-12,6.6644956930639,0,0,150,
4352,1.59281148616884E-13,1.59281148616884E-13,1.59281148616884E-13,0,0,6.31939475237173E-10,18.2580773224526,0,1.19018586280573E-24,32.8789860296924,32.8507773176344,0.192089779338427,3.44464453942062,0,0,0,6.66329317371547,0,0,150,
4353,1.59281148616884E-13,1.59281148616884E-13,1.59281148616884E-13,0,0,7.71262522232806E-11,14.9857695995521,0,8.02257070623243E-27,35.0501160880219,35.0219073759639,1.0170993288483E-05,3.44464422942172,0,0,2.77047297382323E-12,6.66215121696205,0,0,150,
4354,1.59281148616884E-13,1.59281148616884E-13,1.59281148616884E-13,0,0,7.15715402972103E-12,6.89914970703432,0,5.4070853292394E-29,37.2213443388465,37.1931356267884,0.00593928653430575,3.4446441153795,0,0,2.78301879263435E-12,6.66100350143937,0,0,150,
4355,1.59281148616884E-13,1.59281148616884E-13,1.59281148616884E-13,0,0,1.61787848164719E-12,19.4573736912077,0,3.64343685191499E-31,39.3927758823702,39.3645671703121,0.00175563057407224,3.44464407342571,0,0,0,6.65983138336753,0,0,150,
4356,1.59281148616884E-13,1.59281148616884E-13,1.59281148616884E-13,0,0,8.84469921031893E-14,2.92068672088877,0,2.4553128113266E-33,41.5641123065257,41.5359035944676,0.0412347883673889,3.44464405799177,0,0,2.80737323001528E-12,6.65871216900001,0,0,150,
4357,1.59281148616884E-13,1.59281148616884E-13,1.59281148616884E-13,0,0,1.96534760170835E-14,8.6175548119511,0,1.65444854705052E-35,43.7355470263844,43.7073383143264,3.14716168681173E-08,3.44464405231394,0,0,2.81919348882963E-12,6.6575984666367,0,0,150,
4358,1.59281148616884E-13,1.59281148616884E-13,1.59281148616884E-13,0,0,4.28076184778634E-15,22.0143614815697,0,1.11491577235221E-37,45.9068970287235,45.8786883166654,0.133155601961254,3.44464405022519,0,0,0,6.6565326417124,0,0,150,
4359,1.59281148616884E-13,1.59281148616884E-13,1.59281148616884E-13,0,0,4.89759242311707E-16,16.1195805490147,0,7.51393564575471E-40,48.0781737955193,48.0499650834612,1.34067046859698E-05,3.44464404945678,0,0,2.84214017507245E-12,6.65551880649723,0,0,150,
4360,1.59281148616884E-13,1.59281148616884E-13,1.59281148616884E-13,0,0,4.0820015779938E-17,5.9395225868246,0,5.06377027683662E-42,50.249488337784,50.2212796257259,0.00350340659041581,3.44464404917409,0,0,2.85328772857271E-12,6.65451083002403,0,0,150,
