4320,117.791066933365,95.6116773525274,79.2182154884302,486.073186778425,11.384758068089,90.5331561336574,97.7321424090211,72.5414636758217,44.9193946732296,7.46508647964494,7.40408145827765,3.39422303604623,7.4168450395664,5246.02946100183,72.3176676506783,796.462332076022,7.05917225632251,1.0000354,1,0,
4321,117.713044768927,95.4093458899395,78.924003240253,490.325481992431,11.4828111655224,88.90708237463,97.5513008318949,72.3561460357968,44.9300750414677,7.4650118785144,7.4038259825401,3.32392576160309,7.39412987633967,5261.95514176942,72.7229880260092,801.311187793894,7.0589881120621,1.0000354,1,75,
4322,116.926810945347,94.8310638615105,78.4994247125875,483.809820737772,11.4375682349349,89.692720463601,97.6615301220829,72.4013559112414,44.9243506272309,7.46480178269391,7.40373532546839,3.14532849085854,7.31762232830838,5216.15167718691,72.0449446220526,797.266152762059,7.05976168259427,1.0000354,1,75,
4323,116.730728662522,94.5894140754821,78.2240945981044,492.50464771656,11.5881214527695,87.4180524238222,97.3955196807205,72.736916839056,44.8707479943049,7.46510012468812,7.40411270952275,2.96826383754961,7.20854768369527,5251.13414045584,72.1935210984397,798.425283885818,7.05988707287352,1.0000354,1,75,
4324,116.426049832893,94.6337337195468,78.5263696357694,490.774450554238,11.6021764232593,86.8877167533654,97.3536271180849,73.1164576113225,44.8370417759457,7.46693483995127,7.40430251019732,2.75504461550893,7.05011280556372,5195.3325777609,71.05558375624,796.11245830077,7.06137352943318,1.0000354,1,75,
4325,115.651458746125,94.2400522074077,78.4142299831387,490.808459043637,11.6376774096217,86.2974649169538,97.2969407977757,73.6005225009099,44.7721362355813,7.46775821950871,7.40479756129328,2.52663135791084,6.86562507980046,5138.31727028756,69.8135977258047,790.766069530446,7.06252250378589,1.0000354,1,75,
4326,115.62052864067,94.4041384204543,78.7224586924692,501.236182039462,11.8007087789016,84.0540446469059,97.0168683626231,74.2099535287446,44.6962857558359,7.46934250973283,7.40540150242033,2.28566927529047,6.65721806625298,5133.6762379504,69.1777314745509,800.010624050475,7.06379723337716,1.0000354,1,75,
4327,115.499268338688,94.5979591315147,79.1491653696913,503.501251378883,11.8600679765042,83.1402255168501,96.9125978923585,75.0178456741581,44.5962050882308,7.4707421338137,7.40624306207617,2.09948416779978,6.48514121445003,5112.49504328738,68.1503847163731,794.89822603448,7.06621160280985,1.0000354,1,75,
4328,115.933729146838,95.3961516302117,80.2162030309664,502.222649804752,11.8764820217379,82.6357669690831,96.8698069542213,75.6565043104667,44.4733444671387,7.47265338469138,7.40730996701304,1.88228584623866,6.30190049607024,5066.2930638264,66.9644085462393,797.86279670967,7.06800413580962,1.0000354,1,75,
4329,115.660064949263,95.5395818024132,80.6679203460458,499.583992181085,11.8763607991002,82.4969081199804,96.8746571484449,76.2256379227267,44.4001429281284,7.47379138041278,7.40789450703588,1.65596015508496,6.10725217235161,5000.74022148855,65.6044391069318,802.837380732509,7.07057616384376,1.0000354,1,75,
4330,115.217364718986,95.5387927599367,80.993761311944,500.322918286905,11.9153067246373,81.8878061226116,96.810570544941,76.8219281802675,44.3365322876018,7.47497601752213,7.40838576671386,1.42766773597692,5.90381221869527,4929.1678184352,64.1635524543018,799.518247713066,7.07212175055935,1.0000354,1,75,
4331,114.716097708665,95.4960511479768,81.2899297770333,503.191542995764,11.977217786996,80.9297215453388,96.6956231433131,77.4622601789907,44.279868204868,7.47655030759974,7.40880937501796,1.19960147557198,5.69440327328236,4854.44317515554,62.668493843821,796.181091035936,7.07358066520385,1.0000354,1,75,
4332,114.66734072385,95.7122026632056,81.7018832270768,505.767900395023,12.0338184524769,80.0939351820461,96.5893244338456,78.1370585700287,44.1729481188653,7.47718328457557,7.40972732045843,0.973072067066936,5.47521121715716,4829.24047704421,61.8047385635345,804.295595078906,7.07575199735191,1.0000354,1,75,
4333,114.235114205772,95.8165253798672,82.202785812894,517.565764499592,12.1924050034311,77.6997949394909,96.2497382630908,78.7941012561047,44.1545544424989,7.48093041480057,7.40977741211995,0.754283602213284,5.25200855640014,4732.00157810285,60.0552770152478,811.376027646506,7.07783330526345,1.0000354,1,75,
4334,113.222924981271,95.055398760903,81.6272272067178,518.836764527323,12.2355444774499,76.9614895193612,96.1635826674141,79.5398199442286,44.1068434059907,7.48324622620369,7.41011681023816,0.547476406181904,5.04314301695785,4711.67385731511,59.2366673776584,807.020483304228,7.0812172869936,1.0000354,1,75,
4335,109.747900816018,92.1069706127065,79.0680222015636,543.709523941168,12.5430671722103,73.2835370697884,95.5326830983083,80.5015086378664,44.1854967897142,7.48612744652747,7.40921576138249,0.251723036052683,4.66792438703049,4630.41933300017,57.5196590889988,796.970431972786,7.08413174006976,1.0000354,1,75,
4336,102.511530803544,85.3972816330574,72.7476192026981,593.407377059276,13.1400452404693,66.0436361453133,94.0164082347728,83.0330197463849,44.1825668392562,7.49551640520346,7.40912166826123,-0.0399971217730362,3.95823435780809,4633.43958899505,55.802373599652,789.853564928859,7.08984774850774,1.0000354,1,75,
4337,96.5211355518459,80.5323621253498,68.7145730709831,611.149166947205,13.3746837388694,63.0018466984385,93.2885065842234,88.2248634236882,44.0143796040197,7.50211563669717,7.41066850346434,-0.240751331622714,3.22657275578361,4599.397710472,52.1326702245376,790.724349810243,7.09756208106543,1.0000354,1,75,
4338,96.2637705868801,80.9120792460349,69.5651769506275,615.916794787981,13.4554932272375,62.5020961660261,93.1677143035946,93.9440993817595,44.0806295421865,7.50240053139898,7.40992163076672,-0.405319839494997,2.89618844595003,4702.41072187267,50.0554133023676,785.919592536682,7.10105551669881,1.0000354,1,75,
4339,96.1347037277436,81.2897209075602,70.3173423013376,621.984785972867,13.5477046142333,62.2772819412092,93.0870482918867,98.5878203644418,44.432461852766,7.50024166093954,7.40638740162445,-0.562339636211143,2.67995810554186,4771.97089445855,48.4032497809403,789.890771071315,7.10178233505712,1.0000354,1,75,
4340,91.7848640831913,77.8177389953252,67.4942117564677,638.765336393207,13.7644395140148,60.8447627451398,92.6252612711759,101.996430622224,45.2426813102898,7.49851612953237,7.39846990704479,-0.838329753450942,2.19104603474263,4645.01176363189,45.5409246705522,772.100127975586,7.1000424396676,1.0000354,1,75,
4341,73.9327653790047,60.0709760655388,49.8253057034119,678.216065067524,14.2229940525249,57.2154869138428,91.4954386534117,86.876463294145,46.5553318945516,7.50605383052897,7.38599279672012,-0.877979284485467,1.54356143042832,3926.59625498477,45.1974689817904,721.826675656742,7.09780589727368,1.0000354,0.995209516056249,75,
4342,52.7353414770268,38.9201582214266,28.7089358151134,665.115834903991,12.969030592404,54.1961337354208,90.5150767121911,73.1688755730515,47.3181742361769,7.51677193584327,7.37877251952965,-0.825232793837003,0.906899366957467,3295.92903938099,45.045506215144,575.782423655441,7.09191543475418,1.0000354,0.849952906316935,75,
4343,51.094700493927,37.8807373633429,28.1138950494329,695.445198408235,13.1549656977116,53.2281337611508,89.8580961311561,74.9027937515782,49.9976911063867,7.50408732962574,7.35401878999689,-0.965425986390074,0.689279036422619,3227.20035684635,43.0851800741859,567.457243099639,7.08331608403044,1.0000354,0.820305154825654,75,
4344,53.0568675313538,40.64646947403,31.473566562095,979.222454190959,17.1796104745189,50.8549139608162,89.326385543239,84.5098230327854,54.1027851461242,7.52940330166835,7.31772873240237,-1.18074105982504,0.438348041046433,3419.69777242132,40.4650921005321,597.242060987472,7.07921460984597,1.0000354,0.854640196059791,75,
4345,68.489414820805,57.7542465375797,49.819556936935,1583.66133537882,27.2067967124438,53.7356794585229,93.089890991472,122.98971378677,54.8852173702918,7.66319942252337,7.30759834834127,-1.48365253537271,0.207179516088717,4304.99319537698,35.0028718892756,624.892521171644,7.1485815697477,1.0000354,0.976200438562199,75,
4346,84.3719390164119,74.4362440546473,67.0924695176908,1771.78020296542,30.6852984309396,74.6704247537984,97.6738836824472,147.77222329542,51.5349527328709,7.71947605018566,7.32893546643348,-1.52003064511731,0.388921512393267,4787.24747629637,32.3961253985191,599.622832426663,7.23009530565533,1.0000354,0.997359076704655,75,
4347,93.0784404308641,83.0244727897738,75.5932793159245,1811.82862988164,31.5223465569287,82.2944972408792,98.4266051019701,153.619297998152,48.4939705363409,7.73321058212854,7.34743535905696,-1.46720581026271,0.695882674423478,5035.91140337789,32.7817628969927,607.665041737012,7.28322849126314,1.0000354,0.999681497915229,75,
4348,56.9758171789476,43.8539538710387,34.155185339106,655.025979722315,13.9188034307183,78.6675375462705,96.4085280514084,78.7746197425556,52.8695078887559,7.4502663916285,7.30162640172035,-0.903971031283719,0.73722895645338,3370.36275207064,42.7848812610631,524.364160364865,7.20704712743191,1.0000354,0.962975096520648,75,
4349,53.5520866895727,40.7401983436628,31.2705417401641,1282.80871899421,22.6740234739066,58.0411742836896,92.8929256773836,78.3765171154448,71.661550255932,7.55130609651646,7.16059963126308,-1.05082893979409,0.569579752127846,3274.11498372117,41.7741831893163,496.183141563711,7.1361159048567,1.0000354,0.964441982559569,75,
4350,51.495654479589,39.1251773597709,29.9817812277314,1456.89956483217,25.5301856494885,54.2650000838568,92.6363029620528,79.0925472705864,76.4246480858907,7.60993005504926,7.12182195805281,-1.10129072397116,0.419619887201932,3190.19209680913,40.3349267016909,470.951963661246,7.15162092086374,1.0000354,0.969060815865202,75,
4351,51.5891094011317,39.3401202592039,30.2865195890834,1463.41665665784,25.7723605624916,59.0329197646243,94.1457540622496,79.3167455424326,77.2197517759144,7.61019622625355,7.10423239050119,-1.09700093532095,0.394312421856017,3167.81607041188,39.9388054659551,458.875110221261,7.16461079376513,1.0000354,0.969399652481836,75,
4352,54.2945714105126,42.0921300270624,33.0729342219035,0,24.0611172140316,77.8287128574328,92.3676252706598,79.2274253225213,84.5957469849871,7.11551038971587,7.04907848079005,-1.08938921253043,0.428369408191055,3152.22416910396,39.7870327891105,472.849600713829,7.08158276381918,1.0000354,0.99014411059461,75,
4353,71.73638680272,61.4733395617862,53.8876089924004,0,12.6599975695604,28.3587665468277,31.0510201050538,128.976276467649,125.772348782365,6.87409299048301,6.85913035775484,-1.52372512220254,0.281877980437069,4315.99551211243,33.4634835980475,963.908492015678,6.79991879842023,0.86606720200256,0.446219012374747,75,
4353.67954446168,16.6287786468812,16.1016677893094,15.7120641119738,0,0,20.1549676791169,15.1498195396516,202,148.335654901693,6.81868123618772,6.77574047788999,2.36111560570595,6.09944431355705,347.17476737347,1.7186869671954,201.439367763707,6.64287427315267,0.120823134071081,9.15180758997991E-05,75,
