4320,114.862923044286,93.0230596741572,76.8805519658014,509.124695788331,11.6502463763561,90.856925474781,97.7203574777128,72.5981887115137,42.9317468795835,7.45265966545694,7.384625057494,3.37472632960807,7.37657136687665,5169.7616934009,71.2106153769785,755.247910924675,7.08089642745795,1.0000354,1,0,
4321,115.095188545148,93.1497807352693,76.9292619192722,503.988556558288,11.6697726145206,90.8554680346655,97.7452514745012,72.4973428798714,42.9365278528808,7.45149662612033,7.38430503348159,3.21912400924951,7.33849879536728,5187.52934952125,71.554751435746,766.596445626506,7.08097470965531,1.0000354,1,150,
4322,114.250870863893,92.6156018420821,76.6243160433525,500.873568207766,11.7093202207171,90.1911349061235,97.6952492258091,72.638983689152,42.9665052588067,7.4513272488994,7.38373845561552,2.8520212070495,7.20589906011235,5124.20954025671,70.5435191960425,760.53617888196,7.08127510140223,1.0000354,1,150,
4323,112.85094346692,91.696692825395,76.0609423512241,514.307578148453,11.9404680196163,85.7487725353873,97.1707168690863,73.1375094605948,42.9537424509587,7.45318782521353,7.38361060071476,2.33922863212522,6.86299382591419,5044.66852263481,68.9751204250781,764.699153213773,7.08189984824685,1.0000354,1,150,
4324,110.5483193116,90.1875447422767,75.1382765823421,534.660700710299,12.2273574910559,80.6556174774992,96.4893034994555,74.301294562349,42.8407957372509,7.45819528812438,7.384500391763,1.7664379823032,6.22855737227577,4932.70902666985,66.3879284435701,760.591994119796,7.08558093441782,1.0000354,1,150,
4325,110.728802488352,90.8872978901262,76.2218379696988,538.140561213072,12.3359340291327,78.6685585116774,96.2408513071642,76.1849563907648,42.5604060551009,7.46250898789432,7.38709986087037,1.41368365084471,5.81769613061314,4928.77107375239,64.6948073117209,765.583490393671,7.09056725704294,1.0000354,1,150,
4326,111.16185038255,92.2209219482798,78.2211052794712,537.631953036489,12.4015605557995,77.5619475714743,96.1214501691924,77.8371087825278,42.3771145603308,7.46534595497388,7.38872527418723,0.967727886972972,5.39831016576669,4807.09583954271,61.7584069440895,765.139386054057,7.09568017092731,1.0000354,1,150,
4327,110.354475343623,92.3825780831779,79.0990018471967,535.549802003946,12.4498859128636,76.7425549203951,96.0511315146015,79.3347490459831,42.2842002700646,7.4682860091414,7.38943196111315,0.520962058530038,4.97617298921168,4648.92137484467,58.5988035602169,766.850250685568,7.10031120995679,1.0000354,1,150,
4328,108.999061850552,91.8178569814431,79.1187055564496,542.012025129024,12.5959995407019,74.9001225290004,95.7901729735773,80.7611516266669,42.2682752010851,7.47099731152547,7.38935142691847,0.172761154297655,4.65552308779266,4524.29527715692,56.0206879920596,766.154397502435,7.10404273970084,1.0000354,1,150,
4329,98.9292324967865,82.5749328559458,70.4869722518461,608.230118049107,13.4450870794583,65.2194069839419,93.7546921165669,83.0882660867827,42.61324247368,7.47976085787729,7.38558561297971,-0.435718286540456,3.71901918651726,4430.6400440834,53.3244975825558,760.815196701334,7.10939969773927,1.0000354,1,150,
4330,83.6340279506662,68.6743803559708,57.6172495251089,656.698002308255,14.1100714232958,58.175945027896,91.7854854615719,89.3111192407278,42.8181651925168,7.49193961158891,7.38328849134149,-0.82075683724267,2.35753423517414,4356.33948582097,48.7771234181823,744.512519469949,7.11879300659759,1.0000354,0.999901897743399,150,
4331,47.6746854405517,33.6114956947692,23.2169641435387,653.418837451007,13.2435960826306,54.7520675429759,90.8063165404596,67.2508174539711,43.6798908193955,7.50643870264125,7.37444515986881,-1.01326185234921,0.948622173531378,3083.7291481603,45.8541511450165,513.886744027171,7.12020661142714,1.0000354,0.882870062837618,150,
4332,43.9265361760362,31.3804658844113,22.1072834949493,666.088760697316,11.6027220796721,49.0963864267152,87.9296420414715,71.5926349103683,45.2896303940183,7.49644788441046,7.35824130791496,-1.30272087932792,0.344913489985353,2928.67300889463,40.9074622349244,485.882949642546,7.10711836513197,1.0000354,0.634815002843825,150,
4333,41.9737764095782,30.3153637330405,21.698276102556,666.167214244891,11.3184292367139,49.4141969133653,87.501028959202,75.3236733994267,50.5260897453546,7.46724716892352,7.30897481998496,-1.38515633050306,0.0121079597001663,2863.29264335303,38.0131838256154,465.511912407351,7.08970685719376,1.0000354,0.583837785130537,150,
4334,64.1369791910853,54.189756469497,46.83746141441,1803.48666932142,31.9318406329437,51.2346888232216,92.6971408183722,134.505305846819,56.719038398223,7.66969752850122,7.25427884044375,-1.64031699810033,-0.129417056760715,4362.50643009254,32.4337125783035,582.444056943971,7.12380719825196,1.0000354,0.957944291540652,150,
4335,46.1209559108228,34.1169644690971,25.2444490556476,1005.6827836386,19.0877984049331,71.1380501862501,95.772633508263,78.655285858713,63.6672980564191,7.50516471880605,7.1965233460425,-1.21258641396029,0.152714254928518,3078.56560244482,39.1399709356443,449.958279132204,7.15808836436186,1.0000354,0.950037669107645,150,
4336,44.5193108282147,32.6683438347678,23.908933448307,1506.28544196444,27.2874702854785,55.2733210544062,93.5284953038292,78.5787325670219,79.7809568561428,7.62547790138736,7.08840009495407,-1.22901952071926,0.0879502747628158,3036.36257506348,38.6410225244304,419.867060901079,7.1609641812817,1.0000354,0.946263647171945,150,
4337,47.3819640680699,35.6973949977598,27.0609743805741,0,19.0615851673462,75.7535651545813,91.4858102153094,79.8047108170411,89.5357408157091,7.08557616942802,7.02390981142143,-1.24084112315373,0.0771160562255071,3040.43728774493,38.09846883244,437.148028544811,7.09519692230343,1.0000354,0.973569840250338,150,
4338,66.3378222666745,56.3432434439017,48.9559460531567,0,11.9056274273053,28.9290331977633,31.4335391496975,133.004390140231,132.283646911249,6.83710451290297,6.83529638884142,-1.65038257552577,-0.0730939895139109,4334.36314891066,32.588120920977,877.972183202854,6.83755189408539,0.858319858230366,0.419624029904333,150,
4339,46.929820478046,43.8798491822333,41.6255225722847,0,0,15.1286987440626,9.3403589754743,202,145.053639550462,6.8440643115216,6.77227611090205,0.154327964422915,5.27310371320911,2008.82425377759,9.94467452365145,685.990600634153,6.65376344397695,0.237647542519026,0,150,
4340,5.00596757930574E-09,5.00596757930574E-09,5.00596757930574E-09,0,0,1.00654615132416,9.11608718699333,0,0.274071737102779,9.5052636586989,9.49361339426692,0.46071668725469,5.37717471103544,0,0,0,6.65506988425574,0,0,150,
4341,1.59281148616884E-13,1.59281148616884E-13,1.59281148616884E-13,0,0,0.147244371371005,10.7850619642854,0,0.00183009466436379,11.6807967213964,11.6692434349049,0.866809058037367,5.37595571605047,0,0,0,6.65403736026568,0,0,150,
4342,1.59281148616884E-13,1.59281148616884E-13,1.59281148616884E-13,0,0,0.0038545619734256,0.275877241554603,0,1.23199728706164E-05,13.8530266011726,13.8414739622818,-0.000173183714214264,5.37412623029455,0,0,2.71464907194353E-12,6.65244536473796,0,0,150,
4342.18526029317,1.59281148616884E-13,1.59281148616884E-13,1.59281148616884E-13,0,0,0.00406808527182839,0.72895067396611,0,4.87880665868678E-06,14.2553311741844,14.2437785379445,-0.000143798465453759,5.37014680587849,0,0,2.71724545527773E-12,6.65217399067441,0,0,150,
