4320,120.22751277546,98.5243028696913,82.4827998958626,504.776646507012,11.5924629054954,91.3693633095726,97.790562264696,74.0182657729133,43.2641116842197,7.45584002151082,7.38929706455893,3.34969934373069,7.48938385142996,5237.9059721765,70.7650458637642,780.038848090267,7.06711484850218,1.0000354,1,0,
4321,121.719525344818,100.183636017246,84.2658047751277,502.167798966223,11.6011377778312,91.6183962237666,97.8323524838931,74.3363303605864,43.2923757453768,7.45544609174601,7.38887031530409,3.25326505532761,7.49652105002033,5219.85874412462,70.2194837814084,786.484030433024,7.06777255919283,1.0000354,1,75,
4322,120.60674892059,99.1891117904076,83.3586843463594,500.245917149727,11.6152790011364,91.6680722928846,97.84845603712,74.2255005592487,43.3354134354619,7.45479207051619,7.38830075566795,3.0752549470845,7.45163974781623,5183.45715332902,69.8339130659206,782.196811080343,7.06775619916492,1.0000354,1,75,
4323,120.498148285413,99.0517709746795,83.200100788485,504.843714730951,11.7079861225581,89.4228652861747,97.6003688407814,74.3149475977432,43.3499352741326,7.45557286901132,7.38802108111092,2.86710158830998,7.33870813892333,5196.66761773647,69.9276227154909,783.647358090508,7.06792778725259,1.0000354,1,75,
4324,120.394057203705,99.3524637558785,83.799981642268,514.68907686743,11.8585140828175,86.3823676752121,97.2362328839593,74.6294693475498,43.2667619185681,7.45758112803073,7.38872494278826,2.62979577907325,7.15664735323889,5120.16315970312,68.6077926650999,783.542982412229,7.06940854814375,1.0000354,1,75,
4325,119.33858140228,98.383019336721,82.8941256360905,510.614496821897,11.8432634301879,86.4512767269773,97.2652023215023,74.8897524241837,43.2030687819304,7.45827140974627,7.38923672556795,2.42052848105635,6.99198108144829,5117.01311938762,68.3272804856438,783.350627151356,7.07065029778056,1.0000354,1,75,
4326,119.106202577699,98.7000798781944,83.6172935350819,519.420562330522,11.9728649864171,84.0743266891314,96.9666152928463,75.6205522995654,43.1013501697821,7.4605905941111,7.39013468831533,2.160097700149,6.73840670186198,5031.47316001753,66.535789636734,781.156275864153,7.0725468682953,1.0000354,1,75,
4327,118.282148758279,98.0748518298921,83.1390236654323,516.08564411137,11.9657734894653,83.9534691663858,96.975475770656,76.1236542579969,43.0341222387945,7.4620227937469,7.3906884744271,1.94003579919037,6.53143339510752,5015.59744969526,65.887502361572,782.941568999245,7.07438048846782,1.0000354,1,75,
4328,117.996232921605,98.4112931395736,83.9354680832895,521.823657776991,12.0554891729231,82.2029369585903,96.7530656499654,76.974780823085,42.9147630001887,7.46463162551734,7.39177204452163,1.68167028209698,6.25515329146005,4915.47535769527,63.8582572777018,779.131340719422,7.0768434114407,1.0000354,1,75,
4329,117.176683531849,97.8250318840927,83.5216371879247,516.621509582451,12.0279920955029,82.4992602253019,96.8202720371872,77.5551534093989,42.8457036838142,7.46543748778878,7.39234973747896,1.46295212440025,6.02678884949359,4893.54425875119,63.0976027204678,779.911312243152,7.07894485767615,1.0000354,1,75,
4330,116.815624334816,98.029379896343,84.143894876602,520.333520615361,12.095925742894,81.2814810964396,96.6659829997891,78.1972091626997,42.7575596544367,7.46718031991566,7.39312340699484,1.24974313501405,5.77995101588465,4789.89556018963,61.2540474459084,778.729457322652,7.08054016124257,1.0000354,1,75,
4331,115.99378905313,97.4447433179495,83.7345790789027,514.95167830208,12.0657254472069,81.6936049253248,96.7495861457182,79.0622578718185,42.7026734150668,7.46767651781263,7.39356073625097,1.01943682923505,5.55588309444097,4781.73612723534,60.4806421666813,780.213499780958,7.08226773699416,1.0000354,1,75,
4332,115.430833658262,97.489731813608,84.2289174066897,527.112534000334,12.2264190311272,79.1676264307482,96.3939059588868,79.6964225138811,42.6431268628069,7.47072094150667,7.39404689299177,0.792941659953006,5.29699936669541,4662.11261720246,58.4983926523231,777.274327512811,7.08398177021779,1.0000354,1,75,
4333,114.253591857813,96.811160633247,83.918928858568,532.556204881771,12.3152666428432,77.8662435869194,96.2080593837446,80.5951415398317,42.5196812254984,7.47226356695506,7.3951853513949,0.535522402481356,4.9861863446947,4583.64213764969,56.872437346417,777.477321722011,7.08649169796373,1.0000354,1,75,
4334,113.205261621544,96.2702106560175,83.7529990728025,539.530786994866,12.4222020927488,76.2487046605284,95.9725614101424,81.6191082025194,42.427091132162,7.47542062421781,7.39601154793255,0.31363556494516,4.70181403999783,4506.85073751028,55.2180835684648,776.754572042349,7.08926448727777,1.0000354,1,75,
4335,111.804225863209,95.2147311243403,82.9529306651768,542.290161705356,12.4830889281126,75.3050730604199,95.8416886369261,82.5804875759194,42.3259989637618,7.47760871840768,7.39692771363531,0.14570694985357,4.48087518852499,4466.89170388179,54.0913699471101,783.906225166259,7.09244794537314,1.0000354,1,75,
4336,108.979576421059,92.5168273593048,80.3487084875733,557.627156954049,12.6854268460992,72.7766267307758,95.4148591615264,84.0187777006676,42.4008616766421,7.48173776548165,7.39604318164224,-0.0524433857763307,4.18430385177773,4509.96881877164,53.6781055639638,779.795739393253,7.09543613323034,1.0000354,1,75,
4337,102.218051878078,86.3949515217379,74.6996164757473,598.280731274036,13.1798173156811,66.9162037616519,94.1907532147978,86.8410664939415,42.3864694068075,7.48885760262319,7.39607946404494,-0.320892827270968,3.54103442533768,4480.34598396341,51.5924799734695,767.170746291195,7.10044268295634,1.0000354,1,75,
4338,96.7701906597489,81.6564762535788,70.485469953366,614.581243028306,13.3979603314516,64.303690958634,93.5874965367061,91.3968661727796,42.3671242014554,7.49404516735445,7.39617769456563,-0.488131959794156,2.96587744891322,4503.98917379809,49.2794705376835,764.328452922698,7.106097743756,1.0000354,1,75,
4339,92.3147180400279,78.2238399559444,67.8088431111871,619.002262658743,13.4755576870768,63.9125669602391,93.5043717946426,96.5637834281706,42.5450336208012,7.49432687233346,7.39427041568105,-0.692985256071081,2.41308753837,4436.56810210797,45.9444311790883,748.785354112427,7.10877195251317,1.0000354,1,75,
4340,86.8186433666248,73.3127368060142,63.3301102177368,620.662372569585,13.5179859473853,64.0789557343511,93.5661512432186,97.7918411555094,43.0994882240112,7.49385970988989,7.38857207440839,-0.8666900895746,1.95685016905289,4306.46761135949,44.0370848986401,727.562222093132,7.10856026333357,1.0000354,1,75,
4341,54.6166735090598,40.2649991129027,29.6572397766127,588.350641140659,12.9632443589816,65.4844577870563,94.0090742843773,71.2151280061349,44.3690927989876,7.49650692661651,7.37589988520104,-0.808183726962075,1.15900378895151,3332.49612969524,46.7947783427161,574.055776398448,7.10295831200421,1.0000354,0.974738731249489,75,
4342,49.5927353696933,36.111353637847,26.1468540969171,581.818888642309,11.6358316038908,57.643913924006,91.3848022799575,72.4464052773778,45.2152079363689,7.48684418583098,7.36758772642477,-0.889263018831103,0.736382149990101,3184.53531147958,43.9571197395765,542.126240761605,7.08652287536327,1.0000354,0.811332623076128,75,
4343,47.7880266755123,34.8402769789016,25.2702011161892,675.089868734415,12.4825146709984,53.1698228591518,89.5509427964411,73.790829877116,47.7392260301322,7.48896486499386,7.3435088496057,-1.04860090459899,0.541667731947555,3115.24000588068,42.2171699528043,528.49762031753,7.0748728328684,1.0000354,0.768952354213845,75,
4344,46.5573723604163,34.0871718259984,24.8700670831678,708.378797696309,12.7493706587675,52.6971772988869,89.126436811354,76.0058554735933,51.1625528421969,7.47816573752921,7.31211858661532,-1.1677898121092,0.35601321885063,3090.40438018246,40.6600828439614,520.10544885958,7.06791284086751,1.0000354,0.743975387288882,75,
4345,55.8120838390923,44.4331480972557,36.0226303750287,1283.66791737746,21.9823117894577,52.6576336707808,91.1867049659393,102.110088337502,55.0904733860234,7.57407469295463,7.27732878817474,-1.35883224165381,0.162627770719676,3788.48104375515,37.1019270028752,593.706057197611,7.08478113308669,1.0000354,0.912707501164485,75,
4346,72.3140943273062,62.1452016779183,54.6290636327185,1713.39667183399,29.554797710897,65.3738519022022,96.1645336723325,136.778622368179,53.3742487988198,7.68224792723226,7.28650620058265,-1.5044100229386,0.152565467130374,4535.09834733207,33.1564850472361,581.901545595069,7.16875572945222,1.0000354,0.992201582070886,75,
4347,83.486335431802,73.428656640625,65.9947201427984,1831.39225678343,31.7873367702787,78.3254971847211,98.0433092667028,150.792649512238,49.999992945097,7.71729825337288,7.30842687247268,-1.49013390885335,0.409377436583003,4945.07354947659,32.7938633976669,581.916442218988,7.24302213349132,1.0000354,0.998430215925831,75,
4348,53.6829179611982,40.4020040811004,30.5856764305934,564.650377055794,12.8227583810924,95.1789509381394,98.4289950686334,78.5862488591582,49.8420066008307,7.44846654716469,7.30242344098313,-0.86276295718737,0.687560722599483,3403.05792447938,43.3034783296288,492.35151304373,7.23254377665687,1.0000354,0.965985353198796,75,
4349,49.3335054814386,36.5711852829843,27.138166005866,1146.18819906155,20.3755927572579,61.9900543019341,93.6579930014382,78.2266138861338,65.1934226522392,7.52085856221295,7.17827726824002,-1.02772813019591,0.465133482150072,3255.20984334261,41.6125622934526,478.224467138363,7.14650182050115,1.0000354,0.933188965408561,75,
4350,48.2578380689205,35.7202171259558,26.4532799072428,1435.47687375712,24.9909598237815,55.1635525115939,92.7547334422167,79.4083350135319,73.3863571892481,7.59668669125877,7.11769596632746,-1.09856988849652,0.378475820943839,3246.20578395698,40.8799124601189,455.198741567674,7.14757219680142,1.0000354,0.949892613972579,75,
4351,48.5772507091351,36.2658514020673,27.1661214794519,1472.71688388558,25.6996664566276,56.2226553105715,93.1902690957041,81.0343740621665,73.7353126916446,7.59883873560823,7.10450401963341,-1.1092026492262,0.314869988265263,3252.90605538744,40.1422987841177,456.365261427417,7.1606810822483,1.0000354,0.950470159395956,75,
4352,48.6553798153102,36.4049279046348,27.3502460576139,1500.32368162987,26.3032839522516,59.6205158169448,94.3131893404813,81.1625848153254,74.3122308144895,7.60588411139281,7.08793407717753,-1.08257123353653,0.303136584952452,3241.92378889945,39.9435749400541,442.299313133619,7.17074133144533,1.0000354,0.955875247133521,75,
4353,49.7435959996514,37.4266507614524,28.3228216723487,915.520544929794,28.8628259247023,63.328618634314,94.5943458376794,80.846285624954,73.6906112757889,7.55060812151586,7.07643779002661,-1.07024966259773,0.328138645852167,3246.81769252574,40.1603817346381,436.320002733787,7.17605357972706,1.0000354,0.961305834018239,75,
4354,51.1552363947683,38.9219804685614,29.8800086970172,0,15.601359109996,56.1014435405841,77.4510893050914,81.3295842392058,90.4322618928918,7.00415462168291,6.97040218358136,-1.07777365823889,0.379315651951621,3244.03428436129,39.8875060620004,555.486385289095,7.02409845396135,1.0000354,0.98594973748006,75,
4355,97.5029085681244,90.0520105744745,84.5448251009073,0,0,20.8163846404376,15.553684764199,201.095719691268,132.64698005373,6.791855047886,6.78346290673479,-1.61368990995161,1.42789911374122,4885.46904871654,24.2942468204542,1443.0354828578,6.73435182973818,0.627646075794619,0.159478287340341,75,
4356,1.06889357886352E-07,1.06889357886352E-07,1.06889357886352E-07,0,0,1.26086929042946,16.7445919090672,0,0.194200087287453,9.61835579832416,9.61661451399684,1.77417796052531,1.78548150620325,0,0,0,6.73317572520626,0,0,75,
4357,2.38921722925326E-13,2.38921722925326E-13,2.38921722925326E-13,0,0,0.167007983869409,16.134344580646,0,0.00130022416167935,11.7927253388901,11.7909944671542,0.824916224153893,1.77244585102546,0,0,0,6.7331800381459,0,0,75,
4358,1.59281148616884E-13,1.59281148616884E-13,1.59281148616884E-13,0,0,0.00688509690357682,1.23591037056173,0,8.75158666066483E-06,13.9650982014667,13.9633673994443,0.528119834979915,1.76765030148305,0,0,2.74617632235608E-12,6.73213341625959,0,0,75,
4359,1.59281148616884E-13,1.59281148616884E-13,1.59281148616884E-13,0,0,0.00157347917874634,4.01085101621587,0,5.8939600884965E-08,16.1369848873819,16.1352540858288,0.0078231960788715,1.7658861173973,0,0,2.7577149436495E-12,6.73090356394982,0,0,75,
4360,1.59281148616884E-13,1.59281148616884E-13,1.59281148616884E-13,0,0,0.000339726262659114,10.914343507091,0,3.96852522885771E-10,18.3090685671562,18.3073377656062,-1.43649658150835E-05,1.76523711034175,0,0,2.76905183653767E-12,6.72953764776006,0,0,75,
