4320,114.283820695192,91.9059654678314,75.3658116041301,498.634895919488,11.5516640618604,89.9840986677496,97.643954289634,71.6954356588064,43.5084491985774,7.45751638843517,7.39296791744957,3.63327673824317,7.66406384573317,5231.2417408167,72.9647807108923,765.448165538417,7.09418059647191,1.0000354,1,0,
4321,112.931584371319,90.294965423588,73.5635514187431,489.281695853604,11.5167610640388,91.4784427100806,97.842040918346,71.0079458927191,43.589642791577,7.45573633245302,7.3918901525444,3.48012806351835,7.63652308642217,5240.99000618139,73.8085004472546,763.860954111326,7.09354229739473,1.0000354,1,150,
4322,111.801085794092,89.5732124197413,73.1439147082649,490.684774269625,11.6155284320043,89.5546137645102,97.6451519694308,71.0364328126208,43.6012973209327,7.45556227257969,7.39151496313188,3.10378069157763,7.48659481309764,5148.41895313536,72.4757529240778,766.151258971306,7.09354195673167,1.0000354,1,150,
4323,109.820014421249,87.7574931730521,71.4504122504716,499.874131804825,11.8069683933718,86.2009062083709,97.261967262506,71.1821261891203,43.5981118359004,7.45713564253797,7.39129414305859,2.58368222458398,7.12156324400358,5120.6007891727,71.9366091365131,764.109747618684,7.09387393282027,1.0000354,1,150,
4324,104.140230295665,82.9139299435978,67.2249253355481,524.73507275337,12.1553529387482,80.0811082500148,96.4489884337992,71.2897837157654,43.492694589123,7.4637976316129,7.39209671822112,1.92632006647928,6.28776893451543,4933.96908549775,69.2100442493926,753.753889100995,7.09720403874971,1.0000354,1,150,
4325,100.579603101747,79.9767810771054,64.7486082762835,529.25924785357,12.2778847029913,77.5641176866268,96.1206899119989,72.3043053247788,43.0977387763335,7.46940633177516,7.39580940405827,1.50050707527226,5.62871131016628,4857.19669195955,67.1771434652727,749.495967972274,7.10289710380674,1.0000354,1,150,
4326,99.6484713329649,79.7904488462579,65.1127800517353,524.63191013221,12.3006758606254,76.7775377080085,96.0583865797522,73.8247689813858,42.7285285794076,7.47227864973697,7.3992949834569,1.12693503466085,5.21783448321243,4780.05525052057,64.7486652037586,740.498849569911,7.10751590437282,1.0000354,1,150,
4327,95.3568752553044,76.2202261831226,62.0757464341187,533.238820595969,12.4730742155658,74.3144070096925,95.6984518788795,75.0786227419189,42.6089483060297,7.47650047904939,7.40026101970587,0.592933386571458,4.53592787437952,4684.64851576395,62.3965696849197,737.132567981215,7.11206635470691,1.0000354,1,150,
4328,81.5072153472412,63.3732150818237,49.9698235812978,564.482216738081,12.9108175870263,68.8989041368355,94.6989798963219,76.3679477313977,42.7164645272342,7.48409316376403,7.39891951306738,0.0941389681449873,3.40441559987173,4515.43462853892,59.1273533291829,705.527147032382,7.11648834014754,1.0000354,1,150,
4329,67.0576771460887,50.3232122107462,37.9542598672323,585.451266221161,13.1113043578599,64.1843526630945,93.6407628204075,79.32518507018,42.9787845308056,7.49004992627631,7.3960359350208,-0.287934294800931,2.28417734122614,4328.30390608545,54.5640568283092,654.348362369126,7.1197002986475,1.0000354,0.984164411128078,150,
4330,42.8991916128163,27.5678054129234,16.2359112651765,437.010276586863,8.72436550827191,60.7723042490872,92.4598237608102,59.2912740916766,44.1468062044251,7.47606812790729,7.38419071613797,-0.400589159581451,1.35148766221693,2963.92376033031,49.9892067717667,410.316387542659,7.10781409014361,0.996289012543268,0.634368716635664,150,
4331,42.1896757639827,29.847114006979,20.7243509691936,483.475427287781,7.54828094212117,50.8459525878995,87.0326631531851,61.166998142451,48.260187817546,7.42591335699425,7.34500506274333,-0.941566338502965,0.458658376480729,2461.59895022173,40.2439064360971,461.244180184895,7.06565007996725,1.0000354,0.409313788529769,150,
4331.17285856953,38.1339953725303,25.7229335288278,16.5495399921782,472.995064783511,7.25989799658921,51.3551158801505,87.1839805464548,NaN,49.1692886402906,7.4194881186829,7.33671061597749,-1.05514264549541,0.16068236723239,2894.89784932108,40.4672564289301,385.962767374736,7.0588046292573,0.95979176795521,0.387084679656684,150,
