4320,121.222181245976,99.9341914173438,84.1995902396591,502.544006520226,11.5649344928855,90.8495797030631,97.7380690462415,73.7024211575105,43.7575240552869,7.45835500007643,7.39199443090336,3.08062470149678,7.15465753831114,5115.77258927765,69.4111877050099,772.526294716166,7.06180854950909,1.0000354,1,0,
4321,122.458348767509,101.540416477964,86.0793360900389,498.931719415961,11.6029058890255,90.6618015316465,97.74263337726,74.4083540189073,43.7590525934848,7.45752610346548,7.3917097957308,2.91605575154073,7.15167297142712,5074.9909511476,68.2045856014774,785.000276891397,7.06199384776868,1.0000354,1,150,
4322,121.382948788643,100.586652418099,85.2154768398704,492.597757701244,11.6013327354916,91.2876070563351,97.8402379805083,74.3079746187135,43.8666318119087,7.45681564839685,7.39038376061898,2.63201215792787,7.09620625525771,5038.67380480449,67.8079819919566,775.599031026534,7.06240710924729,1.0000354,1,150,
4323,121.072784179534,100.420937834692,85.156529666765,498.967342362054,11.75619439372,88.3586596762705,97.5209671616945,74.6353335768575,43.8868241930104,7.45692635695129,7.38993167045512,2.25581070402231,6.92064396139279,5025.71879796199,67.3369911690236,781.750842447189,7.0623386879697,1.0000354,1,150,
4324,120.064304611589,100.116446663248,85.3723777449085,515.635597644396,12.0173931672958,83.8004736978563,96.9633148809358,75.7587002215031,43.854290807561,7.45981472404249,7.3900072813909,1.67029776475997,6.49898133444034,4927.46562836722,65.0415808872156,785.978891403423,7.06400376511,1.0000354,1,150,
4325,118.852681113338,99.5951794894318,85.3613739413273,528.212281466899,12.2206727539574,80.3146702040876,96.5034724716985,76.8666948238591,43.7188550274718,7.46373146884518,7.39110739894305,1.20358552331819,6.07145760992094,4826.50735331612,62.790619062991,780.044763455865,7.06840256054468,1.0000354,1,150,
4326,117.342376600242,98.8687508383063,85.2143317968757,541.013474773664,12.4319593435001,76.9765936537657,96.0300096587153,78.1822694939112,43.5108422425165,7.46900139194321,7.3929379690049,0.741910729940958,5.59600224780801,4709.28784154108,60.2347293321772,785.86334273418,7.07357160264029,1.0000354,1,150,
4327,115.480766012353,97.6940021865396,84.5472637065907,552.789691341439,12.6375924446713,73.8134236920534,95.5539720101486,79.7077032113735,43.2825985875391,7.47576178438739,7.39498264610167,0.308606530930339,5.10902125066634,4622.66109978072,57.9951612395866,783.037740984769,7.07988955102799,1.0000354,1,150,
4328,113.908930147087,96.9033874383655,84.3340732623541,562.119862013867,12.8205729658845,71.3020973443967,95.1400889396726,81.3524238770853,43.024248121562,7.47998975592282,7.3973443534121,-0.0516442260384795,4.7215270254457,4510.82330239239,55.4479275160596,782.797894613543,7.08636128825678,1.0000354,1,150,
4329,104.597061714215,88.1905055097773,76.0639204891062,622.858857144926,13.6134354832412,61.9261122956246,92.9058299804064,84.161689576925,43.1442363086235,7.48971267240643,7.39590243236685,-0.594451113631024,3.85353594603505,4502.21984418329,53.4948842735411,792.197128748872,7.09375560433197,1.0000354,1,150,
4330,89.6914387201611,74.4365126596072,63.1611325278934,758.357685389988,15.372027006028,53.9226788235849,90.3609150649623,90.3851377612013,43.2181892544165,7.50899670783908,7.39494340169527,-1.0180135525833,2.6335037254339,4495.74793000222,49.7399023928032,770.960303674173,7.1055228601083,1.0000354,1,150,
4331,46.4428292065091,33.0653235377292,23.1776019564571,688.583809141284,12.7314208331703,50.550524722939,89.4996976628492,69.4045435027607,43.1898414297332,7.53692576832318,7.39503948027901,-1.17402789613741,0.637785005054603,3027.31677521233,43.6184235559724,489.086150793644,7.11371042581299,1.0000354,0.758619031605344,150,
4332,42.8887529345117,30.6917167152035,21.6765160313669,630.818990027929,10.4959463390765,47.6061203095505,87.1231585685548,73.4754304012944,45.174174619866,7.50104769811803,7.37509143085196,-1.41635820125297,0.154544373903876,2922.07442989709,39.7694088205792,457.349000868098,7.09403709122298,1.00002091623152,0.548982645190214,150,
4333,41.6439664912028,30.3095858742344,21.9320002008229,632.904943664915,10.2308584602637,48.1415034826188,86.396452584311,79.3343727237975,50.9221596613106,7.45690680293603,7.32146743054483,-1.47824748453859,-0.157231116439511,2931.93276208641,36.9566514667473,446.058675132038,7.06337817335553,1.0000354,0.497984386613227,150,
4334,60.8279624792648,51.0743219245987,43.865109340715,1803.52278150344,31.8086552309259,50.7110183981316,92.5524366346486,140.181187864412,57.7114801047837,7.67408774135675,7.26295529264243,-1.7415041887306,-0.331442124593982,4458.1153800961,31.8025224925911,566.072037944497,7.09880562229871,1.0000354,0.948752121669856,150,
4335,46.6074213409821,34.7294174995748,25.950023355926,906.774899835234,17.6154714992917,74.9612146788931,96.261958725087,83.9576277904712,62.177184652823,7.48658128953132,7.22358654996615,-1.23703559969147,0.0887904462397695,3251.60993821578,38.7291783223159,441.206603366986,7.14298513309587,1.0000354,0.946498054645396,150,
4336,44.2726903391664,32.531130281377,23.852585890837,1427.83714712115,25.8608421069276,58.3459459621671,94.0394280661187,83.5162645287861,80.037223297519,7.60111934216356,7.10463842177264,-1.27950245689132,0.00633797257554525,3197.36109888192,38.2842924898762,412.578641360041,7.12876684790751,1.0000354,0.937953898381563,150,
4337,44.4074524692245,32.7112481756622,24.0662276108553,1544.82886215412,28.1626480940695,54.3499700874222,93.3077177608822,84.6141305744654,81.6955095143425,7.62507962080755,7.08296529645592,-1.29633666519443,-0.0309686635846664,3226.87887121886,38.1364064052992,409.980656885504,7.14890855293989,1.0000354,0.939076373242993,150,
4338,47.4105216593074,35.9661447290529,27.5072574327778,0,26.0560850552955,77.9970023432289,93.4651927856138,86.2734891445335,86.0619843842311,7.15831342283063,7.043409356211,-1.31295049113764,-0.0445968360594584,3219.32140676134,37.3153032140386,416.567168518539,7.11311774261733,1.0000354,0.963496197941339,150,
4339,9.92926824247931E-08,9.92926824247931E-08,9.92926824247931E-08,0,0,5.26701654127832,75.6261005274836,0,0.457801369063905,9.32847710630468,9.31311034986219,0.529831311465366,-0.0440809358998426,0,0,0,7.06585432327561,0,0,150,
4340,2.38921722925326E-13,2.38921722925326E-13,2.38921722925326E-13,0,0,0.480236726607275,55.8279869110088,0,0.00304116093977683,11.5059406274861,11.4907854588484,-4.76711177199718E-08,-0.044082810280214,0,0,3.90411575854424E-12,7.0658883920666,0,0,150,
4341,1.59281148616884E-13,1.59281148616884E-13,1.59281148616884E-13,0,0,0.0877228775792546,71.5745209775745,0,2.04843695318808E-05,13.6776594224726,13.6625056596199,-2.0312367787767E-08,-0.0440834998262174,0,0,2.61588090238052E-12,7.0652517231703,0,0,150,
4342,1.59281148616884E-13,1.59281148616884E-13,1.59281148616884E-13,0,0,0.00370744945166742,14.7668086704522,0,1.37946213470422E-07,15.8496123630426,15.8344586096589,0.131139677639489,-0.0440837534960159,0,0,2.62888424496843E-12,7.0642713909077,0,0,150,
4343,1.59281148616884E-13,1.59281148616884E-13,1.59281148616884E-13,0,0,0.000233296185264037,2.89251722589307,0,9.29021481328362E-10,18.0215080072968,18.0063542539768,-4.54008386441274E-10,-0.0440838468159197,0,0,2.64198271335959E-12,7.06324482723884,0,0,150,
4344,1.59281148616884E-13,1.59281148616884E-13,1.59281148616884E-13,0,0,0.000769622016673031,97.8798900307466,0,6.25747955492549E-12,20.193288231297,20.1781344779774,0.721293228183755,-0.0440838811463937,0,0,0,7.06224439229793,0,0,150,
4345,1.59281148616884E-13,1.59281148616884E-13,1.59281148616884E-13,0,0,2.27733065995805E-06,0.696957864960407,0,4.21427608751251E-14,22.3651687327159,22.3500149793963,3.63188140450887E-07,-0.0440838937758694,0,0,2.6678589143434E-12,7.06124156903701,0,0,150,
4346,1.59281148616884E-13,1.59281148616884E-13,1.59281148616884E-13,0,0,4.08475939560067E-06,72.8185597711938,0,2.83908315434998E-16,24.5367860652785,24.521632311959,-1.40000455672862E-10,-0.0440838984219938,0,0,2.68047846671337E-12,7.06032973662395,0,0,150,
4347,1.59281148616884E-13,1.59281148616884E-13,1.59281148616884E-13,0,0,1.08620084743427E-07,5.97966002708046,0,1.91178793999747E-18,26.7087904461384,26.6936366928188,0.000491915034062984,-0.0440839001312074,0,0,2.69276218364524E-12,7.05934186561747,0,0,150,
4348,1.59281148616884E-13,1.59281148616884E-13,1.59281148616884E-13,0,0,1.258190335762E-08,4.26413121600231,0,1.28764169789661E-20,28.8806074077488,28.8654536544293,6.38897512672543E-09,-0.044083900759992,0,0,2.70485301864465E-12,7.05843021699334,0,0,150,
4349,1.59281148616884E-13,1.59281148616884E-13,1.59281148616884E-13,0,0,1.91580412737537E-09,5.52729951542717,0,8.6735867641857E-23,31.0523276078034,31.0371738544839,0.000368439575539448,-0.0440839009913088,0,0,2.71670697711712E-12,7.0575659127226,0,0,150,
4350,1.59281148616884E-13,1.59281148616884E-13,1.59281148616884E-13,0,0,4.35161709625587E-10,16.1654833070676,0,5.84298848687213E-25,33.2239825916362,33.2088288383166,0.000250716916444294,-0.0440839010764056,0,0,2.72833208030089E-12,7.05674121954213,0,0,150,
4350.64636476652,1.59281148616884E-13,1.59281148616884E-13,1.59281148616884E-13,0,0,124.234810090995,100.065316107083,0,2.30691289401751E-26,34.6276270029039,34.6124732495843,0.339679815738048,-0.0440839010999818,0,0,0,7.05622746866067,0,0,150,
