4320,129.977242845654,108.384284086689,92.4242710909326,514.233545480153,11.7364726267717,91.0879533967939,97.7539196180217,76.1579182517358,42.1003553749202,7.45113755079771,7.38385973382937,3.44134560123317,7.89188508085746,5361.94112752707,70.4055632114769,799.368148050625,7.08172030118156,1.0000354,1,0,
4321,132.815682787199,111.689134502206,96.0738596828631,508.409457469533,11.6861035349618,94.8173893771167,98.1715073728562,76.9980348656365,42.1755531399394,7.45054504483725,7.38301644868959,3.364956919625,7.95472153041146,5303.99382274819,68.884794683446,806.857862208178,7.08239745100748,1.0000354,1,37.5,
4322,130.894189072564,109.474204467367,93.6420419330905,507.556765314242,11.6941105947877,94.9782907748295,98.1914813848788,76.0472831357927,42.2897723873443,7.44999023261238,7.38177552292226,3.29441155939257,7.96466174552911,5311.26143515017,69.8415671953223,793.964231362268,7.08170129436579,1.0000354,1,37.5,
4323,132.164547187458,111.108662544028,95.5456173727974,513.430925721774,11.7816414039758,90.9033275826504,97.7494704984128,76.9745282016953,42.1759684765527,7.45045134792203,7.38288121797764,3.15962636067569,7.86437648384398,5284.63929827791,68.6543902475198,807.262370315929,7.08174377163026,1.0000354,1,37.5,
4324,130.419224498087,109.292027029875,93.6762723794575,507.041354519239,11.7210282969138,92.8033544552021,97.9729032505668,75.8988839183002,42.320293692628,7.4506395613941,7.38133590096708,3.06688341926704,7.79998179297607,5228.43969161695,68.8869113970766,792.909473942099,7.08247363011791,1.0000354,1,37.5,
4325,129.122992672889,108.014176148872,92.4120074137296,516.601419724763,11.8493607664119,89.1097994441181,97.5472427765376,76.3547529427795,42.2196486887699,7.45093660365216,7.38230756021733,2.96528787425596,7.68229579681288,5255.26696691134,68.8269788633806,794.627341666571,7.08160655693733,1.0000354,1,37.5,
4326,128.865383226013,108.042242448139,92.6512253514497,515.861702055756,11.8551707197655,88.5758747807522,97.496304779088,76.8171116026971,42.1893028762332,7.45263823174155,7.38255936955195,2.84298961805346,7.54823606874878,5215.53699371387,67.8955103218272,800.448373555593,7.08305624206059,1.0000354,1,37.5,
4327,128.595723361555,108.08031541925,92.9167530271111,512.387681634459,11.8286051245475,88.9970454915566,97.5565722638704,77.0308931517987,42.153633286365,7.45293193985155,7.38286765982974,2.71629798110803,7.40615120586144,5152.75997042241,66.892122882027,797.384713224255,7.08439511145138,1.0000354,1,37.5,
4328,128.249805705935,107.711212823715,92.5305137368561,518.0952246491,11.9070965698286,87.5623672132019,97.3774391960525,77.2339531917189,42.0968820841641,7.45244567055961,7.38339406406407,2.60267134839524,7.28651714020044,5172.18169211072,66.9677192266948,796.108249003425,7.0843040132904,1.0000354,1,37.5,
4329,127.770636252506,107.502980032053,92.522538477806,513.214367246761,11.8643061083097,88.1099223445868,97.4613973989621,77.59806952386,42.0971423281746,7.45374175673866,7.38333408311226,2.48026009650479,7.15581515724962,5128.01477663985,66.0843086445995,793.655157775751,7.08492324119416,1.0000354,1,37.5,
4330,127.254841810169,107.242732890804,92.4511741243169,513.05449434118,11.8748779287818,87.9478558624828,97.4470871144423,78.0042083662501,42.0866917494909,7.45385935980933,7.38338504236633,2.35930202329072,7.02746452398928,5089.85855180325,65.2510762996919,791.909016391672,7.08515282545374,1.0000354,1,37.5,
4331,127.469803840463,107.485285147562,92.7141191571568,517.437689300509,11.9362519014435,86.8592393868338,97.3115140370259,78.4185091887931,42.0500603199412,7.45385865143154,7.38370688514993,2.23967696884898,6.89537681998873,5109.83758690062,65.1611161670856,794.037566949025,7.08544410630165,1.0000354,1,37.5,
4332,127.277894624008,107.605845733606,93.0656356841779,513.470653696692,11.9034371958764,87.1107440033259,97.3611547596731,78.7249918661899,42.0495439453987,7.45565278426042,7.38365735565182,2.11196251000967,6.75455974280632,5049.60074437782,64.1422834690248,801.181598262311,7.08665497089039,1.0000354,1,37.5,
4333,126.38926770865,107.005939808184,92.6791322295776,511.536815859203,11.8929278942758,87.4229823974762,97.4048612514215,79.0445593854747,42.0423179080022,7.45530652673962,7.38367661721372,1.99255866469141,6.62049687154617,4995.6861603473,63.2008856673482,795.140960114918,7.08737181791287,1.0000354,1,37.5,
4334,126.36744332482,107.001547265212,92.68762409072,515.3904236198,11.9474906684005,86.4952836375966,97.2886585790777,79.4499153053637,42.0047200969681,7.45521935898816,7.38400946592155,1.87675458078458,6.48816974238421,5016.78924662794,63.1440477607312,795.768978914087,7.08751333780008,1.0000354,1,37.5,
4335,126.129456594092,107.093282479853,93.0230668301978,517.178880199603,11.9778524905463,85.7370936994633,97.2019660094507,79.7659796146651,42.0087610251919,7.45669113171614,7.38391332470803,1.75611750248507,6.34487030844087,4950.99164339767,62.0689630756747,794.9739581688,7.08844923455479,1.0000354,1,37.5,
4336,125.469814100986,106.692785665403,92.8141124738854,512.091982746464,11.9325931956389,86.5437786190252,97.3137795765173,79.779312374371,41.9985736586664,7.45648338082374,7.38396348295868,1.66227464749939,6.23930151304735,4884.40845597456,61.2239979338763,792.142655134745,7.08883679428148,1.0000354,1,37.5,
4337,125.380753556648,106.622174309056,92.7571374738794,515.426358898364,11.9799707279278,85.8738086310241,97.2260437361029,80.4774608751768,41.9364961110319,7.45584398458893,7.38455021447102,1.53660118678289,6.10033425544255,4922.31077282095,61.1638428858437,793.909089358572,7.08841233973119,1.0000354,1,37.5,
4338,125.010366533873,106.550270092806,92.9058509841919,515.412571813017,11.990159441864,85.3872459814129,97.1793024974541,80.6085618704234,41.9881008758923,7.45794946042056,7.38396167754389,1.43478361268282,5.97534511355049,4851.87898604077,60.1906159030608,791.60214043675,7.0894883530829,1.0000354,1,37.5,
4339,123.690790653742,105.468651741455,92.000114284547,511.142949870071,11.9538829939196,86.0539164579084,97.2740865102993,80.9837796854329,41.9790430068006,7.45792579481418,7.38399977645483,1.32619918190382,5.86718127406126,4811.629923726,59.4147364128462,790.99115845152,7.09032670694122,1.0000354,1,37.5,
4340,124.192674970131,106.105022037487,92.7358872611845,518.265001590276,12.0410280533854,84.355844662607,97.0566963452738,81.649175594104,41.9184305571758,7.45924654193291,7.38457162814179,1.1943865877465,5.70412838006535,4815.36089850857,58.9762341563225,796.384700774402,7.09053771147117,1.0000354,1,37.5,
4341,123.592384304758,105.740963501529,92.5464350817501,512.514939341421,11.9894618803049,85.1436502889726,97.1743472935056,81.7083557604622,41.9265435404449,7.4597494019292,7.38443252522599,1.1171396036914,5.60871309294732,4755.91495948791,58.2059804682699,791.636716127075,7.09176644978077,1.0000354,1,37.5,
4342,122.801992941668,104.908871347838,91.683520604573,509.66303121454,11.9683860909772,85.6680637652679,97.2457308014015,82.0479650548583,41.923028846716,7.45904620522484,7.38441300639419,1.0213062116663,5.52174799867006,4786.83821083466,58.3419492199974,786.819808487082,7.09168170530786,1.0000354,1,37.5,
4343,123.027546392666,105.470264053459,92.4931423244805,519.571628892944,12.0853723000923,83.3609359889589,96.9472882463677,82.6110840317822,41.8640705158852,7.4613765692148,7.38496872427429,0.902219487878411,5.37803607015974,4729.22999976226,57.2469185605024,798.863479221686,7.09277524845541,1.0000354,1,37.5,
4344,122.365784028529,105.049657469611,92.2507813173669,516.021239651064,12.0570756835804,83.8420304244132,97.0198139997495,82.9408761993191,41.8317450063923,7.46112219241685,7.38524874667147,0.806007336952895,5.27685275005089,4682.89254014763,56.4606109163105,793.428565990478,7.09401934016591,1.0000354,1,37.5,
4345,121.638476594523,104.548209187932,91.9162724091467,513.476647960636,12.0395104737644,84.0522321152149,97.0597179938507,83.4090054803873,41.8256647703052,7.46182394354196,7.38525622210602,0.705071150703737,5.18070201642549,4647.89836385243,55.7241791468828,790.472298244863,7.09418638729581,1.0000354,1,37.5,
4346,122.018283297342,105.052112936225,92.5119000606166,525.443734784898,12.1791675314674,81.8080202526439,96.7478783876042,83.9916670275235,41.7748034440857,7.46299426404755,7.38572953001938,0.571494762672948,5.02799795247011,4646.38129412431,55.3195508383198,794.931012646832,7.0944111190604,1.0000354,1,37.5,
4347,121.370667966717,104.678481004197,92.3407775971176,521.652672142921,12.1479321737912,82.1721568572456,96.8146134290449,84.287828068697,41.7869510888613,7.46383521179134,7.38554887313897,0.483877578541547,4.92079182053034,4587.46670454306,54.4262061279375,798.856087756349,7.09607103941978,1.0000354,1,37.5,
4348,120.531666824324,103.831467180203,91.4878413562868,517.268008377563,12.1100438936836,82.79113713667,96.9105712770318,84.72380863294,41.7973360108729,7.46375204492437,7.38538646575268,0.392475332525683,4.82688665259928,4613.40896572785,54.4523321149917,790.606942142001,7.09714895760958,1.0000354,1,37.5,
4349,119.472736974492,103.383269768715,91.4910548774876,533.869248002806,12.3015162664594,79.7529797492182,96.4803479539834,85.4992462241645,41.7977739984666,7.46735306276478,7.38532831745793,0.256712560518037,4.61138474871905,4485.37512837933,52.4609903182005,792.277311016171,7.09884421082605,1.0000354,1,37.5,
4350,119.258709391716,103.283488515357,91.4757165632662,542.385857348685,12.4055581749713,78.1817219594569,96.2452262279051,86.270120455705,41.7137912979349,7.46946740713297,7.38614883341856,0.171568621411198,4.47942822241577,4493.67953492967,52.0884810545377,798.053464659973,7.10046011170951,1.0000354,1,37.5,
4351,118.349451574835,102.414750069515,90.6369272177566,542.093139650363,12.4123814353903,78.0494434919067,96.2380306370163,87.0479412658775,41.7253796350214,7.47046341532857,7.38597640264392,0.102463567933164,4.38325620160716,4522.69455802565,51.9563644154619,786.727191256447,7.10254808785731,1.0000354,1,37.5,
4352,117.366645380896,101.720873776618,90.1566078082384,552.78487044887,12.5402709410831,76.5066696952792,95.9843218480018,88.0018451840865,41.7432032838527,7.47151950090912,7.38574081946404,0.0224208804601402,4.27463131871913,4489.35124968506,51.0142854424702,791.20439856116,7.10357943231781,1.0000354,1,37.5,
4353,115.999516697778,100.510884103043,89.0627643591094,562.870330345329,12.6613513195981,75.0791379422952,95.742842690107,89.2860548837598,41.7936355595175,7.4731649028833,7.38516848966583,-0.0869569999022151,4.11917918376448,4509.11730588062,50.5019211762796,790.503942142756,7.10474401261853,1.0000354,1,37.5,
4354,114.112065842618,98.627917925642,87.1831129435289,582.121382500022,12.8852978234552,72.4444632304702,95.261769528206,91.0171071939452,41.9025734622238,7.47673219792534,7.38399250515265,-0.201482219253085,3.90894731209189,4595.20786196252,50.4872985269764,796.447974952684,7.10665248775512,1.0000354,1,37.5,
4355,112.330732098307,97.3508516686315,86.2787661336538,601.923655797561,13.1164952656429,69.9074859469721,94.7271623021981,93.3127488933233,41.8075633915485,7.47819710859933,7.38493593292128,-0.307880055098207,3.63652240039109,4557.6833832682,48.8430941893977,789.405687973634,7.10975451068959,1.0000354,1,37.5,
4356,110.348546676406,95.5980897140618,84.6955780462426,606.087359382131,13.1700452311971,69.2446273878007,94.619887335498,95.9232252867683,41.9376227621625,7.48169203137942,7.38354813320257,-0.405577297669921,3.3942937324631,4613.43142297466,48.0950406867839,790.910363527267,7.11250257833997,1.0000354,1,37.5,
4357,109.101297861745,94.9023116195595,84.4074087449007,609.994655735686,13.2195761229544,68.9991682843384,94.553271671555,98.7341544426586,41.9182415396277,7.48062765386059,7.38371408104716,-0.507189628014624,3.12393960743899,4571.08788592959,46.2969264458968,781.57885350703,7.11366680844487,1.0000354,1,37.5,
4358,108.554356175301,94.6664815552278,84.4015307490869,610.232188779785,13.2259061293014,69.3045420787523,94.6227255666585,101.455461824685,42.0998528567127,7.48010074699875,7.38180533466725,-0.58419474271555,2.9913676346786,4594.15920271695,45.2825222032469,781.284869382623,7.1133129799782,1.0000354,1,37.5,
4359,107.988590169464,94.4527289935477,84.4479620374357,618.88276679121,13.3271927015895,68.7915052346534,94.4825136499389,103.964670190725,42.365074187034,7.47843279267999,7.37905012234922,-0.694842525121899,2.78998387579756,4588.45517573908,44.134754309531,783.058643417169,7.11204832573599,1.0000354,1,37.5,
4360,105.897763206896,92.8591269607975,83.2218740832466,625.560152682332,13.4051689760954,68.4402038993057,94.401177131723,106.570714257041,42.7612585195833,7.47860881054028,7.37498284452845,-0.795956088508807,2.54340722795294,4530.69542381805,42.5135127919886,785.435848280373,7.11078546971314,1.0000354,1,37.5,
