4320,116.613803069857,94.5415191259129,78.2272222977803,487.973973256736,11.4222618234466,88.6364919564646,97.5202160698192,72.1051859841993,45.1518187807899,7.46811933445478,7.40666629798725,3.20939520243328,7.06470692574359,5189.29783657833,71.9684411841817,784.348903641438,7.08448928174997,1.0000354,1,0,
4321,116.273688938202,94.0993008548168,77.7095357497062,484.366187920812,11.4178483174133,88.9766243752298,97.5717125293755,71.650072746817,45.1441948673861,7.46674511562746,7.40659919156999,3.13377562789722,7.04673701943834,5180.39769434807,72.3013598695642,786.848859242051,7.08429520351095,1.0000354,1,75,
4322,115.627810687295,93.6049091693936,77.3271123952926,482.569749694847,11.4346930283342,88.6952215615296,97.5555887453935,71.7117455386172,45.1771106893345,7.467189308433,7.4061483041529,2.99068355097513,6.98997634907024,5149.43585017977,71.807425847789,785.887830376945,7.08458488581636,1.0000354,1,75,
4323,114.966005684771,93.08391068656,76.9101882965776,484.092788853305,11.4934181423057,87.9434536759094,97.4772515409905,71.9518657291016,45.1738738841317,7.46713979041619,7.40604945483407,2.83579085645085,6.91996487083795,5133.64437847676,71.3483149666321,784.422893577005,7.08483507213533,1.0000354,1,75,
4324,114.687133687796,92.9412654263342,76.8682323635145,488.817824782572,11.5919433289743,86.4255474491259,97.3042281449023,72.0780717543157,45.1303546551039,7.46822627480724,7.40634196303447,2.58169322844681,6.76290436570769,5110.63346231292,70.9041368328075,784.907316877296,7.08530114022522,1.0000354,1,75,
4325,113.521758164461,92.0388938105965,76.1602549403485,495.551439907578,11.7131130108055,84.5957887185899,97.0857443050579,72.3371292535183,45.058925438146,7.47016307442544,7.40690601915094,2.33301298722066,6.55664313850705,5066.96935236359,70.0465916280075,784.084496998809,7.08640429539766,1.0000354,1,75,
4326,112.27919638219,91.0757830829019,75.4036949921234,503.054525834595,11.8390410651315,82.7466862662108,96.852164710905,72.7379660966686,44.9277302490096,7.47209451505879,7.40804925745113,2.08438763684126,6.31833433061799,5028.76977708317,69.1354191894773,779.542830445575,7.08848653432928,1.0000354,1,75,
4327,109.99167098895,89.2570382657606,73.9314401660116,510.073779655538,11.9529781661687,80.8309840190741,96.6047654846912,73.0917044950872,44.7877638087966,7.4753272599547,7.40928110851024,1.75615610598309,5.92497557039835,4941.50521979702,67.6069227545398,777.900314817861,7.09109901176452,1.0000354,1,75,
4328,107.195001924422,87.0100943977699,72.0908149215489,516.1723395037,12.050935528918,78.666488006924,96.3242644692023,73.8474872217513,44.5131111310076,7.48124612537533,7.41182561624138,1.48775850112701,5.47282536951029,4860.23544277517,65.8144999325531,768.393146338289,7.09519195747803,1.0000354,1,75,
4329,104.431628996609,85.0025923659916,70.6420000737958,510.512094446319,12.0215945720819,78.5303187420136,96.3465775748563,74.6089502777484,44.2109633340905,7.4840306082611,7.41465320394331,1.18915576549967,4.9780436368859,4726.47122726177,63.3499226254548,760.452033032664,7.09902204316989,1.0000354,1,75,
4330,101.926401310838,82.9972640811325,69.006162650481,500.455145291789,11.9425226583104,79.3007700666395,96.5033992150961,75.597501363703,44.0517823809397,7.48533451418485,7.41608524171843,0.960677046409892,4.54904211474991,4665.87481936416,61.7199607817252,746.707392755617,7.10113607563261,1.0000354,1,75,
4331,99.7758260553455,81.418565096722,67.8501548229567,496.066913495337,11.9246941479573,79.5594849434747,96.5646956172282,76.8245567653774,43.9878006427543,7.48534780841725,7.41657921336342,0.746435583408605,4.20568196873974,4598.3578617407,59.8553126155236,743.083601053327,7.10177957629936,1.0000354,1,75,
4332,96.548692375239,78.9126848983048,65.8773750240491,500.010275169726,12.0009316306596,78.4162787076455,96.4251997361567,77.9797129950182,43.987461683581,7.48814194208182,7.41644347054541,0.528932659173098,3.82590168842109,4484.114859501,57.5036081472558,737.182669792619,7.10328555376429,1.0000354,1,75,
4333,93.2262627099093,76.0513287194329,63.3568122916894,509.101554630064,12.1309533876018,76.8430625545754,96.1953270425437,79.5839919902183,44.0483616975606,7.48952778585219,7.41570720384108,0.327971266187223,3.46448531407056,4456.72275446671,56.0002412924259,727.601240440584,7.10480915829296,1.0000354,1,75,
4334,92.8416405047114,76.1776645591598,63.8608127733173,528.046028043045,12.3707625096636,74.2178151873677,95.759243784275,83.3891870960945,44.1032623904248,7.49111407525627,7.41504110132749,0.14907588908817,3.18850517673882,4530.88659227155,54.3342218584087,738.614437727664,7.10629380989361,1.0000354,1,75,
4335,91.8634633121938,76.1674188255408,64.5659946397537,539.426330784211,12.5245847346879,72.8834273304339,95.5420882891479,87.3470797991016,44.5225458551375,7.49321560791394,7.41082052728024,-0.0897605349789563,2.86423479255274,4470.26668472217,51.1782041827132,734.947186494969,7.10771495042136,1.0000354,1,75,
4336,93.2939526853573,78.4839975095182,67.5375089012894,547.984293865914,12.6434584084423,72.4591374104423,95.4579324253368,92.0250213143711,45.005963970897,7.49162839585113,7.40603482312618,-0.318270831231327,2.57956170592015,4443.79987584805,48.2890393544966,742.707616349965,7.1096034097649,1.0000354,1,75,
4337,92.1943600483488,77.8743343232869,67.2899674830238,583.984610484106,13.0774340969484,68.4279815104113,94.6088496013815,95.880555326449,45.6664902939321,7.49282477722005,7.39962595439389,-0.493467381693861,2.26580884087205,4476.81513031039,46.6915853278902,749.105991485371,7.10966557097458,1.0000354,1,75,
4338,93.3493391854319,79.9687479977372,70.0787458155281,585.833441102844,13.1152156279715,69.170464988457,94.7660919732537,100.076724331468,46.4237250793341,7.49035114514124,7.39241716462821,-0.691568500137744,2.04283843477862,4366.19577991244,43.6284841363413,745.466026975625,7.11081328850627,1.0000354,1,75,
4339,90.024185830489,76.796628227301,67.0197378249446,619.247455533977,13.5227843834444,65.5332874307517,93.8875996754184,98.2896333508399,47.537359959709,7.4912103457955,7.3820670342009,-0.801316255501975,1.84816845574407,4239.18332502558,43.129505935728,733.635132780624,7.10882526249471,1.0000354,1,75,
4340,84.5208287396189,71.3860449578635,61.6777265104791,653.219065832514,13.9444026725977,60.9505539681853,92.608624828947,92.5243756200235,48.6667773686071,7.49542141304661,7.3718257842468,-0.88957095197058,1.6424231896436,3962.54231328396,42.8270094959324,730.207410649781,7.10999357212243,1.0000354,1,75,
4341,65.6907902475241,52.1491644813106,42.1401367410659,669.500881113843,14.1355611946368,58.1830820740175,91.8792642193504,74.3766260413222,50.2235282809717,7.50725910876165,7.35798200797478,-0.917493289163661,1.20998236689127,3283.99209278922,44.1535502156915,653.519643709705,7.11340017440804,1.0000354,0.996425091149741,75,
4342,57.796788454166,44.8598643057621,35.2977899352026,706.736298682498,14.2269592427248,55.2276293636732,91.0115038953097,73.6964887801122,51.4369824155061,7.51973369913242,7.34662524611903,-0.992667025456101,0.812567785258171,3108.65588531154,42.1818723899699,612.954941761032,7.11930142182548,1.0000354,0.944825176740125,75,
4343,65.5391661210038,53.8459766089677,45.2031843609411,1292.54709358172,22.4246288793673,51.1739587863616,90.9807478161785,93.2622506936871,54.4136252373889,7.60236757725136,7.31963608191269,-1.28660688655663,0.538389310448478,3555.77033282079,38.1265764698243,640.078952425122,7.13567372152843,1.0000354,0.965671614282872,75,
4344,88.2465552109597,78.3829774887961,71.0925069985012,1776.63702567671,30.548080999353,61.8198026031764,95.9057809435327,135.573253204731,52.1499036746948,7.73002956893823,7.3331410509127,-1.55216600178096,0.516337737067402,4360.16887334307,32.1609813903243,622.016634978267,7.23513178273688,1.0000354,0.998348300857254,75,
4345,64.1079254681717,51.3151945882207,41.8596978508657,431.456519908771,11.3742999406529,131.471849428528,100.168784265076,75.9727812991167,50.9814794708819,7.48973104279444,7.33604914425941,-0.943992260405911,0.882844636270947,3168.95528578712,41.7117187445125,512.227439727842,7.27610243077912,1.0000354,0.994860166897506,75,
4345.00268690112,64.0656877744332,51.2816946770923,41.8326563007969,433.481387901109,11.4030439159507,129.847503705358,100.14488620099,NaN,50.9831425168902,7.48887973540987,7.33601695161427,-0.94458433150461,0.881859544937422,3166.57310726444,41.6832285078224,512.103822184273,7.27569459725775,1.0000354,0.994740748618827,75,
