4320,114.749293959273,92.9170911765906,76.7802456415643,496.989616899677,11.5166576830527,89.8107419937737,97.6302429158391,72.1394191806839,43.8033172093041,7.46049152425009,7.39577133219151,3.24042655132264,7.1738671610265,5135.29053755658,71.1856374209845,764.629290902159,7.09548000203748,1.0000354,1,0,
4321,112.906315926818,90.9129912436483,74.6570556082619,485.178205808054,11.4491618037528,91.6463065691089,97.871452764816,71.1834391187043,43.9046595726187,7.45942495851768,7.39449748254009,3.05219881291136,7.12911486002363,5104.63476414129,71.7109882205732,758.819173996014,7.09506756157581,1.0000354,1,150,
4322,110.201954030223,88.5565597723725,72.5577901035267,503.955820191417,11.7670073390386,85.8438638372698,97.1958778995626,70.88457177445,43.8603972865689,7.46149134710381,7.39467370670724,2.59775878214895,6.81205394665645,5002.78734279323,70.5765333352336,762.042938332365,7.0953764707736,1.0000354,1,150,
4323,108.192819367191,86.9255540204809,71.20627093813,511.482744594215,11.9301250764941,82.9335604472695,96.8474471709968,71.7482519574696,43.6686677494606,7.46521613259096,7.39631925604238,2.24803231020962,6.48494895735594,4975.28308028586,69.343613879751,753.346023331346,7.09844694452307,1.0000354,1,150,
4324,107.483477745822,86.6652236343486,71.2778184215205,516.45602250374,12.0541076377918,80.7767719708987,96.5784402320308,72.611489522423,43.4550338960486,7.46760791766375,7.3981953992561,1.8092841384886,6.13373823621252,4928.83719096418,67.8795769565108,755.330310106903,7.10190241265435,1.0000354,1,150,
4325,105.534418982019,85.1828661569367,70.1404140688324,521.896060996843,12.1836211462064,78.6001162041848,96.2984232874824,73.669510387466,43.2837829703221,7.47108181076563,7.39965828886135,1.33431139446306,5.70889463331824,4888.55107213421,66.3578602114063,756.766222048641,7.10570996141027,1.0000354,1,150,
4326,101.082477601056,81.8622217863856,67.6559457494556,538.284869533587,12.4386971135588,74.7397703248225,95.7198022955689,74.5063579156083,43.0916565037423,7.47765553137195,7.40133715162196,0.716252369610896,4.93948660026233,4669.25206724964,62.6691761331079,748.714434366514,7.11083650440465,1.0000354,1,150,
4327,94.3479691561917,75.9271618526016,62.3117825412523,556.915609366352,12.7281171722315,70.5669974206972,95.0141612900423,76.2048723786839,42.7705333105463,7.48589966316348,7.40432706538879,0.292248334521892,4.14739731216573,4577.05595033551,60.0625105385755,744.514187410112,7.11768035537938,1.0000354,1,150,
4328,79.3638095978637,62.353897700525,49.7813541242312,572.586529594679,12.9889510525766,67.1308740390448,94.3634224364904,77.3335396947187,42.7606634037952,7.49287890543817,7.40417402781266,-0.185383301411941,2.95909354421826,4289.08620394604,55.4621736038154,695.176635386979,7.1234915215482,1.0000354,0.999934677221699,150,
4329,65.019416173877,49.1343507718376,37.3932154746781,587.920416134751,13.0761583016553,62.8141928368882,93.3339447981944,78.2383315416046,43.1100904301132,7.49757221229563,7.40040992081238,-0.522244698911374,1.93721598657022,4052.3169799104,51.7945219442149,639.194273615017,7.12574150897924,1.0000354,0.978063704447831,150,
4330,42.9779464219429,28.2481214044978,17.3608594350818,424.019124246269,7.63821032137319,55.6850112906008,90.2510784480865,61.639387625538,44.271788705512,7.4635797004771,7.38864402559316,-0.655468082748551,1.09222771684052,2960.40224465388,48.0277685858667,422.946805568988,7.10485580191615,0.990228732960172,0.510681891056419,150,
4331,39.1812880153347,26.3085337558054,16.7938893031099,525.344828348061,7.77574782771071,46.3620770110364,84.3945517403916,73.4523081222436,48.5115563309966,7.43840374470706,7.34829405287345,-1.19939156477633,0.265673527838235,3082.98738531377,41.9726413523028,394.715420149877,7.06614263813963,0.950449694409761,0.371293559420565,150,
4332,38.1292065591002,26.3811948606653,17.69788186617,643.719440741161,8.90916636489512,43.3577714334631,81.2424931061187,77.4147364417435,55.5618108763033,7.41216129253925,7.28731626807993,-1.46732215934449,-0.110413699814423,2965.39691621601,38.3053285784618,404.929451630504,7.03514176250784,0.955514216229072,0.318950684621861,150,
4333,49.7732426292358,39.7656795621757,32.3687851213053,1914.53156765681,31.1729282009749,45.6052534381183,89.3636398068306,132.114401173439,65.6541346223448,7.62961027786496,7.20992581058532,-1.76606136693051,-0.493255440974349,4310.95329772795,32.6304570844517,552.205127362363,7.05553599975392,1.0000354,0.818557742353378,150,
4333.26757261763,50.0911823876786,41.1033837388209,34.4602282157522,987.060818367857,18.5676430068808,47.5592459860223,91.8077624182664,73.4144789967304,66.4028788453406,7.70220033388249,7.20299559088532,-1.81256102846587,-0.583174836690131,2151.44316252048,29.3054339133334,522.715608089269,7.09915833877356,1.0000354,0.9395708117216,150,
