4320,133.905554692202,113.948911847727,99.1983497452888,530.562102660018,11.8991451952164,92.3326111692631,97.8657714735065,77.6263014712825,40.9707778232261,7.44262533163661,7.36618290335715,2.72617137282635,7.34126184573521,5051.16088257263,65.0702247413048,753.228224673873,7.11001701403135,1.0000354,1,0,
4321,134.57830428658,114.93823669677,100.421664999953,523.688560145172,11.8997868137474,94.2194741008085,98.0973620753621,77.8046735363495,41.0897012475574,7.4415642079746,7.36469571838272,2.51227899848406,7.35518647621076,4982.45614212897,64.0380058892121,755.417400676866,7.10991598514407,1.0000354,1,150,
4322,133.234463746599,113.670754480144,99.210621544069,523.614859045555,11.9699151964837,91.3728492215996,97.8010217792565,77.4471704864904,41.1614397046128,7.4404127954242,7.3637174107706,2.18747071263098,7.21763086526028,4940.28015182027,63.7890334893776,754.09654851126,7.10940742141797,1.0000354,1,150,
4323,131.778542829227,112.540869418929,98.3217195069704,533.017917846303,12.1361813125523,86.7679228459736,97.2635474133734,77.7720038777852,41.1541456328517,7.44169938797866,7.36357967672164,1.82183673320206,6.97128835700283,4878.32419480368,62.7259675920106,757.824272732123,7.10943478276034,1.0000354,1,150,
4324,130.327600283013,111.620711482381,97.7938806297406,541.910958020653,12.2995525282129,83.5476294041808,96.8641545978497,78.7337526082008,41.1370973545018,7.44448691859316,7.36355042688215,1.39501666607934,6.61593321637333,4802.38902291253,60.995302063277,759.843000090207,7.11122167471059,1.0000354,1,150,
4325,128.716105649724,110.447650324141,96.9448789965371,547.058930025829,12.4252133976774,81.2943881101997,96.5857254104505,79.9834616062223,41.1067592255238,7.44800502740687,7.36366617020588,0.943285079030977,6.18159203357686,4764.27525971457,59.5657547702828,756.457453203921,7.11432023774391,1.0000354,1,150,
4326,127.051183319587,109.617054787898,96.7309597862144,560.970114573582,12.651276435788,78.0209360498112,96.1079289918318,81.4788439664578,40.9417078804587,7.45078660819044,7.36521242192412,0.485562086578541,5.68596498060868,4631.69468652581,56.8453657544839,754.393928870126,7.11802783464464,1.0000354,1,150,
4327,124.675724349273,107.94941133799,95.5864843296509,571.053064756683,12.8400029122365,75.1290007776047,95.6877084614649,83.241966094616,40.8865580014798,7.45733881187322,7.36560013469442,0.0377947505015821,5.16379289882739,4539.80679717895,54.5374768301224,755.460975153433,7.12258131939083,1.0000354,1,150,
4328,121.604797224758,105.884103185536,94.264459765241,589.422393706304,13.1298294132724,71.2583290552363,95.0182979396885,85.4631802906638,40.700932992617,7.46380760386182,7.36738123585826,-0.438632811847995,4.54969780672519,4380.72092330022,51.2585760136846,750.539705817367,7.12820890706965,1.0000354,1,150,
4329,115.72384321495,101.159459650717,90.3944804945451,625.719888332844,13.6422263342841,64.7538750438747,93.6110075519402,88.693766557331,40.5538438201432,7.47464286244242,7.36876126765518,-0.904971255784861,3.74364916644714,4211.91916922063,47.4883335403067,756.61603211713,7.13688440150726,1.0000354,1,150,
4330,82.1924244473403,67.806622862598,57.1736390825711,643.419383862375,13.9449199097169,60.2610680435479,92.464810904995,78.5073522946885,41.229732290175,7.48439392895824,7.3613998240297,-1.25063512570138,2.11748293337776,3682.47000889102,46.9060527613814,675.299781200597,7.14513750705024,1.0000354,1,150,
4331,45.7401243789438,33.232450293895,23.9876477092938,630.173690461204,12.3286994474721,54.1217341834607,90.5478283321327,70.1391018640516,41.028287045065,7.50154644602585,7.36335871201262,-1.37849178662506,0.339794832583387,2860.43167354383,40.7822683428155,484.572839439498,7.13891789175183,1.0000354,0.800783365186291,150,
4332,42.4912682303162,30.8771648105324,22.2928275002575,626.203010152002,10.8248544494149,49.7149031236073,88.1703012791662,73.250224170305,42.4065578450557,7.48658401043028,7.348803518306,-1.47276468855714,-0.0427309120246413,2773.89149376201,37.8687099620717,447.409214875662,7.1249784275832,1.0000354,0.598094803819537,150,
4333,41.9359996995263,30.770118450395,22.5170757879936,593.76829192233,10.3631377428164,52.1210989926151,88.5775722900172,77.1160249431276,46.1713676200785,7.44485932812306,7.3109941633105,-1.45429233509167,-0.196317952552986,2807.58207883282,36.4072458468053,440.151441024958,7.1031507747812,1.0000354,0.580319535759665,150,
4334,44.0796959634245,32.9699227552486,24.7583512535535,876.46567733671,15.465882633531,54.5348508320419,90.3540168858159,85.8853840159715,53.5050147297726,7.46711453868533,7.24445889898543,-1.40191595576693,-0.211807842907117,3111.13801127541,36.2243011068898,462.2953253773,7.08486274332557,1.0000354,0.734635514601214,150,
4335,70.226561815771,60.701727831942,53.6616331482424,1797.39611604017,32.7275817624067,59.3416454995107,95.0280712149269,150.054361209233,58.141974262336,7.66020577785751,7.20279526986501,-1.71272220033372,-0.193754918788746,4660.16033235643,31.0564804301716,518.257498506529,7.13931388099485,1.0000354,0.997074788160411,150,
4336,49.1591930447978,36.8924770995159,27.825774009525,1245.30210730606,23.1856082318307,71.08580256484,96.1605405533658,84.0209292547563,66.5172966835732,7.53769343472855,7.13610727784087,-1.13252571081248,0.230943381209774,3360.55192932694,39.9966051212973,414.980745018614,7.1713668169992,1.0000354,0.975142145412929,150,
4337,47.3897541311669,35.3114665377266,26.3840365773576,1727.16222022429,31.6948276520244,53.7232494928832,93.5825024955311,85.7543835590877,81.6338258704794,7.65123338364169,7.03664602922452,-1.20626472834416,0.149885774743226,3377.19795302103,39.3822194604667,392.125625242587,7.18574037240754,1.0000354,0.962815900064673,150,
4338,49.0577233935207,37.3858254736398,28.75877048938,1120.10196393666,34.1059359009453,54.5927961026572,93.3450935509078,88.9990288569138,85.3817932401355,7.60923227759132,7.00267574035927,-1.29105050368293,0.0297361145049435,3387.0497058022,38.0571535364464,387.821104664708,7.21351415270434,1.0000354,0.965157810587123,150,
4339,49.8430393818255,38.4616548686987,30.0493271850833,0,16.0001468668458,54.7891364540976,74.6531190783107,89.4052596814093,103.05179911431,6.93644766058338,6.90221085041123,-1.32427856588743,-0.0183635788714764,3317.82126697837,37.1099114168589,497.527695797251,7.08681327810182,1.0000354,0.981987022463773,150,
4340,7.45078985754115E-08,7.45078985754115E-08,7.45078985754115E-08,0,0,1.80812633999861,17.9610503827182,0,0.481534627691415,9.23351268481215,9.22800071719633,-0.000267359671197731,-0.0261338604350283,0,0,1.19204892788481E-06,7.03276417581189,0,0,150,
4341,5.57484020159094E-13,5.57484020159094E-13,5.57484020159094E-13,0,0,0.222399109121073,15.1026102637625,0,0.00319621562950395,11.411499327944,11.4060680267213,-8.87199822741103E-05,-0.0320655872536388,0,0,8.97337674353191E-12,7.03249927077156,0,0,150,
4342,1.59281148616884E-13,1.59281148616884E-13,1.59281148616884E-13,0,0,0.0474195418106333,33.5998697017524,0,2.15261285781494E-05,13.5833235809761,13.5778928151791,-5.29830918791774E-05,-0.0342477476007752,0,0,2.57929328999497E-12,7.03171577037143,0,0,150,
4343,1.59281148616884E-13,1.59281148616884E-13,1.59281148616884E-13,0,0,0.00861114707175469,49.8892506352094,0,1.44967377221533E-07,15.7552421744789,15.7498114122879,-2.69573322713157E-05,-0.0350505195298738,0,0,2.59474142897256E-12,7.03068163835072,0,0,150,
4344,1.59281148616884E-13,1.59281148616884E-13,1.59281148616884E-13,0,0,0.00144254509951744,61.9415726117526,0,9.7631654826391E-10,17.9271290251564,17.9216982629897,0.557938618646503,-0.0353458428185411,0,0,0,7.0295965993111,0,0,150,
4345,1.59281148616884E-13,1.59281148616884E-13,1.59281148616884E-13,0,0,3.36602384551646E-05,2.78021083541778,0,6.57366082703049E-12,20.0992233316463,20.0937925694799,0.0545800073798337,-0.0354544861849351,0,0,2.62538687400961E-12,7.02847107982927,0,0,150,
4346,1.59281148616884E-13,1.59281148616884E-13,1.59281148616884E-13,0,0,2.74281395969927E-05,64.0093717563089,0,4.4277265403147E-14,22.2710039258268,22.2655731636603,0.571006021616852,-0.0354944538458546,0,0,0,7.02744017097552,0,0,150,
4347,1.59281148616884E-13,1.59281148616884E-13,1.59281148616884E-13,0,0,1.02032803156021E-06,8.37002053275674,0,2.98217300181922E-16,24.4428274293466,24.4373966671801,1.24572215653984E-07,-0.0355091571266182,0,0,2.65583991215106E-12,7.0264258849535,0,0,150,
4348,1.59281148616884E-13,1.59281148616884E-13,1.59281148616884E-13,0,0,2.51937916611373E-07,26.730222425823,0,2.00844858958311E-18,26.6146992490431,26.6092684868766,0.000241607137327904,-0.0355145661613285,0,0,2.67072062503801E-12,7.02542886277187,0,0,150,
4349,1.59281148616884E-13,1.59281148616884E-13,1.59281148616884E-13,0,0,3.22267455333565E-08,24.2989749330551,0,1.35283660860829E-20,28.7864575846278,28.7810268224614,-3.97622401671072E-08,-0.0355165560339952,0,0,2.68528130087918E-12,7.02448452441435,0,0,150,
4350,1.59281148616884E-13,1.59281148616884E-13,1.59281148616884E-13,0,0,6.290397421976E-09,42.7448706994684,0,9.11268790014554E-23,30.9581828763907,30.9527521142243,-1.00088968224554E-08,-0.0355172880672399,0,0,2.69951945051561E-12,7.02357409423467,0,0,150,
4351,1.59281148616884E-13,1.59281148616884E-13,1.59281148616884E-13,0,0,1.12745395399941E-09,58.7948687639289,0,6.13935725578061E-25,33.1297576472572,33.1243268850908,-9.89637216619599E-09,-0.0355175573672208,0,0,2.71345483092002E-12,7.02272297996381,0,0,150,
4352,1.59281148616884E-13,1.59281148616884E-13,1.59281148616884E-13,0,0,6.04686878748642E-11,14.5280307562677,0,4.13731053967525E-27,35.3010948115588,35.2956640493923,-1.46454759430981E-09,-0.0355176564371473,0,0,2.7271007066655E-12,7.02194948593106,0,0,150,
4353,1.59281148616884E-13,1.59281148616884E-13,1.59281148616884E-13,0,0,7.48886999460403E-12,12.1913699957544,0,2.78767281346323E-29,37.4725750417966,37.4671442796301,-4.71243488675555E-10,-0.0355176928829364,0,0,2.74045743502589E-12,7.02116800974357,0,0,150,
4354,1.59281148616884E-13,1.59281148616884E-13,1.59281148616884E-13,0,0,2.42102540740539E-13,0.513921273400626,0,1.87823377997768E-31,39.6440869372092,39.6386561750427,-5.77351499941869E-11,-0.0355177062905931,0,0,2.75354086771736E-12,7.02040179814592,0,0,150,
4355,1.59281148616884E-13,1.59281148616884E-13,1.59281148616884E-13,0,0,2.72337812481247E-13,40.3023146649449,0,1.26537325160899E-33,41.8156765221623,41.8102457599959,-1.2851408826009E-10,-0.0355177112229943,0,0,2.76637713426815E-12,7.01964681191188,0,0,150,
4356,1.59281148616884E-13,1.59281148616884E-13,1.59281148616884E-13,0,0,5.7151084312984E-14,64.9945509241269,0,8.52248743538692E-36,43.9875086729421,43.9820779107757,0.0731667008258552,-0.0355177130375233,0,0,0,7.01884824858004,0,0,150,
4357,1.59281148616884E-13,1.59281148616884E-13,1.59281148616884E-13,0,0,1.72779922844733E-15,5.58946121673582,0,5.74334713283189E-38,46.1588388708256,46.1534081086591,-5.48006084954977E-12,-0.0355177137050511,0,0,2.7912521393434E-12,7.01818268157144,0,0,150,
4358,1.59281148616884E-13,1.59281148616884E-13,1.59281148616884E-13,0,0,5.0790424072732E-16,26.1124109670856,0,3.86901635688056E-40,48.3304954621648,48.3250646999983,0.00870488085654131,-0.0355177139506209,0,0,2.80332242996754E-12,7.01745960601095,0,0,150,
4359,1.59281148616884E-13,1.59281148616884E-13,1.59281148616884E-13,0,0,1.00110989778516E-16,45.6771098119853,0,2.60721184696828E-42,50.5018715424233,50.4964407802568,2.59966714821758E-09,-0.035517714040961,0,0,2.81517474332144E-12,7.01681563072641,0,0,150,
4360,1.59281148616884E-13,1.59281148616884E-13,1.59281148616884E-13,0,0,2.01474612136209E-17,67.7213761703506,0,1.75728271666577E-44,52.6730684994011,52.6676377372346,0.211585340884773,-0.0355177140741954,0,0,0,7.01621891287405,0,0,150,
