4320,108.699140648466,86.1701839902775,69.5183464603117,486.145491165946,11.3828461195685,89.1108562082287,97.5702307038275,69.2986463672254,44.6365497841133,7.46652773535298,7.4036331741132,3.54134395198041,7.22809911161621,5090.50247222648,73.4574589704253,762.804029441612,7.10497361873913,1.0000354,1,0,
4321,108.409124647238,85.7198811283466,68.9495707013398,482.44844161003,11.4199217505345,89.0553144402797,97.589269708494,69.3121239732004,44.6783336216274,7.46513280963464,7.40293499173935,3.30975238316315,7.1843805950654,5127.71696558995,73.9800870562354,769.896232282629,7.10488818999808,1.0000354,1,150,
4322,107.192576032704,84.8942828308654,68.4129356816802,496.3631035587,11.6804349418656,85.1991101724206,97.1371193276874,69.4335942788342,44.6321400314897,7.46735306659261,7.40310151547839,2.85770486056749,6.91605253824869,5048.19463372032,72.7053623847785,764.705371479942,7.10633979397766,1.0000354,1,150,
4323,103.835504500012,82.3142855152055,66.4072975699136,502.106930706533,11.8280391880607,82.7661294575937,96.8545930065862,69.8530521946947,44.4720847138631,7.4709540063634,7.40438458210229,2.28540645052081,6.3647734736629,4901.70392720507,70.1716499594467,758.802567052084,7.10891599029107,1.0000354,1,150,
4324,100.776594987186,79.8865067189991,64.4460066946868,516.659148426849,12.0633480292966,78.9577970465146,96.3446863997962,70.6675969550867,44.2257759749205,7.4763061936696,7.40652099101563,1.8327977270356,5.77887106709087,4813.43842063823,68.1137979503879,759.786767453016,7.11292480503541,1.0000354,1,150,
4325,96.8630229906542,76.7871041195256,61.9483814756479,513.723094039428,12.1024949595347,77.8149627859043,96.2350784576398,71.6137333768596,43.919226565952,7.48034123811206,7.40926367728365,1.29704036067869,5.05957223608814,4687.77295028667,65.4591337337178,741.148897218644,7.11776777623679,1.0000354,1,150,
4326,92.166697498392,72.9877883006833,58.8120728067247,513.928251787424,12.1768928006001,76.3538900623197,96.0729568252613,72.5576591057018,43.7306372096875,7.48494927619396,7.41085099283179,0.829696620618163,4.36813933148104,4537.34693437483,62.534362192761,728.131169882206,7.12174071568111,1.0000354,1,150,
4327,84.554371077618,65.9538928210586,52.2057132401233,539.559042963065,12.5387516967353,71.8284104377642,95.3173670710346,73.9880622370557,43.7159266452223,7.49030312116221,7.41071760510765,0.437662042019647,3.7308727497258,4487.25330264261,60.6483420023297,714.712854169044,7.12592776672606,1.0000354,1,150,
4328,72.799250741928,55.1300292385459,42.0701698664809,569.907856780711,12.9287459251317,66.8337833187259,94.3036273925395,76.295479591072,43.9550901029659,7.49545708701097,7.40808739386862,0.0287084227142027,2.83559157427452,4395.52793189489,57.6119051279841,676.053287572281,7.12929676088544,1.0000354,0.995682721314217,150,
4329,48.7298533182219,33.008320477154,21.3880570728864,513.689626724904,11.6869058707919,68.6027926879296,94.8109002821615,63.3514997363546,44.8304060911236,7.49747749287561,7.39929694182696,-0.268391764861644,1.52645709912774,3247.48092991924,51.261310993963,488.914127258924,7.12644805842835,1.0000354,0.913060852873975,150,
4329.11731290737,43.0648861015804,28.0347425740339,16.9255060536734,447.194846833836,10.2040011812558,72.0526936992103,95.5135738040778,NaN,44.9518498768572,7.49406761430538,7.39809722717429,-0.144151373346716,1.24430562155646,2849.35383729705,49.0069810264842,408.343620257845,7.12307780003662,1.0000354,0.815884635743962,150,
