4320,115.062017529742,92.8832055082562,76.4901705358536,494.541502242441,11.492249761427,90.9562322748845,97.7609219643716,72.4264846389122,43.9327677841411,7.45898842414357,7.39560196107917,3.31568514948586,7.07368203635184,5237.57805323935,72.315784472375,778.202452200403,7.09585788902088,1.0000354,1,0,
4321,115.045526662152,92.8843140790472,76.5042873871874,491.631679523917,11.4972415311982,91.0276331524737,97.7829031278741,72.4428448798363,43.9371675712298,7.45863808429779,7.39542237926454,3.24563795601315,7.06433997469109,5234.6040697586,72.2584001006786,782.632771621549,7.09610841881431,1.0000354,1,75,
4322,115.119588449887,92.8467656108296,76.3842443819609,491.662984315874,11.5373496323417,90.3186559050121,97.7134548182268,72.5161806121751,43.94378464265,7.45848958728477,7.39522604874482,3.09605353990896,7.01925701424692,5266.29285566149,72.6223142366837,776.651365000401,7.09647333370042,1.0000354,1,75,
4323,115.017532943973,93.0234627087092,76.7669760130791,491.563732693012,11.5736948895919,89.5739012388127,97.640281955467,72.6690732980128,43.91837117297,7.45878790766579,7.39535108658133,2.90176994563854,6.91326032002496,5211.34771285176,71.713419152605,781.795480904006,7.09662373984298,1.0000354,1,75,
4324,114.026233659436,92.2065816657358,76.0790128008266,493.905238731609,11.6395083234694,88.4850227075925,97.5238495898398,72.9833440042096,43.9324492973117,7.45928210903081,7.39508863073708,2.63884082291981,6.73544169670923,5192.37917776866,71.1447145730836,774.633447328968,7.09722305638354,1.0000354,1,75,
4325,112.934539441048,91.7697264316142,76.1261689898588,507.071628117316,11.8349324423625,85.0833647469454,97.1107970872281,73.629890018452,43.839935515148,7.46230749199364,7.39588189262676,2.3021788739115,6.34757206873253,5081.16630327106,69.0095598675714,776.307882109104,7.09886194618936,1.0000354,1,75,
4326,112.545452167359,91.7915064192031,76.4516334749141,511.053019784023,11.9134598701118,83.4476848113351,96.9176810109682,74.6075972130503,43.6504974469593,7.46553486588171,7.3976375127539,2.06866451324911,6.02953193434333,5048.68822573158,67.6698944118853,776.911178680561,7.10162986971606,1.0000354,1,75,
4327,113.111392686763,93.1450941062909,78.3873951555074,497.371824380523,11.7840164938122,85.0561627686287,97.1669485117506,75.37135372086,43.5861499113687,7.4665150530779,7.39815094934219,1.84081506573837,5.79487975344749,4906.80386437793,65.1017080381815,779.150950560071,7.10489496258589,1.0000354,1,75,
4328,114.516298986588,95.0596655444694,80.6786756089905,500.143870223267,11.8484055662465,84.2074634094482,97.0666914867561,75.8428149801659,43.4956782635746,7.46671013902619,7.39892841721183,1.66885475943525,5.65361814536072,4811.46091880701,63.4399042290991,794.699685975465,7.10618102854283,1.0000354,1,75,
4329,115.241506275235,96.1544160361374,82.0465667289782,494.400677056504,11.8092960258137,84.7828277604587,97.163550516258,75.9877503721413,43.5481889025872,7.46710439936413,7.39828251075893,1.44221124009371,5.48638606413354,4729.09606077286,62.2349791593072,791.303050727211,7.10783266658513,1.0000354,1,75,
4330,115.164037012759,96.6711934341426,83.0025699195131,488.182285858963,11.7624399580233,85.2413469833616,97.2498339374737,75.9755144345203,43.6217788331507,7.46872541810916,7.3974293850239,1.19831967383593,5.32044104893039,4581.12526649966,60.2973905553205,791.915238910115,7.1096170481817,1.0000354,1,75,
4331,115.105945345898,96.84891512833,83.3545884457795,488.131026618874,11.7913777066208,85.0136860498191,97.2300813944653,75.9712949733798,43.6154327399134,7.46817636689692,7.39737435667398,1.06091457704562,5.21913254792985,4522.4574071698,59.5285022949058,794.289246852126,7.11036942828835,1.0000354,1,75,
4332,115.391109488371,97.4231889215404,84.1425519808394,494.153117588787,11.8930443080152,83.4031704115578,97.0390497570585,75.8753996603235,43.6417759046495,7.47033547421509,7.39699638782661,0.882222120837476,5.10676753338156,4445.22381454199,58.5858372337044,799.465511067386,7.11127098791655,1.0000354,1,75,
4333,114.735626335246,97.1026159250447,84.0695212740263,500.064270813255,11.9879721647356,81.9433577295633,96.858032466444,75.81072960295,43.6986548674455,7.4721315530018,7.39631731821519,0.696167527343357,4.98758271560987,4358.64965273064,57.4938359722769,792.654674566445,7.11329108676306,1.0000354,1,75,
4334,112.406545492199,94.9026068769514,81.9649131178553,522.02940390902,12.2561884232547,78.2397495800855,96.3151594612573,76.1520602043872,43.8107920210051,7.4746048118625,7.3950950503076,0.425844528944741,4.75129201482141,4346.22554941678,57.0729870964987,792.375376650964,7.11495920798386,1.0000354,1,75,
4335,107.45851881938,90.3444684989782,77.6949530447681,570.371667302028,12.8261794745955,70.9757038058543,95.0314015849635,77.5537720898767,43.8516752604547,7.48316455941752,7.39458649789971,0.145147726021954,4.28107029111626,4327.6342809499,55.8017252331019,783.35902927447,7.11941764248526,1.0000354,1,75,
4336,104.156475427649,87.2291449393789,74.7176397958748,601.286671646112,13.2078425150783,66.0837523170599,93.9875270278994,80.550510252659,43.6814300959018,7.49183379496803,7.39617934321874,0.0114989703915942,3.9232427379508,4445.81708997233,55.1929103369718,784.574409209082,7.12782281619746,1.0000354,1,75,
4337,100.291819287143,84.1845962421751,72.2792574698077,623.989780195336,13.4973795861291,62.6492737700673,93.1077932568428,84.0796124116354,43.6851810507037,7.49658992108856,7.39605527263659,-0.225837852982249,3.40182676720866,4415.767465428,52.5188846472004,789.959071906259,7.13470160231168,1.0000354,1,75,
4338,97.8509207171998,82.5320175232108,71.209349945045,634.521792130479,13.6448782297953,61.1585616793778,92.6944475036436,88.4775706717992,43.8059452793194,7.49850724765437,7.39478051274292,-0.380984193580903,3.02819684654196,4419.32237542519,49.9485049359948,788.682179392738,7.13934632739713,1.0000354,1,75,
4339,98.3998345737075,83.582410919187,72.6304021310631,652.177885295733,13.875089086966,59.2297618381002,92.0694228437041,92.6043320963491,44.1525214471623,7.4987881995397,7.3912921761513,-0.560946910288956,2.76699083631029,4474.02929787788,48.3133909245512,795.824594740863,7.14130049601154,1.0000354,1,75,
4340,94.4620254143036,80.7437819718866,70.6042107318392,688.07513190378,14.3252283085371,57.2576768773588,91.4265243061232,96.0838849384762,44.8436182823288,7.50228241982942,7.38449043970099,-0.815315094559643,2.27447135314086,4297.77704297582,44.7294262271737,790.291298764182,7.14328680916483,1.0000354,1,75,
4341,82.5228973049811,68.957811663428,58.9314440153235,754.116667363594,15.1498075084317,54.5669005545583,90.6711630386805,89.2014018772858,45.7534129725721,7.51821038601368,7.37571974458663,-0.943749006516469,1.73550180367174,3945.38184151564,44.2300430092265,758.947380487088,7.14810562436519,1.0000354,0.999035783142977,75,
4342,59.0464032061917,45.6776119979417,35.79633153967,753.696410579304,14.8627525591466,53.2562709224769,90.5145125439714,72.4591095517893,45.9826512727684,7.5364857702916,7.37331040829336,-0.961390500251349,0.999174793254229,3158.49326378147,43.5900093627838,639.992601679876,7.15900931478593,1.0000354,0.957818892590764,75,
4343,57.1014577923848,44.4017014999235,35.0149251098434,706.523318915527,14.0261652130669,54.2772907613229,90.8358304684009,74.7996458968238,47.5278406550144,7.52834053623163,7.35777431800875,-1.07832493286629,0.701320379612378,3097.34620038032,41.4085676909847,632.853907503253,7.16211398317484,1.0000354,0.919941816095328,75,
4344,63.2154494886746,51.3122007073353,42.5141472602584,1153.71075340728,20.2678483974306,51.7766340536991,90.7094899807854,90.4038475119283,51.4288379028979,7.57315864370953,7.32079359285064,-1.25243968653762,0.517249354814186,3508.70815577266,38.8114914612424,653.081279798239,7.157171488917,1.0000354,0.948983106743031,75,
4345,87.3154647179024,77.4282769103525,70.1203554873807,1715.73630333779,29.4872147630819,64.6114219101236,96.1858950323101,133.628685107318,51.566972728325,7.70362599502864,7.31445459431785,-1.50282692002718,0.530825087014204,4307.91673393592,32.2379639556897,620.07934677247,7.23189964860056,1.0000354,0.998722237850973,75,
4346,70.5755529882176,57.0201756365841,47.000983681029,328.954402607463,9.69178959876933,223.491250134272,101.566957114138,77.3427690068449,51.4148605181669,7.56731839641573,7.30838186726312,-0.850345470733398,1.29283017702593,3418.42574110022,44.1983883560943,506.051896175291,7.29895898129288,1.0000354,1,75,
4347,60.6248022352499,47.8917007653503,38.4802779397723,1005.38442796484,18.6152994671901,64.7728173617659,94.1051681771508,75.8489819517075,62.2299287325654,7.50474789917106,7.21785743145645,-1.01787225523416,0.789965691384105,3149.04435434428,41.5172922999711,533.690451463204,7.19086505365267,1.0000354,0.98273837142833,75,
4348,58.1510212924009,45.6914159843979,36.482142495874,1347.04410817688,23.7322631335742,54.7076123324474,92.3571313318734,76.2596408950602,71.7575454032495,7.588439904963,7.14647594197477,-1.09895148659584,0.644785110231137,3098.08880663813,40.6255362636885,508.025329422577,7.18198394262237,1.0000354,0.988408909942304,75,
4349,57.8640183990477,45.6175606008714,36.5658309239585,968.304108824458,25.2197795819942,56.2273517801964,92.6814408045194,77.265666631457,72.3298783164375,7.57262308468744,7.1312593263281,-1.11341632801418,0.548802330303483,3085.26070517041,39.9305518178797,493.953546432069,7.19618154951942,1.0000354,0.986689799459222,75,
4350,58.7728167755253,46.7018227363287,37.779783663879,0,17.8797735778979,60.9141588541915,82.4446496176796,77.8723785311196,91.4525585119899,7.05240088595821,7.01519473826271,-1.10323999996354,0.539328186069143,3064.93520144609,39.3584382454849,593.475392607864,7.04673234654128,1.0000354,1,75,
4351,3.37899657836395E-06,3.37899657836395E-06,3.37899657836395E-06,0,0,4.43638669125913,74.9493494624415,0,0.280694923623169,9.53425412957006,9.52613437670963,1.63574356572732,0.544758136467445,0,0,0,7.01772460764519,0,0,75,
4352,0.0209136674021387,0.0209136674021387,0.0209136674021387,0,0,0.732731115998727,82.6389273234331,0,0.00187482216369035,11.7094937383798,11.7014434727828,2.02330129766921,0.54252938391155,0,0,0,7.01851582264343,0,0,75,
4353,0.0108018876488165,0.0108018876488165,0.0108018876488165,0,0,0.0340580898720412,28.9554508670094,0,1.26249308373721E-05,13.881457735085,13.8734079336202,0.331792207995091,0.541709471666799,0,0,0.186027474818299,7.01836595537361,0,0,75,
4354,0.00962747465155591,0.00962747465155591,0.00962747465155591,0,0,0.00942439041182897,67.8788183300303,0,8.50136805074124E-08,16.0534655303887,16.0454157320494,0.40736078793385,0.541407842808383,0,0,0,7.01770333370387,0,0,75,
4355,0.0378458651633774,0.0378458651633774,0.0378458651633774,0,0,0.000238479211933904,4.28118639051568,0,5.72401945001553E-10,18.2255685551661,18.2175187568479,0.770164322071132,0.541296879752507,0,0,0.656667149337776,7.01688308466339,0,0,75,
4356,0.0229166686851251,0.0229166686851251,0.0229166686851251,0,0,3.22267300315471E-05,4.27276264296374,0,3.85441477434728E-12,20.3975814526332,20.3895316543151,0.505515286845553,0.541256058725523,0,0,0.399080785047308,7.01608298560452,0,0,75,
4357,0.0273983404407789,0.0273983404407789,0.0273983404407789,0,0,8.32960456966765E-06,16.5256168915826,0,2.5956490525653E-14,22.5695339922553,22.5614841939372,0.76091879123897,0.541241041508928,0,0,0.478824523074909,7.01527470834682,0,0,75,
4358,0.00775671291298777,0.00775671291298777,0.00775671291298777,0,0,1.29191950403126E-06,21.3415976794492,0,1.7479751137132E-16,24.7414830380536,24.7334332397355,0.216300898256663,0.541235516983678,0,0,0.136028946439411,7.01460529803501,0,0,75,
4359,0.00649519839324664,0.00649519839324664,0.00649519839324664,0,0,2.28945174110587E-07,33.5664702688188,0,1.17722346571494E-18,26.9133632981925,26.9053134998745,0.183524827087667,0.541233484624416,0,0,0.114292524970582,7.0138874701331,0,0,75,
4360,0.00458666797043991,0.00458666797043991,0.00458666797043991,0,0,4.16078400949085E-08,49.930643471574,0,7.92841041825412E-21,29.0852364623054,29.0771866639873,0.133347969981851,0.541232736961227,0,0,0.0809767419716931,7.01320247799565,0,0,75,
