4320,114.758446618675,92.7166309662853,76.4248541797366,501.756882195477,11.5686481459914,92.2548732405669,97.8877778944425,72.4194501475416,43.0871129693406,7.45340720363723,7.38720050631604,3.3466976239346,7.12479674002411,5204.72047944197,71.869096890936,753.133549797877,7.0877421419331,1.0000354,1,0,
4321,114.514496163325,92.4875368123358,76.2067407703004,500.457776700341,11.5940734452815,91.872007880524,97.8561665795663,72.3797231191465,43.1175578360681,7.45287903119513,7.38676690401579,3.27160508762308,7.1184727932812,5198.35924878851,71.8206567360217,756.965069692267,7.08755806543293,1.0000354,1,75,
4322,114.306506652052,92.3400994819532,76.1040593997065,498.587778093549,11.6093732452658,91.7583505440694,97.8546936710909,72.4857042777568,43.1272679360149,7.45242819555101,7.38654671791743,3.16283996579042,7.09096571308849,5191.65965478029,71.6232215236049,759.552877655576,7.08774372226205,1.0000354,1,75,
4323,114.025950017497,92.1697071347416,76.0150928300966,497.740513172169,11.6352526613537,91.1556143590691,97.7991488651187,72.6603809919566,43.1404510141506,7.45255266229675,7.38629568564721,2.9978362432507,7.03118335218455,5178.07099560707,71.2640220835104,760.914854551749,7.08804362953349,1.0000354,1,75,
4324,113.931581648289,92.1516787852808,76.0534897126225,505.807746724306,11.7689577017907,88.5497274782124,97.4961597225574,72.9378168739751,43.1031360781244,7.45225546064712,7.38655653421559,2.73501556081781,6.89287964329033,5179.68704208056,71.0151093640524,761.807729503458,7.08856979310923,1.0000354,1,75,
4325,112.708730305259,91.3378416484164,75.5419674237934,510.495929111588,11.8571425741078,86.452782818332,97.2582416060367,73.4579408192978,43.090732671346,7.45552168683753,7.38656890251423,2.39908660386222,6.59589597846646,5118.65847054788,69.6814859422684,750.715169707236,7.090001535062,1.0000354,1,75,
4326,111.892223789207,91.2108081075276,75.9245443428082,515.298417773404,11.942883519004,84.5995852612005,97.038507406629,74.3334164060057,42.974440065749,7.45849060808437,7.38763043795529,2.13168349262147,6.28155374638472,5012.55532513063,67.4334043487559,750.74115651176,7.09265713951831,1.0000354,1,75,
4327,112.620140784617,92.3072095049969,77.293303776582,514.295909224732,11.9616003502753,84.2162179248425,97.0031518297235,75.2822838948709,42.813562570403,7.45891584954555,7.38914761883311,1.94063709870353,6.08754245742857,4986.09107640466,66.2319315838979,758.155811573529,7.09404991423138,1.0000354,1,75,
4328,112.158102693047,92.6016120896072,78.1468146870648,512.851019778746,11.9745247214596,83.7688120824905,96.9714664345158,76.1392161196568,42.8068383717058,7.46126785045862,7.3891060121584,1.63636037272087,5.74006612814801,4855.05491618996,63.7654964632153,754.053070048797,7.09624233335966,1.0000354,1,75,
4329,113.193767148565,93.9806140842316,79.7795879062457,510.907277201435,11.9813136839643,83.6408418582578,96.9713276005781,76.9097776384498,42.7152049367775,7.46162340220429,7.38992777099816,1.44777065991194,5.5615369738156,4818.09124120971,62.6460170494758,762.779764882044,7.09794785863696,1.0000354,1,75,
4330,112.989776083736,94.263079334724,80.4216078245844,509.609746040323,11.9944127101522,83.4209915140794,96.9635328040051,77.4462308006799,42.7717294728719,7.46280772571342,7.38924604626577,1.22128107344001,5.33253155743671,4728.85813672549,61.0598874578668,759.797872155884,7.1001582543869,1.0000354,1,75,
4331,113.898210186808,95.4670118188311,81.8439521555434,510.671938299361,12.0325793684762,82.6869109995663,96.8791608632627,77.7852545165246,42.6890600258955,7.46371204866832,7.38997971580391,1.05156961248715,5.19589642273881,4674.61310308485,60.0963914322833,769.447218867999,7.10126996702852,1.0000354,1,75,
4332,112.96774792346,95.1798157207611,82.0322136578965,504.967679133348,11.9968430305416,83.1908719109506,96.9750359513711,77.9249752693366,42.7705245538612,7.46483922174028,7.38904618390639,0.808815229576748,5.01992312651479,4519.5683672283,57.9989708255543,761.742703130275,7.10358348854863,1.0000354,1,75,
4333,112.860341717791,95.3217461987207,82.3584364672344,516.912557040172,12.1540250605874,80.7879816965239,96.6420534627423,78.233135962556,42.7193760184164,7.46592141129913,7.38946093272681,0.594757046770006,4.82949341271688,4473.83922864446,57.1859886939178,763.601827561572,7.10415738684393,1.0000354,1,75,
4334,111.940409852023,94.9096466698332,82.3216912743019,517.529205994683,12.1878184797438,80.0330449765625,96.5641307722139,78.6387638517649,42.7526116991562,7.46888728727252,7.38901945579391,0.396427174701795,4.64702427997715,4366.82320810306,55.5301608801301,764.582961148521,7.1069019271148,1.0000354,1,75,
4335,110.680761459654,93.9668224621711,81.6130414640317,535.617724925977,12.4163966021788,76.9292568548252,96.0891078987583,79.1960579399974,42.7589254116855,7.47162129941237,7.38885385088032,0.201680654336079,4.44806584543322,4315.95789448803,54.4971303717921,761.789660040411,7.10912439467574,1.0000354,1,75,
4336,108.229643218389,91.6114277296099,79.3283988900775,552.342750784255,12.6315467231039,74.2825152732657,95.6486812357516,80.2337479288543,42.8383177073428,7.47456605411993,7.38795045497875,0.0110816323512446,4.22692084757726,4347.46693464372,54.1850162415291,761.342886582153,7.11242279605603,1.0000354,1,75,
4337,100.192279542435,84.0915824522197,72.1910672116257,615.158554768018,13.3799677185437,65.0354090864906,93.6811226353513,82.8896095134766,42.8616449912731,7.48733269767319,7.38762286526354,-0.292024078805361,3.50696944178839,4351.50608258288,52.4976062515459,759.87594411641,7.11951290217394,1.0000354,1,75,
4338,94.2285675864585,79.297079984438,68.2607630612055,627.905189516059,13.5568916464172,62.6681282351015,93.1043629046224,87.5229958250452,42.7165266532422,7.49305902763689,7.38901606577142,-0.481052310967665,2.82354391951321,4261.08379154294,48.6853055174285,759.145179545718,7.1274823392219,1.0000354,1,75,
4339,91.2411180185017,76.9070987465916,66.3123888499624,626.487645469332,13.565363162135,63.0785642268083,93.2596488327511,92.8200882738567,42.9533362025541,7.49359130016604,7.38654772567895,-0.655678859419019,2.38373402341273,4338.15218090341,46.7372124028165,738.754254476542,7.13100903943408,1.0000354,1,75,
4340,90.254670331774,76.5559311817807,66.4307761578726,637.916163642127,13.7225098586421,62.0595263056419,92.958228434496,96.7246491995872,43.4151565944025,7.49273262197084,7.38184554604025,-0.789335467263089,2.1461485804555,4320.28682762564,44.6658309270361,736.554709578664,7.13129481648308,1.0000354,1,75,
4341,79.7003984994154,65.9763642578916,55.8325128619827,668.31752491662,14.102938740393,58.7004436590163,91.8704644041623,89.092733309601,44.5918879628146,7.49389043979882,7.37018210080328,-0.959982339924906,1.71782019271023,3986.74903410477,44.7483075892469,719.199849281,7.13004273683339,1.0000354,0.999531619807149,75,
4342,54.965490131667,41.4124915212682,31.3950577657561,774.585249806759,14.7743845123805,52.0518785987688,89.8807197753572,72.258309832574,44.8791904384088,7.53042718137754,7.36732275768756,-0.937316025451488,0.923470471083178,3193.14039903535,44.1906322806886,603.334338772183,7.13272804325142,1.0000354,0.912400453461763,75,
4343,53.1210983982381,40.350886999486,30.9120350960605,721.543805473584,13.8243032418641,52.9338588644409,90.1772131050514,74.5673029709501,45.9195135269117,7.52292388413305,7.3568019655621,-1.08415932285563,0.640573699925689,3104.855148256,41.6382921810326,595.311291941413,7.14155636108468,1.0000354,0.869529571244247,75,
4344,53.0072561052944,40.569407074479,31.376214312572,784.476298295146,14.7593767121485,51.9257585517847,89.6446835340146,76.8050647414618,49.0418588354639,7.51782061568173,7.32664518213415,-1.19539979882972,0.49190816565453,3114.79853937199,40.5545981877224,592.203228164375,7.13772627290082,1.0000354,0.881764596972046,75,
4345,60.8301367320807,49.4081004752792,40.9657258506868,1226.832964984,21.3435691226732,51.8167820250936,90.9765498978792,97.5644443854929,52.6019263861827,7.58145156584499,7.2930582212949,-1.34519788896558,0.322548541342507,3633.53988500551,37.2424596674666,607.700719599085,7.14683655135045,1.0000354,0.941532120514416,75,
4346,82.2198399334121,72.2725078437249,64.9201319513474,1678.02239551471,28.9637356875444,67.4215895844971,96.4775975656579,133.888354158535,53.477651858532,7.6794724508841,7.2803978753143,-1.50846082875997,0.403836569291208,4342.5441414029,32.4340691817076,579.853645355466,7.20999004426071,1.0000354,0.998730637578144,75,
4347,96.3970614282607,86.5966151192867,79.352806977871,1819.26095052528,31.5119438121729,85.8767576202836,98.6411424688147,147.689392697176,50.2690597998846,7.72019395320538,7.29984206276365,-1.47876746615741,0.784387513057159,4719.43468631598,31.9551363854056,591.163522200384,7.27552665294814,1.0000354,1,75,
4348,60.337585046602,47.3407932067344,37.734468803354,821.560668168218,16.1552466859492,76.3855650892179,96.1671143093869,76.6290722575674,55.0772533895662,7.46473358163727,7.25220530833712,-0.936692770891468,0.827990169505557,3247.31600124753,42.3770757700494,516.507237366329,7.22168823348472,1.0000354,0.980994625667966,75,
4349,56.8382688966836,44.1423702795784,34.7584452147616,1405.03216196501,24.6102567574823,55.7843500163391,92.6291023261036,76.4778889776931,71.1291951071371,7.57908544090712,7.13217533729446,-1.07733441045505,0.651196337232677,3165.87788397798,41.3959894329902,490.516783786176,7.18002521523849,1.0000354,0.980249197852084,75,
4350,55.6769343329866,43.3327601201324,34.2088052671532,1486.10436821246,27.1389917601369,52.2037979427108,92.27224830394,77.7829496214186,74.1280820853216,7.62956709475196,7.10320359721375,-1.10524387352371,0.517869733219429,3130.69869392151,40.2491639769267,471.442895846822,7.2011053025148,1.0000354,0.979784887099946,75,
4351,7.02247889966321,7.02247889966321,7.02247889966321,0,9.02427258875924,72.8212958922513,96.4306466190312,0,27.1112151374821,7.5559348930989,7.52748451867259,3.89700145104372,0.504819534856467,0,0,19.819377593556,7.10103822065333,0.0781568933358959,0.752210396218577,75,
4352,3.56550851178895E-10,3.56550851178895E-10,3.56550851178895E-10,0,0,2.04292179750194,56.4024063701175,0,0.0992472491384515,9.97937829804611,9.96369808023716,-0.000136398788990633,0.503716517083487,0,0,5.99232491971551E-09,7.10436196341111,0,0,75,
4353,5.57484020159094E-13,5.57484020159094E-13,5.57484020159094E-13,0,0,0.178774460811104,32.2184450255826,0,0.000666698019417721,12.1521013941588,12.1364684757479,-3.17662437834265E-05,0.501661030051562,0,0,9.40909523462222E-12,7.10489029084981,0,0,75,
4354,0.00138586612153493,0.00138586612153493,0.00138586612153493,0,0,0.0116567606365538,8.14220759688275,0,4.49040680551525E-06,14.3239066348926,14.3082740342293,0.0409515499888111,0.500904858630844,0,0,0.0234882901547512,7.10455447867697,0,0,75,
4355,0.00869875084887994,0.00869875084887994,0.00869875084887994,0,0,0.0032105257364353,31.2494773766974,0,3.0244396013624E-08,16.4957157056271,16.480083107104,0.264225405894733,0.500626678711144,0,0,0.148032982998779,7.10390901338563,0,0,75,
4356,0.00972403799774176,0.00972403799774176,0.00972403799774176,0,0,0.00143590383527333,87.6725992966732,0,2.0368109316167E-10,18.6676316932748,18.6519990947662,0.582644135954946,0.500524342037734,0,0,0,7.10322361620748,0,0,75,
4357,0.00495753118548258,0.00495753118548258,0.00495753118548258,0,0,0.000250736053357508,92.7533078439113,0,1.37151378082538E-12,20.8396603665309,20.8240277680223,1.10460810750501,0.500486694479507,0,0,0,7.10248587480585,0,0,75,
4358,0.00315163747030822,0.00315163747030822,0.00315163747030822,0,0,2.75295441855988E-05,88.7930663788861,0,9.23670055953311E-15,23.0115545789986,22.99592198049,0.770020074832091,0.500472844716827,0,0,0,7.10178009229557,0,0,75,
4359,0.0179723393310477,0.0179723393310477,0.0179723393310477,0,0,8.94064205688082E-07,22.9535946130422,0,6.21918156105515E-17,25.1836494273943,25.1680168288857,0.447018513437296,0.500467749673871,0,0,0.310561555716136,7.10109488762811,0,0,75,
4360,0.00697567197782429,0.00697567197782429,0.00697567197782429,0,0,3.44686862885869E-07,76.8327563600974,0,4.18772059705688E-19,27.3556880931417,27.3400554946332,0.204546413915926,0.500465875312317,0,0,0,7.10046943274068,0,0,75,
