4320,129.091462391964,108.520394715774,93.3156925203282,516.130781196968,11.7622056366301,90.7003055279742,97.7140514282455,76.2306321346318,42.301292373711,7.45184890931957,7.38094078513268,2.97200293075074,7.59377237972975,5113.06337585824,67.0736058810059,767.953847724241,7.08114603820208,1.0000354,1,0,
4321,130.749256486209,110.509845279932,95.5502804752931,509.47414638215,11.7229498142163,92.9585143281661,97.9830053407135,76.7757316723538,42.3708058191092,7.45093971200584,7.38010323916819,2.84657690236254,7.61836795802825,5066.60047801898,65.9922135244647,769.213574653941,7.08132103622968,1.0000354,1,75,
4322,129.921050680476,109.564579490413,94.5184920890614,510.921689468222,11.7777598400331,91.5467219366111,97.8320904807421,76.2256091821624,42.4111462182806,7.44983149324721,7.37956979122145,2.67249244637154,7.56058472274161,5059.39072747167,66.3738969324711,767.691191776956,7.08070059688748,1.0000354,1,75,
4323,128.637409284319,108.64657175734,93.8707353243557,516.163706095277,11.8738539692375,88.7835400652212,97.5244597490164,76.3607162184687,42.4480912338841,7.45164531053216,7.37907536516951,2.45462157025131,7.40852488112546,4977.32276469832,65.1817192292717,763.26967464884,7.08078390519269,1.0000354,1,75,
4324,127.587088473965,107.705498291308,93.0104098954311,517.891599064117,11.9262673854901,87.3774542137326,97.3678115201748,76.1819711287616,42.4359255483181,7.45298086859992,7.37908627068428,2.28224959634627,7.26988187834942,4938.53509732539,64.8255095549884,764.464549452622,7.08174533325239,1.0000354,1,75,
4325,127.096305376136,107.292371528455,92.6546812932131,525.494034038076,12.0386542824935,85.0482129521589,97.0757896345591,76.7109119063911,42.3238470526093,7.45408955149589,7.38012351463122,2.07258112198107,7.08664019325375,4953.40039161049,64.5723048847995,771.337924208135,7.08230452010107,1.0000354,1,75,
4326,126.3238924887,106.68950001777,92.1771229740394,526.83905955756,12.0830109185367,84.052010531481,96.9619462912868,77.4919819297341,42.2579735526003,7.45572581504296,7.38069081286264,1.84080176425906,6.87949335389925,4960.99806979646,64.0195017117364,761.857270408407,7.08446338170748,1.0000354,1,75,
4327,126.267585140993,107.16934146473,93.0532483127097,536.122632365554,12.2123018733105,81.7576969728618,96.6526023330441,78.3162362113042,42.1450923317784,7.45796641173935,7.38174582200006,1.59914822593037,6.63449701561131,4876.85742923589,62.2713458302272,768.238324620177,7.08694140851648,1.0000354,1,75,
4328,125.21562597747,106.651396705751,92.9300098527421,533.314989123361,12.2122979268115,81.4863060110965,96.6440615136854,79.1401925926022,42.0747166112225,7.4599788661199,7.38236612105006,1.35514281028434,6.38699576710021,4790.36767309034,60.530149297844,767.375487370605,7.0893949787231,1.0000354,1,75,
4329,125.048188151432,106.803745549311,93.3187227564394,541.753183034543,12.3340598466731,79.565566470438,96.3715781759919,80.0053008180613,41.9505896315311,7.46205482056563,7.38354466486156,1.1140336919681,6.12048211353093,4759.31208190941,59.4874593713794,764.742226329411,7.09132591441674,1.0000354,1,75,
4330,123.863034586779,105.902403375168,92.62715421876,536.710512412314,12.3095080307346,79.7161815807648,96.4280376095146,80.8709218374357,41.9006940369161,7.4635801755988,7.38395766870054,0.875332075193762,5.857514301872,4735.96856215379,58.5620697099742,763.027831473893,7.09407885981192,1.0000354,1,75,
4331,123.127479075121,105.8427201495,93.0670287696928,537.560869464692,12.349221513528,78.8887615575981,96.330756780142,81.7920228100673,41.7857984037377,7.4659714087165,7.38504703881381,0.640886815275958,5.57256933925236,4609.66216031932,56.3583342476272,759.831467230112,7.09578312974643,1.0000354,1,75,
4332,122.054195576584,105.280982452499,92.8833901433932,548.800937668459,12.5044580416143,76.7439704670643,96.0011414936704,82.9393805748152,41.6709831190277,7.4683169105915,7.38613897963418,0.359637790046669,5.22886473557702,4535.9877655519,54.6903983863278,762.061323377588,7.09800404013079,1.0000354,1,75,
4333,120.569703820704,104.364497196139,92.3867357779822,548.0970550618,12.528215502008,76.1722935507311,95.9443195532542,84.0695071825149,41.5862197413891,7.47101948977157,7.38692046093974,0.135098838654172,4.91429635417121,4442.09555125888,52.8383679187638,758.682179409804,7.10149864701653,1.0000354,1,75,
4334,119.463222352229,103.674453580241,92.0044940531198,551.068536880114,12.5933815949302,75.1409655115889,95.7997455056223,85.2058813746575,41.4714192744317,7.47350201669535,7.38801871439067,-0.0427290095261212,4.66919975236655,4386.44470817897,51.480539106114,760.698317597941,7.10364364859649,1.0000354,1,75,
4335,118.284705034309,102.918093357821,91.560162988243,560.459503194054,12.7319455391125,73.2408508595232,95.492708830532,86.5374735323152,41.3947016494772,7.47719738990553,7.38872163586226,-0.217438108056669,4.42276242379467,4335.87896047748,50.1040622460321,759.630189016487,7.10669209759101,1.0000354,1,75,
4336,116.097822111967,101.094134294604,90.0044519948143,571.086300619782,12.8858771963735,71.2972582596126,95.1522059098258,88.1796021828835,41.3418694389092,7.48058562690902,7.3891769382456,-0.442676848234762,4.11210502779302,4313.80963468204,48.9207200746409,761.012703341826,7.11044621870764,1.0000354,1,75,
4337,111.735801170129,97.1188248928487,86.314972861815,600.533745805584,13.2585793860591,67.2148440131013,94.2692147440874,90.6698392891328,41.3726989815107,7.48365990223062,7.38875759165777,-0.662044439836446,3.69052455156346,4321.30788205619,47.6598162733715,756.185297841201,7.11388729333898,1.0000354,1,75,
4338,103.653253000062,89.7345864311483,79.4468763584732,634.865051380159,13.6937288512041,61.9224449782424,92.9284621435605,95.2053671966373,41.4087428320641,7.49170692103275,7.38829109872416,-0.887970284213206,2.94277346204215,4320.69773507945,45.3829218068712,751.980066793796,7.11959843240989,1.0000354,1,75,
4339,90.0923379444785,76.4493939401539,66.3654788065226,638.382121953458,13.7656147033132,60.7970636947688,92.6664307313259,91.6790541567534,41.8050355674152,7.49595081593419,7.38407666083544,-1.01962424934221,2.18273768683544,4078.24246460452,44.4839064071442,722.850343544437,7.12403009683559,1.0000354,1,75,
4340,54.9099297164652,40.9531422963008,30.6372559422663,607.398300278858,13.0859696313966,60.2238736884828,92.6133382851499,71.767415540782,42.4490188271701,7.50214108658557,7.37737152337212,-0.956840307619523,1.07336390864725,3265.93541577019,45.5072178809939,562.895326591206,7.121043383556,1.0000354,0.956317435073902,75,
4341,49.9739783173194,36.8728376496888,27.1893858518749,614.783010577267,12.1635186292598,55.7517881526932,90.9074942500531,73.2138961835229,42.9540464264098,7.49641120815532,7.37217350799222,-1.04304430133003,0.64397370808478,3127.50095148136,42.7173134406309,532.767623075933,7.10802628884869,1.0000354,0.822034767298723,75,
4342,48.0040060082694,35.535079550543,26.3189165165713,712.716291787513,13.0029003289255,51.3445232850919,89.2085428460023,75.4697202577652,44.6745916588962,7.50844488748371,7.3549667573811,-1.20864422068821,0.411459693127024,3068.29155942029,40.655928615352,518.802536549572,7.100680472687,1.0000354,0.767300115267529,75,
4343,47.6554069621789,35.6588597291978,26.7918465569944,683.921966996231,12.5534794194409,52.3386589260737,89.4324698348632,79.1012544623688,46.7557163477165,7.49434656520246,7.33451716161624,-1.27958808947394,0.216866397268427,3094.10082049437,39.1156984996533,519.022633011428,7.09868108979351,1.0000354,0.750626041139314,75,
4344,48.5545199396455,36.7697726322954,28.0593072312105,750.878171130046,14.0428555787579,53.9898185857169,89.9023253931182,83.1586431320998,50.6738353263145,7.47802100767048,7.29790886145291,-1.31059005020851,0.134604123819593,3195.37984011905,38.425107959531,527.978216682075,7.08794951728319,1.0000354,0.827941918624683,75,
4345,60.1242100508735,49.3357370344649,41.3616482832063,1224.99482882453,21.7100749745729,60.2685985896423,93.6549285402856,112.640431007033,54.2808708268765,7.55794469663786,7.26485172331009,-1.42096636163677,0.0723613591977132,3962.31597089992,35.1766762207481,553.202521056364,7.10041495887358,1.0000354,0.963232852585874,75,
4346,78.6662550549651,68.6021387139782,61.1634440271619,1636.99203391394,28.6137038369534,73.3266979781618,97.158359128275,141.953225841759,55.3395168461356,7.6513663741931,7.25123974060266,-1.5448621534122,0.265422925702921,4658.17431580605,32.8148535419597,538.371898809239,7.16386681661916,1.0000354,0.999966986665672,75,
4347,89.0532130318485,79.1897216724522,71.8993150155071,1770.19004312266,30.9871971193345,81.8262672218772,98.226852766839,155.291246804841,52.2774743051855,7.68396048063745,7.26905294151269,-1.52139151379316,0.517631883472916,4994.2751696913,32.1606997976374,545.386340594942,7.22206763891684,1.0000354,1,75,
4348,95.3123170420597,85.2906694969666,77.8833647897239,1824.28471801312,32.0108380186045,80.1353881770676,98.1420764617378,159.852440032586,49.6515352439719,7.69563971809899,7.28318078419836,-1.48568341298581,0.741291096865974,5223.39917797708,32.6763806477542,563.440753944865,7.26452106546439,1.0000354,1,75,
4349,97.4604872673061,87.5303364976781,80.1906598418661,1830.25655476402,32.1679067609593,77.8126364279402,97.9603465234991,160.300388060735,47.2576921115353,7.69959673875864,7.29544673225363,-1.49438409314313,0.812288287330087,5190.21367798528,32.3780481181292,571.661647849467,7.29066287378199,1.0000354,1,75,
4350,98.5460614965521,88.4477106797689,80.9837122499726,1832.80081553386,32.2565774137732,73.994686883523,97.6160675352379,160.336315871366,45.1358222839877,7.70519291148426,7.30565370138543,-1.47976293658731,0.858295436925652,5279.31014172592,32.9264777791289,581.568829649477,7.30898978084492,1.0000354,1,75,
4351,98.5038142552806,88.4677576047712,81.0498026891772,1791.81968788307,31.5582723726101,75.8293459628863,97.8185196131445,158.551079431604,43.1562740808811,7.70562791827157,7.31514677832787,-1.48978330021264,0.890080088337577,5188.32447626189,32.7233626845161,589.479306598068,7.32158907570622,1.0000354,1,75,
4352,97.463616760565,87.438257204142,80.0282088363511,1771.49751027899,31.2262619644862,72.2559497290646,97.448517399677,156.566249647751,41.5358907964051,7.70588104360437,7.32173229706092,-1.5030371623978,0.897548863729436,5117.91333975248,32.6884839565804,592.158645982284,7.32902476061181,1.0000354,1,75,
4353,97.7756332550508,87.7071742214504,80.2652697183544,1801.76998801642,31.7998140298024,66.359777787753,96.727701514233,157.441007070278,40.199315664365,7.71092243813712,7.32586938402906,-1.52108891947205,0.860438537035556,5168.6329052171,32.8290132373831,610.196326111152,7.33742777812658,1.0000354,0.999866108349403,75,
4354,99.3293406958588,89.4220775634931,82.0993178569619,1811.5611651066,32.0167125658138,68.4451754209945,97.103316238784,160.211930368152,38.6831926054989,7.72085092947401,7.33228103726861,-1.52873645849952,0.847056755795222,5175.39346033079,32.3034211524586,620.319579289957,7.34790557033275,1.0000354,0.999740701499442,75,
4355,103.913394325743,94.0853139674125,86.8210806590811,1769.94253189996,31.3026671182663,76.4190537061607,97.9527777622556,160.432986496423,37.6453647969903,7.71329724446439,7.33347596921251,-1.46763722477572,1.02808292383544,5141.11346090498,32.0452394060471,617.087182979395,7.35527238329704,1.0000354,1,75,
4356,105.119423173373,95.0288145285573,87.5705385736933,1702.76790658983,30.1217907129542,80.9492896805841,98.2894178136798,156.757139712178,37.0508561877041,7.69905124693912,7.32959107901791,-1.44691226344087,1.16799119525719,5157.50330510419,32.9012338102997,617.367700117782,7.35436803922917,1.0000354,1,75,
4357,103.95968141112,93.6819739725237,86.0854076048657,1686.14222423502,29.8286888012292,76.8101842545804,97.8960112994581,153.737166072652,36.6985125151168,7.69085472471087,7.32311032627356,-1.45667525783642,1.19436725988173,5151.92988605432,33.5112843410919,611.465294833902,7.34796747476087,1.0000354,1,75,
4358,105.044960829161,95.0819342210566,87.7179580324578,1771.40821423794,31.3448655595093,65.3815982711971,96.6090813911089,156.493688478563,35.714061348657,7.70547774976738,7.32452133323009,-1.4848219378516,1.13495692890167,5083.73540586409,32.4852424100188,631.740427746915,7.34696357011019,1.0000354,1,75,
4359,106.391555518577,96.5624488914397,89.2974570365992,1804.80109883059,31.9699696975061,65.956658540529,96.7648624418061,159.560876650373,35.0550054676926,7.71255750710353,7.32209881193996,-1.50292661216553,1.1350983537739,5113.70041969127,32.0485856372945,641.688917101121,7.3531828606102,1.0000354,1,75,
4360,107.289232123322,97.584203702194,90.4109218257084,1807.46666926638,32.0473869992064,67.6297679815244,97.0300333124879,160.393195366999,34.8992908134463,7.71484624672417,7.31335802436409,-1.54402801951805,1.14137880744155,5075.48528257762,31.6440187563088,640.490633192517,7.35982161296476,1.0000354,1,75,
