4320,129.440278535742,108.608642910226,93.2113470131061,515.740015310965,11.7281156413414,92.8720187420849,97.944753279206,76.2381019263713,42.3216916902187,7.44975254576005,7.37937766936331,3.00799805147768,7.45074457256363,5178.33648895355,67.923208449689,768.289474162164,7.08182882745059,1.0000354,1,0,
4321,131.708794473397,111.327524262836,96.2631071506833,513.52939811828,11.7215254883975,94.0465907081745,98.0803852248104,76.5654443042054,42.3816675859145,7.44980238404011,7.37870000036656,2.93959344904332,7.49858044936667,5088.13792811346,66.4547561155338,778.702409796138,7.08275616672114,1.0000354,1,37.5,
4322,129.769724273865,109.109358814988,93.8386539106013,512.876262861983,11.7319546363408,94.4221738769625,98.1217164007074,75.9439963350877,42.4384548683403,7.44876207005675,7.37805724512559,2.87359166634992,7.50197220301915,5115.94972595633,67.3647684193919,765.520815304063,7.0822934043391,1.0000354,1,37.5,
4323,129.169743602051,108.651390384957,93.485651050583,515.117663144696,11.775496471775,91.7017944574126,97.8294152470814,75.9702317374264,42.4096256018636,7.44934133549709,7.37829254431799,2.78473628915571,7.44746379791262,5082.53964192687,66.9017261852444,765.567453124106,7.08171133944995,1.0000354,1,37.5,
4324,129.254894742842,108.669683756547,93.4545278101554,519.854691211015,11.8461637355184,89.6883742663223,97.5965828740382,76.2128306700997,42.3467020793444,7.44955971533548,7.37887921093022,2.67651856925412,7.36651372118597,5115.38395184837,67.1197212709654,774.682692650962,7.08178407984891,1.0000354,1,37.5,
4325,129.138070777934,108.813990187027,93.7918436633135,520.876217759129,11.8722716899866,88.6605526108641,97.4846579977028,76.4508176682784,42.3360802742338,7.45136842774688,7.37893249595819,2.55367708136518,7.25228869232261,5066.26455859197,66.2682848020618,771.538308014647,7.08342636909166,1.0000354,1,37.5,
4326,128.533659595684,108.461162458513,93.6249689223426,518.440427586336,11.8582670188105,88.8603504215322,97.5179599434224,76.7178838328224,42.3058272917488,7.45171890446121,7.37918801198793,2.42773695507205,7.13417814942469,5021.03028870826,65.4479768974037,767.431454726501,7.0841588670096,1.0000354,1,37.5,
4327,127.914536253183,107.817379360803,92.9629590490428,519.680059018625,11.8854554880962,88.2894874363398,97.4521395808234,76.8460562920888,42.2900487259151,7.4518250746225,7.37929573412181,2.3244629865624,7.03269361140057,5035.59773150929,65.5283819948962,771.620284206277,7.08446372668086,1.0000354,1,37.5,
4328,127.43582902991,107.597964496393,92.9351950585757,521.98779861876,11.9237003469296,87.2439843511537,97.331094823629,77.173515065817,42.2618796262532,7.45327453516073,7.37953177950515,2.21157789698985,6.91406582299649,4991.80973582227,64.6829385905907,768.111884261711,7.08538197693737,1.0000354,1,37.5,
4329,127.255654121596,107.704518643134,93.2536793764451,519.426096753308,11.9072316551189,87.4066883070877,97.3630065750001,77.8336156175814,42.204012128878,7.45405592806987,7.38007385628408,2.07616854458074,6.76992913040491,4961.74010326435,63.7480356513667,766.846140947606,7.08625584679947,1.0000354,1,37.5,
4330,126.940254869565,107.686996471295,93.4563272203993,519.420339265588,11.9187337751951,87.2213649787627,97.3456882695347,78.2253374426604,42.1996005026868,7.45427745066321,7.38006728917431,1.94400343187176,6.62989264183516,4910.7350875257,62.7767836875782,765.011820393314,7.08707717282114,1.0000354,1,37.5,
4331,126.957839337048,107.747364030847,93.5483170653939,518.484424263587,11.9195467662682,87.2387002367541,97.3543195107776,78.5597130793214,42.1986485770378,7.45442847754356,7.38002524927679,1.81951692793749,6.48842770743239,4920.76721667045,62.6372860056397,765.460920108847,7.0873926161514,1.0000354,1,37.5,
4332,126.51031135296,107.66578336967,93.7372192081089,518.675531303551,11.9325826442367,86.8066875758757,97.3096724411117,78.8174772958699,42.1884764951315,7.45552461156171,7.38007943437737,1.69851514941962,6.33416565223304,4842.86782092151,61.4440855895711,763.691359099236,7.08812516512558,1.0000354,1,37.5,
4333,125.631192968781,107.053842219122,93.3227568824173,513.719594559842,11.8877094892124,87.7008417719478,97.4291315433986,78.8870306177241,42.1911362789163,7.45520850748292,7.38000061856978,1.59802056105042,6.21769320628064,4778.4188140692,60.5729329225836,759.715696452272,7.08829547442683,1.0000354,1,37.5,
4334,125.503150739477,106.937803985413,93.2155911671916,521.573784224127,11.984995281437,85.8768822840241,97.1969720056896,79.2033870942395,42.1681237633778,7.45570299469042,7.38018624528267,1.49268213083298,6.09194245881757,4794.48143435942,60.5337929381068,769.470463061619,7.08835543041265,1.0000354,1,37.5,
4335,124.827355709411,106.472707295708,92.9062280334052,519.270696117975,11.9704392185371,86.0232611446361,97.2264035814868,79.3810647203702,42.1628438159257,7.45636156992137,7.38018959744525,1.40668435234575,5.99999583670622,4750.70224405922,59.8467942045646,764.106292961798,7.08941396853232,1.0000354,1,37.5,
4336,125.15670877778,106.911642048519,93.4261579442817,524.445403020524,12.0352949574089,84.7246269090025,97.0584716797154,80.1851724098281,42.0569785423734,7.45718827129209,7.38123019507325,1.25206063899459,5.82991526349895,4770.17536404887,59.4894943876706,767.582844362098,7.08959595475523,1.0000354,1,37.5,
4337,124.604463669969,106.693229456673,93.4544911251064,522.258895626541,12.0219061978537,84.8355520395395,97.086591278004,80.3972702235628,42.0871906538033,7.45824189114111,7.38086835785575,1.14346534953117,5.69216130435607,4695.28152981343,58.4010068595257,762.722891223205,7.09106728330643,1.0000354,1,37.5,
4338,123.646463980178,105.953091797893,92.8753819240311,518.423336888458,11.9908898981783,85.3689882068345,97.1662488169917,80.5907756906153,42.0802124013883,7.45834327333906,7.38088930821473,1.05895453166619,5.59787121711223,4649.33426112554,57.6906503415992,764.393747743813,7.09200863756705,1.0000354,1,37.5,
4339,123.713159182204,106.129030357841,93.1320655746155,524.083401548946,12.060585203435,84.0485785423834,96.9925749617878,81.2898392404318,41.9898681817619,7.4591346295349,7.38177147884884,0.911805362718602,5.42773560682252,4660.70852138977,57.3344536652945,766.889386664224,7.0918851511483,1.0000354,1,37.5,
4340,123.184683832475,105.85304890101,93.042710038623,525.002918430858,12.079970766614,83.542861144879,96.9365856935716,81.4928322309715,42.019210656575,7.46072563697138,7.38141774531361,0.829464724890736,5.3233688853951,4605.25588282989,56.511177201173,762.637896244388,7.09312068033457,1.0000354,1,37.5,
4341,122.595404364317,105.41329447375,92.7134741198531,519.655704062085,12.0324883531966,84.3042512098145,97.0502076355458,81.7154347435283,41.9958491392024,7.46067146832179,7.38160827094925,0.76679180885365,5.25779039515506,4577.99600753799,56.0236388866615,758.94180014034,7.09383589011841,1.0000354,1,37.5,
4342,122.014441668683,104.978316664864,92.38639818378,518.467363347942,12.0291380114469,84.4446818297968,97.071817229527,82.0931224571236,41.9576956031343,7.46017800335089,7.38195187681391,0.689342146970844,5.18934033543238,4560.07950226218,55.5476435269454,757.481245762871,7.09375634047299,1.0000354,1,37.5,
4343,122.347874671576,105.42877037432,92.9233454589565,530.693965489962,12.169485434432,81.9800083984165,96.7337991230901,82.7500287417304,41.893308923944,7.46234043797217,7.38256811274132,0.531545095411234,5.02864182334147,4564.99538291558,55.1660881854592,769.165709863992,7.09432999147501,1.0000354,1,37.5,
4344,121.767869132285,105.155870981258,92.8774375652806,527.85329853357,12.1484579414709,82.0696701065521,96.7645544516278,83.1263941497686,41.8645041254414,7.46386528769978,7.38281646468074,0.43101497822033,4.90734000614738,4502.51986842512,54.1647441162063,762.529458309726,7.09633313920905,1.0000354,1,37.5,
4345,121.039762466285,104.484603648273,92.2481819132208,524.681883359539,12.1237364529539,82.3777968109528,96.8195823623585,83.5479366309718,41.8356393334799,7.46430729392225,7.38306514367906,0.332523408621644,4.79956828709401,4509.86873880377,53.979414940236,763.603714613274,7.09769977175346,1.0000354,1,37.5,
4346,120.84113668344,104.601009917148,92.5974379594545,536.995465442541,12.2661628777288,80.1729702893752,96.4981425461403,84.0322721145551,41.7680170869272,7.46598891589387,7.38371702783388,0.238698217612604,4.68331046549888,4449.6960176079,52.9522278243524,764.199240008653,7.09828648953325,1.0000354,1,37.5,
4347,120.311784307566,104.268908698935,92.4111310751639,536.038632490066,12.2653842455027,80.0386326640264,96.4921587363289,84.4813894878017,41.7324401329791,7.46715688224455,7.38403656155485,0.175926831641164,4.60742219274833,4419.14331363618,52.3090747018817,767.171896372491,7.1001141015444,1.0000354,1,37.5,
4348,120.023665936399,103.949693092617,92.0689305559081,534.170083149689,12.2545667043342,80.0547617052477,96.5082348734595,84.9878858943089,41.677201087215,7.46807702000947,7.3845614002916,0.102258266977197,4.5342384524177,4454.25501987835,52.4104697158566,762.908390391156,7.10132087608697,1.0000354,1,37.5,
4349,119.430132832406,103.864310302329,92.3591371279239,543.471363419117,12.3652823061537,78.3454407858208,96.2561765685976,85.5483728593138,41.6544848215593,7.47083586459503,7.38474851836448,-0.0364072459032392,4.36535521628344,4341.88833418577,50.753605113286,768.37961188371,7.10287361909774,1.0000354,1,37.5,
4350,118.517249690659,103.181355241516,91.8461289095403,552.054300821314,12.468843490573,76.9692921016534,96.031665110706,86.2329128317794,41.5496263576093,7.4717134768507,7.38579353009739,-0.151372680458192,4.20056916981311,4311.98249130205,50.0039062778006,769.366848020374,7.10480137118045,1.0000354,1,37.5,
4351,116.329085849539,101.444362547101,90.4426105409509,565.85131585392,12.6305707738242,74.6310984497584,95.6541502035424,87.2246725987606,41.5652951197181,7.47683143245936,7.38558085881155,-0.280177514319446,3.95507483425567,4233.25992714181,48.5328267910513,769.613691588038,7.10769805784076,1.0000354,1,37.5,
4352,114.544411471023,99.6664331508859,88.6696665664369,575.629529107491,12.7485548849291,72.9308190792193,95.3682299006028,88.7240167291923,41.5124162164013,7.48115938185912,7.38608573131012,-0.366494807783905,3.75631724941408,4304.0760685339,48.5108342386144,758.145742651003,7.11131188984832,1.0000354,1,37.5,
4353,112.915387855176,98.5155110707006,87.8721238821753,588.032723544755,12.8957918567047,71.1743026838069,95.0206745372615,90.6196839043606,41.3267034889019,7.48267262435644,7.3879868911456,-0.467101901996132,3.50903812768769,4254.77051174354,46.9519460720476,764.966665846734,7.11460174602128,1.0000354,1,37.5,
4354,111.423916155868,97.3008354137432,86.8620366043467,593.933252458087,12.9700650456412,70.2345952205739,94.8541173643697,92.7864110939919,41.3508389201893,7.48575919659963,7.38768992498186,-0.549182496672744,3.31887229247953,4272.76139017798,46.0494305125102,762.109409097214,7.11717450993337,1.0000354,1,37.5,
4355,110.680361512648,96.8561859457476,86.6383170484733,594.692758295525,12.9856182356857,70.2805260782927,94.8629440973937,94.9487520330956,41.3388106934993,7.48510792689147,7.38777548657379,-0.649844663264147,3.12651188726276,4279.79851126744,45.0748263629169,754.83612944224,7.11874496397866,1.0000354,1,37.5,
4356,108.361032802959,94.8957217585501,84.9431005518128,605.957662030636,13.1184564168287,68.9928221246329,94.5896153897159,97.2335068249038,41.4914332692886,7.48669140006762,7.3861372073315,-0.751255587319394,2.86854912695017,4269.00989003386,43.904719982191,760.803480191812,7.11921510825669,1.0000354,1,37.5,
4357,106.403139591425,93.2056048512651,83.4509052607118,605.411983217684,13.1174511712055,69.2150473407911,94.6578080635799,99.4189967065723,41.676401674697,7.48760620407451,7.38417030250466,-0.84985867022007,2.62653434725327,4278.15989031578,43.0316139976996,744.24976513141,7.12015766121229,1.0000354,1,37.5,
4358,100.416839877818,87.3295977288054,77.6564187491002,615.464036196544,13.2360985085345,68.2485560744416,94.4226961609449,97.6977417164957,42.0185217826524,7.4869004606744,7.38058664089127,-0.912902893129793,2.3153764865572,4168.95766452787,42.6719962128251,736.572794042026,7.11902355975287,1.0000354,1,37.5,
4359,89.8191836855107,76.799734081375,67.1766626348399,616.066229073135,13.2490717683965,68.0784766275655,94.400911616097,93.7868565495629,42.3650774502257,7.48802880376803,7.37698972965342,-0.92289385239749,1.87334579343971,3981.34145970803,42.4509532164993,707.244591612789,7.11750874300494,1.0000354,1,37.5,
4360,81.9542505762492,68.8106952859196,59.0958935495891,617.338908404199,13.2707218687392,67.7344581046409,94.3546510605407,90.6554456733482,42.7722116349137,7.49052286365627,7.37281206293592,-0.934210866178078,1.5845916996581,3885.09439684929,42.8556096988166,686.164304028721,7.11553934896578,1.0000354,0.999928200757111,37.5,
