4320,115.769007474687,93.4076301707564,76.879655641764,494.01016135627,11.4852642027053,89.3007902581813,97.5772156666571,72.3095916520548,44.5739406420235,7.46336867942456,7.40117923730342,3.43611867656065,7.27373822659325,5272.16847861362,72.9110531280922,788.569685703078,7.08001243242363,1.0000354,1,0,
4321,115.838114574417,93.2972167631483,76.6365531635148,488.989112888824,11.4626680545497,90.0761713097614,97.6796971917788,72.1462596116368,44.5606751069956,7.46187886285806,7.40115943914082,3.36820121588591,7.26482405532285,5302.4899257856,73.4963940518731,793.286906241199,7.08002840980167,1.0000354,1,75,
4322,115.504644486727,93.1161882019366,76.5681987740478,485.911527697597,11.4621607150665,90.0658280992796,97.6949944015703,72.1812347166576,44.5835537330098,7.4621718072469,7.40079376330336,3.22554474437468,7.20816285412975,5269.18294970671,72.9993463036553,795.144674738844,7.08037498674863,1.0000354,1,75,
4323,114.667684846306,92.5027708067599,76.1200082557911,490.261253172011,11.5562335054874,88.5048297055042,97.5211504638624,72.3087372854046,44.5838815460929,7.46246982143376,7.40065281281463,3.01868335430496,7.11090015896366,5225.78635601268,72.2704689944502,792.202573493232,7.08068285795367,1.0000354,1,75,
4324,114.371763661025,92.3170782955606,76.015789112391,497.32679930258,11.6817002168333,86.3276763973059,97.2676511811541,72.6048422662556,44.5264720438669,7.4644265431646,7.40107880162948,2.79519906030012,6.9539908556048,5221.0911406382,71.9110596162646,790.662274348043,7.08150025345257,1.0000354,1,75,
4325,112.775914683929,91.1972058050722,75.2477253293954,507.625061208942,11.8407242668347,83.8527923354559,96.9576143584659,72.9731755102537,44.4436235967403,7.4668675867085,7.40175677271303,2.48253738751143,6.65390485456047,5134.32697796562,70.3591003415245,785.054587237332,7.08326509761349,1.0000354,1,75,
4326,110.794918247509,89.7503729441922,74.1957090243493,511.769243991492,11.9211461292175,82.283577651637,96.7654261044052,73.6182070770811,44.2504278295993,7.46979200162677,7.40351873767878,2.16156651031692,6.23379991604717,5051.49124510439,68.6174174252205,783.868523754831,7.08635737361707,1.0000354,1,75,
4327,110.368778014914,89.7557475531316,74.5200293857276,505.098409725468,11.8768866426315,82.4430337786073,96.8247795300186,74.8849213593095,44.0273535376552,7.47213307025062,7.40558358288066,1.92804346370483,5.89740822920148,5033.04768182472,67.2104288882855,783.956029694644,7.08967663229195,1.0000354,1,75,
4328,111.715580149814,91.5861019457867,76.7077919688969,501.874531516031,11.8709747985528,82.2735931282937,96.8332246981972,76.4053036171537,43.8914542204895,7.47430696558654,7.40679776314413,1.75782991235792,5.71705330657062,5014.76798745914,65.6337682078563,795.427413555449,7.0919357758885,1.0000354,1,75,
4329,112.713821617032,93.3396997520989,79.0196966345398,490.980459493707,11.7707546091112,83.8435171753158,97.0626094135677,77.025704558478,43.9074053178459,7.47255762719024,7.40651414567079,1.46014344836593,5.48044213612861,4865.78066569744,63.1708686546753,794.357918656321,7.09411343435853,1.0000354,1,75,
4330,113.071824468053,94.1120658132158,80.0983311552928,494.167810996722,11.8407120739837,83.1066033145073,96.9779863943529,77.7149281008249,43.9389730791665,7.47302410298323,7.40607754266833,1.24905632284303,5.2789409594343,4804.32165253707,61.8198043792061,802.34707267795,7.09457218684717,1.0000354,1,75,
4331,113.864713326952,95.5158594019227,81.9536630225531,495.242760396668,11.8835398129176,82.4963470164462,96.914557473169,78.1957536177552,43.9164843989037,7.47415522687401,7.40617701828758,1.05573602094919,5.13356423872998,4678.28779139111,59.827900812364,803.909272941431,7.09579969953146,1.0000354,1,75,
4332,113.416797447393,95.3991651742916,82.081784798521,488.45851953205,11.8313568438413,83.2755179345698,97.0416435113686,78.4667693093038,44.0089580305338,7.47428483028168,7.40514192471368,0.864994048040245,4.98975451726457,4609.75997367527,58.7479262145267,800.746363371412,7.09710459610359,1.0000354,1,75,
4333,113.337072136474,95.7169786548676,82.6934312988978,493.058586518153,11.915517370702,82.2598379057198,96.9179816887826,78.631192023827,44.0734539688918,7.47497404387076,7.40438631249829,0.662881291362184,4.84763044590981,4517.49717213999,57.4517192969819,804.4028723514,7.09779918394819,1.0000354,1,75,
4334,111.294171564042,93.764233940034,80.807323522289,506.012051361922,12.0871912034789,79.9380205642652,96.6018829028666,78.9298117346158,44.2759835777533,7.47703993319923,7.40227889399228,0.43721676427328,4.63456554807049,4511.45115206575,57.1577589369466,796.618631152436,7.09864489722079,1.0000354,1,75,
4335,106.043544509658,89.01328340451,76.4256991094008,559.424841923955,12.7124782209611,71.837218738576,95.2340789267101,80.3092648847894,44.3581307236427,7.48557472511097,7.4013623994914,0.185848674723852,4.16334085423478,4459.45492795428,55.5285238179151,794.549956338096,7.10258317868672,1.0000354,1,75,
4336,103.494751884112,86.7006153702088,74.2875579468887,577.861469260019,12.9495118140872,68.8248684971643,94.6488190996443,83.2339419523799,44.2070851852604,7.49097284354469,7.40273954566416,0.0323366393046145,3.84678158649774,4557.77586228276,54.7586207666384,794.054337928216,7.10925884502708,1.0000354,1,75,
4337,100.695422830061,84.5496109512842,72.6157499974056,601.939439712988,13.2518368791961,65.6145993161071,93.9012906701327,86.5294319209411,44.3597073451336,7.49376034260243,7.40115017895997,-0.173480775210558,3.46182621538051,4555.31655710605,52.6447066157569,792.405930846856,7.1136547956733,1.0000354,1,75,
4338,98.4688235651002,82.7644025503607,71.1567870177271,621.208607900106,13.4990972523817,63.0562504435873,93.2358222437678,90.4494360762246,44.5935653892029,7.49627767459893,7.39878677820887,-0.34908846521241,3.13304741328544,4631.51009324691,51.2055165202334,791.111381827058,7.11730203179088,1.0000354,1,75,
4339,97.4133574103766,82.2857074565623,71.1044009689605,637.713537277717,13.7136098298172,61.0946353108628,92.6498113224809,94.3154268426811,44.9333107227876,7.49658697542477,7.39542213400533,-0.525954529427538,2.85242678009409,4652.09979930286,49.3249085015816,794.888378249236,7.11959480127644,1.0000354,1,75,
4340,94.4075260701298,80.2090715731473,69.7145617275515,674.905372601703,14.1762246340634,57.9276975639193,91.6068317959666,98.2150716703307,45.5666059905927,7.49918957021449,7.38928621520722,-0.758628517809851,2.40013140894759,4546.88566394231,46.2951926482772,796.961025699991,7.12090189788124,1.0000354,1,75,
4341,81.8385360449506,68.1374659336098,58.0105880252274,690.519665881473,14.3828951044973,57.0024078630655,91.4193536237951,92.8428182705619,46.4777809948274,7.50689313589536,7.38064093073044,-0.894529953375475,1.73871074642964,4147.60725556704,44.6734312123111,748.414431562034,7.12387643750948,1.0000354,0.999654256157459,75,
4342,56.4885086886186,42.8897473137494,32.8384889062374,690.42451044476,13.9816711625724,55.2050491941324,90.9854812439021,72.2079130195258,47.1199424751999,7.51983026223371,7.37455317184348,-0.852629547624882,0.994867476513476,3201.68770153107,44.3398454220011,621.149257134487,7.12363873844651,1.0000354,0.944223592205883,75,
4343,55.2244946645938,42.0727976033213,32.3519780362938,708.044919867451,13.9049773509323,54.1444292763757,90.5274590594383,73.9584683285657,49.0501313261616,7.51702961725026,7.35617528858175,-0.977419596448049,0.780390868976879,3171.49862016691,42.8821565919578,620.714609564931,7.12341971057271,1.0000354,0.90099791971516,75,
4344,58.0989836052364,45.664792650635,36.4743036841904,1096.8636096546,19.2486038438128,50.5739979734619,89.8013245310407,85.5163710385403,52.3420839453128,7.55744656400868,7.32560487678287,-1.17277565334348,0.580454471236797,3467.06207377899,40.542670738641,635.317258199403,7.1232710599196,1.0000354,0.918939189109734,75,
4345,79.4433147420198,69.2850034620803,61.7766864290815,1665.01213579622,28.6039832261185,57.0778402964057,94.5255633888682,128.846184895819,52.4213257863539,7.69723946529912,7.32028983179304,-1.49429677183134,0.383920615884539,4267.64122931762,33.1219836487072,631.70647839459,7.208609212989,1.0000354,0.991116613797714,75,
4346,96.378909666206,86.5165766857918,79.2270262220075,1810.28186188664,31.3064233470478,85.4014276884969,98.6729992904877,147.533056418642,48.9222580117023,7.74467771943054,7.34324190111761,-1.48711414145318,0.778173067279976,4744.20910727083,32.1569228106315,622.531713602421,7.28782563765049,1.0000354,1,75,
4347,59.4309060753078,46.6446705503548,37.1939747275636,743.645276187304,15.0944895133605,75.1829972036028,95.892732560659,76.3781228215956,55.6113585271367,7.46254538555168,7.27979909333363,-0.981007703033082,0.753701437376261,3184.24519392118,41.6905401217958,536.002690443791,7.20861885632016,1.0000354,0.976089677090918,75,
4348,56.7734783300806,44.1093203978044,34.7488558391655,1320.5472794571,23.3010741232153,57.2176117103994,92.9589974433917,76.1677026024284,73.3252953303152,7.57456052979797,7.15073320461677,-1.08909576945574,0.634168689475146,3145.15458551089,41.2924964000505,506.309133472267,7.15985519318842,1.0000354,0.982596771759683,75,
4349,55.5448866446471,43.2131201404475,34.0983362025609,1380.83039579894,24.3241242359873,54.329168228691,92.4245598193872,76.8518234368037,73.5307522608263,7.59798416035293,7.1383784491644,-1.11852774137271,0.514288914710086,3090.11250123481,40.2087076538379,496.561575431743,7.17488910073754,1.0000354,0.981261070082586,75,
4350,57.2114994170455,45.1433541439084,36.2234206811549,0,34.1742282936234,77.0124163958857,93.6716226192443,77.1343047361706,77.1634286411977,7.22401449908227,7.1037813416327,-1.10433812958807,0.486725475935883,3035.16929764157,39.3491496166723,488.59034896448,7.14158833170415,1.0000354,0.988615178009914,75,
4351,56.8526320284533,44.4665589108011,35.3116353021016,0,22.4874561806034,36.3861504521075,49.0843325125744,86.5182911923972,111.918086765748,6.95016195189541,6.92657720152558,-1.1239481695678,0.482406916752717,3494.10856123394,40.3857786957885,701.731203234806,6.89087374684747,0.978269522320087,0.840754789127513,75,
4352,0.00157800650632908,0.00157800650632908,0.00157800650632908,0,0,2.74077975658125,15.3070876276369,0,1.61245283869024,8.76059801815501,8.75913073726991,0.000149680691635457,0.374302444689623,0,0,0.0269864348985634,6.7735320019777,8.3368738319646E-06,0,75,
4352.96925191119,0.000588036176174503,0.000588036176174503,0.000588036176174503,0,0,0.476992022628763,23.7699195702915,0,0.0120654150251537,10.8865274898043,10.8851299581824,0.378584409547874,0.374302440420936,0,0,0,6.77455889693535,0,0,75,
