4320,115.321706837335,92.8350410077487,76.2144619163151,486.094607088756,11.369366770146,90.6850217192003,97.7411793915318,71.9256289606469,44.4049628289751,7.46366689303585,7.40279146806647,3.59356437697413,7.58484376238558,5273.55592504408,73.3195663527592,785.317643201498,7.09476747821137,1.0000354,1,0,
4321,114.813409340436,92.21552082494,75.5127336613122,488.109865493375,11.4384685256113,89.807882640413,97.6469294627881,71.616097329597,44.4351461948083,7.46263918984623,7.40235486272953,3.52443009448567,7.57878298869995,5276.83280878838,73.6822167857449,787.263239051983,7.0942561297101,1.0000354,1,75,
4322,114.529689789762,92.0603480039062,75.4525736404478,487.588823383689,11.4715466583245,89.1800535638641,97.5887243793163,71.6877295612188,44.4488887305256,7.46314346016334,7.40208553874312,3.375989009342,7.52279694171974,5252.06386064823,73.2630799272719,789.01844752207,7.09466461822884,1.0000354,1,75,
4323,113.748807040433,91.4969009659852,75.049839954437,488.061009799127,11.5155362330793,88.4123272290312,97.5116315739928,71.8154001331397,44.4410176222318,7.46364377654697,7.40203220942064,3.16028891672955,7.41964985381105,5210.50268931982,72.5541134583944,785.952832383171,7.09510632493297,1.0000354,1,75,
4324,113.323888823285,91.1625501250063,74.7824302175826,498.095559053096,11.6793774125276,85.9621194288852,97.2152690352612,72.0308613938831,44.3800019050742,7.46471768654128,7.40250228195028,2.92371660030595,7.25938188639945,5204.86442190396,72.2588113092586,784.398690984441,7.09559922261177,1.0000354,1,75,
4325,112.522726479593,90.5176312197733,74.25299559295,499.967029614495,11.737293510576,84.957233653652,97.10162596519,72.3130861090546,44.2742200891594,7.46586891564021,7.40341467266304,2.67849524979205,7.05179129016723,5188.41816310614,71.7493671239745,782.871407787172,7.09759836080248,1.0000354,1,75,
4326,111.269531984123,89.4600387684507,73.3399785655628,502.516763758308,11.8020130036059,83.7105306613488,96.9598515492111,72.6853192749146,44.1885065619746,7.46842048955021,7.4041338910582,2.42892231359482,6.81346127157044,5168.76870089298,71.111591067563,777.776333329216,7.09962215103426,1.0000354,1,75,
4327,110.134971642214,88.6013685338281,72.6852271058908,505.06792889122,11.8651192773562,82.4889261388253,96.8185677116669,73.2627437890968,44.0674620384071,7.47116750520508,7.40520297443299,2.19646881773816,6.54570495903532,5143.92591949057,70.2120293815163,784.976911823671,7.10181148614711,1.0000354,1,75,
4328,108.943289751201,87.9157781698671,72.3737043923594,508.651156917313,11.9380113209679,81.0182899442349,96.6390852242593,73.8981426791739,43.8658643675527,7.47454173764734,7.40707138250014,1.89669121350433,6.19452122896026,5066.59541448833,68.5618776169351,780.595027396204,7.10490379072449,1.0000354,1,75,
4329,105.381843584609,85.0960150714692,70.1021418226264,515.261273035642,12.0405608311437,79.0339784237527,96.3742492152399,74.3817666592697,43.640785761683,7.47861150251818,7.40917892794772,1.54195117678579,5.59292469310154,4919.87490941262,66.1435608534244,773.574552166414,7.10840283768725,1.0000354,1,75,
4330,101.983114568928,82.6564201971433,68.3714721832152,502.823400975534,11.9348844967348,79.9155324476308,96.5562604171507,75.2559453720836,43.3912743251278,7.48107697782891,7.4115375667294,1.25811795749481,5.02191503854937,4742.34577676426,63.0162275328143,753.278357448886,7.11139710029645,1.0000354,1,75,
4331,99.7193964212921,80.841430326301,66.8881510386988,494.060989358569,11.8644837993662,80.8698621737797,96.7158181971206,76.4745462749453,43.30451721533,7.48018957471312,7.41227214888318,1.03401861980242,4.5820712948626,4707.24640516698,61.5531132181319,746.976599230291,7.11186126051897,1.0000354,1,75,
4332,97.2312190383827,79.0002973109049,65.5252682079864,488.022353035044,11.8238665882335,81.3978285859134,96.81470073693,77.7126777918913,43.3048077948778,7.48041850585558,7.41213300943091,0.816682288537561,4.20353755909498,4619.50373025843,59.4433734818547,740.279911615557,7.11218486646395,1.0000354,1,75,
4333,93.3517347802054,75.6441401198107,62.5559179795189,497.383537041125,11.9656473027415,79.9373554845549,96.6167933679346,79.0737683222782,43.451679724744,7.48106261504302,7.41052684638199,0.613864883178006,3.81573349539291,4565.48404873101,57.7370238651537,731.786759802163,7.11158215824478,1.0000354,1,75,
4334,89.4851189725459,72.3019485498068,59.601344324304,507.948577251847,12.1104393547241,78.2183397578909,96.3738867522118,81.0206735720692,43.6478233098233,7.48268398733337,7.40844171619307,0.416480663028354,3.43496026487288,4539.35312396826,56.0270968363455,729.461289171957,7.1117558758679,1.0000354,1,75,
4335,87.5691324087794,70.7741571181919,58.3604797294967,527.568688557112,12.3554722408675,75.6480452264514,95.9534184844075,84.457684727554,43.8471272949251,7.4831327032719,7.40634662147575,0.244471281907102,3.10686071165992,4625.01731199749,54.7613556648752,723.669830447384,7.11208259019131,1.0000354,1,75,
4336,90.8931874008242,75.2282043889365,63.6497386844978,529.929041655204,12.4046845601378,75.8682998555669,96.0076280741161,90.2927811210062,44.2556829875409,7.48298682033119,7.40221779460652,0.00496909668683809,2.89090309920936,4611.87767873333,51.076925768326,744.196995983271,7.11441780623912,1.0000354,1,75,
4337,95.630022404433,80.8496432444291,69.9250151696436,547.519438668723,12.622522938977,74.4479024270898,95.7507387662167,96.0337691569861,44.8586499464287,7.48196362085566,7.39625540475067,-0.207295016991695,2.75183358302896,4628.11744576981,48.1926043973578,765.030456139351,7.11528323654796,1.0000354,1,75,
4338,99.39120497384,85.2208951033547,74.7471878077787,567.525421748538,12.8664559242506,72.7848487882511,95.421117539636,100.461490790784,45.4668906793343,7.48035191153085,7.3903355055428,-0.357801530130032,2.66913498248627,4641.6649400881,46.2034248501705,780.070594892009,7.11583636299177,1.0000354,1,75,
4339,100.858468017188,87.1823698227262,77.073949418124,590.809146710589,13.1475874453985,71.0677220372146,95.027008924317,101.526841264579,46.4437181878704,7.47638721566452,7.38104427255391,-0.503659341387271,2.60741344925964,4527.28574700393,44.5920082868115,792.479206041212,7.1143666176524,1.0000354,1,75,
4340,98.4665786817618,84.935989667085,74.9351195258022,632.664090044082,13.6496533873296,66.1681514711898,93.9043819493489,101.637680180092,47.5935134059622,7.48049553227264,7.37037208737608,-0.696203996760415,2.43778699409826,4484.00686092563,44.1175640075649,786.546058494741,7.11387836734797,1.0000354,1,75,
4341,96.7668568266795,83.5891686134012,73.8491381948912,663.799906014563,14.0324446140867,62.3317436906543,92.8276948934757,101.554953571377,48.2884497923246,7.48220676902742,7.36403155038448,-0.820869249545076,2.26462561967165,4363.50182046603,42.9669028148311,792.873366826347,7.11687227396704,1.0000354,1,75,
4342,85.0119654038606,71.8736594558917,62.1627376682625,729.948339475299,14.8517982160807,56.5343481863053,91.0132925346355,92.8565912698049,49.4834124876243,7.49587435080348,7.35333835303349,-0.932597441023476,1.82302520108355,3977.83650936575,42.8384937996239,768.975373896121,7.12126439746512,1.0000354,1,75,
4343,73.550972034767,60.411637508749,50.6999554677792,769.849162266062,15.3602462489755,54.7398078462059,90.6148981982471,84.2670739084505,50.4195044911345,7.51186987099016,7.34466219315244,-1.01579155311475,1.39332547299142,3610.15713474182,42.8418475603409,709.630290488618,7.13265470287632,1.0000354,0.99824246590094,75,
4344,58.7329301736091,46.0065990057281,36.6001803164248,850.641015456855,16.1106641016778,53.2208884243154,90.3447323454338,76.1031458988218,51.9952503107814,7.52882598975125,7.32975497354668,-1.08030429151223,0.806100961920157,3157.91656795784,41.4952171905778,639.066845713752,7.13680182093725,1.0000354,0.95659347994448,75,
4345,77.1405594234423,66.5262578502388,58.6809045135232,1551.60850647506,26.5470287236403,54.176949384385,93.2425534063861,114.463646482309,53.4187983697393,7.66785293191165,7.31445193920981,-1.41750560825052,0.591027312925711,3961.4467409622,34.6087763469467,649.193977845185,7.19371885269368,1.0000354,0.990645982069378,75,
4346,98.766030136309,89.1999805544897,82.1294221679275,1809.76206415301,31.051744711004,85.9639936814599,98.7141770447492,144.315126697762,49.8701865091157,7.74996170913091,7.3381658188462,-1.49836740773655,0.900113025892688,4501.31394784424,31.1908671727205,630.618030396614,7.28382392465509,1.0000354,1,75,
4346.9230966264,61.0967412448896,48.6434685608667,39.4388757074585,639.671380262303,13.8048884105523,86.4369553222576,97.5082004755828,NaN,54.1755990541263,7.4568418208613,7.2955045878666,-1.02141767299793,0.780303572914612,3054.99847265382,40.6048882384271,535.42174870944,7.23487705351443,1.0000354,0.985904864504045,75,
