4320,115.790354276597,94.1546009070352,78.1629571121421,497.851819951363,11.5316168345247,89.6461474752098,97.612388867475,72.3930413261571,43.8257797613629,7.46051316560325,7.39496002013129,3.1579589535847,7.09671703078463,5106.97422748425,70.5450984504915,753.6937097138,7.09282445412755,1.0000354,1,0,
4321,115.461447665627,93.8492205502885,77.8749657259078,492.538282236688,11.4848637386704,90.8952148014939,97.7646921139376,72.3275209913407,43.8471009975834,7.45953079260063,7.39468748934458,3.13887365076642,7.09755056074161,5096.80390077544,70.4683892233171,753.925230075079,7.09275930388864,1.0000354,1,37.5,
4322,115.33468859841,93.7264587288771,77.7551583905269,490.334626227624,11.4759645039899,91.3741704147222,97.8249769959451,72.3691232269982,43.8737768360231,7.45906726247649,7.39436489189054,3.07215660307005,7.0898481104681,5098.79233202519,70.4553558847459,756.182110903435,7.09249223135242,1.0000354,1,37.5,
4323,115.081205577889,93.5676881870573,77.6663927242687,495.070271511922,11.5550614312554,89.7283845706873,97.639764784356,72.4419189991161,43.9037057208094,7.4594962334885,7.39401274863951,2.95573112931625,7.04574492075057,5081.54984548079,70.146538298396,756.818532594058,7.09242242023658,1.0000354,1,37.5,
4324,115.652947501666,94.0364434674924,78.0590274422339,501.090360342241,11.6479826730632,88.1354606308365,97.4494202524143,72.5952671113465,43.8557184217545,7.45962879939941,7.39443350491514,2.86037089655257,6.98259209085409,5116.68389661639,70.4823344580911,761.389691148754,7.09276592512456,1.0000354,1,37.5,
4325,115.493641322443,94.0564684164525,78.2116014859381,500.569381076876,11.6576720140913,87.80304480354,97.4191752895628,72.7380725946025,43.845845434418,7.46053566910687,7.39447882954936,2.75150420679777,6.90160119140235,5084.21750457224,69.8976110201401,758.918725918009,7.09384264657729,1.0000354,1,37.5,
4326,114.891053084657,93.7142413169343,78.0618152277482,500.945740685637,11.6777935806139,87.3927621175252,97.3767099088111,72.9112035885059,43.8294151169282,7.46116343320636,7.39458980201871,2.6036154379334,6.78696231588352,5034.4225673549,69.0486827753939,754.573169444458,7.09447973388248,1.0000354,1,37.5,
4327,114.241832232452,93.2226390324469,77.6867136237478,500.269665787839,11.6842914883033,87.1514372401855,97.3562792162817,73.1794967009227,43.7892329531364,7.46188141818941,7.39493623894435,2.42179847647541,6.59193804827719,5015.33886802125,68.5347548715515,749.585914733864,7.0947570092406,1.0000354,1,37.5,
4328,112.93131398933,92.4105832517904,77.2430866196963,502.582127857831,11.727177970878,86.1038343931442,97.2400329003664,73.6200315826101,43.7570638828153,7.46440733774883,7.39520244144457,2.26767429718654,6.3651878516586,4925.87790416189,66.9094782801674,747.818196153342,7.09607038899287,1.0000354,1,37.5,
4329,113.157373344415,92.8800429374614,77.8924508975391,507.668618847174,11.8022466429141,84.852630113568,97.0839500537659,74.131096803658,43.6489194673816,7.46571432309223,7.39622106220105,2.13274068051488,6.14217040549887,4901.24063234207,66.1158521008179,747.552885610997,7.09739852629646,1.0000354,1,37.5,
4330,114.193114218418,94.0459349725247,79.1545416168642,502.466823513864,11.7527074706094,85.4770545065965,97.1753883464016,74.7220051781383,43.5139203224489,7.46553608340105,7.39750909313852,2.0575933198985,6.05124594436083,4908.59939758091,65.6914838658136,754.013746346621,7.09869009585492,1.0000354,1,37.5,
4331,115.114412093425,95.3827314770002,80.7984458039902,492.940475136936,11.6467570961977,86.8325760612115,97.3652587960822,74.9555546385179,43.5381880263741,7.46617812519601,7.39721211973155,1.97622497873094,5.99745097883366,4822.39434120891,64.3367174649761,761.238554900322,7.10023078521075,1.0000354,1,37.5,
4332,116.043883506192,96.7867111285672,82.5531489364101,482.12687005199,11.5188419179041,89.023717019145,97.637826233721,74.7890493698369,43.6346537378289,7.46524828474162,7.39619776687061,1.82195270666973,5.92663902342699,4695.97042049636,62.7895455292455,761.671856004441,7.10080695938966,1.0000354,1,37.5,
4333,116.620546668379,97.4972963602899,83.3627200456156,490.673528170843,11.640251077618,87.5171382560865,97.4536932687052,74.6925425595042,43.711925868475,7.46468199132078,7.39537716881755,1.71976197861768,5.8660492256003,4657.29528850244,62.352881946577,770.815809846162,7.10036982019604,1.0000354,1,37.5,
4334,117.059976188795,98.3557055387602,84.530809840908,493.744667058294,11.6894066712096,86.689069535186,97.3576763792055,74.5306408073792,43.7346596836127,7.46556469120564,7.3951002222362,1.63219049825471,5.81060015391701,4545.38270413555,60.9867653745642,767.364500223426,7.10109316935863,1.0000354,1,37.5,
4335,116.509011023887,97.969638334292,84.2666237376347,482.259776983979,11.5522536366642,88.9814917718841,97.6431903307792,74.3109606918559,43.8317665759344,7.46483052964315,7.39408635476581,1.49663156487533,5.74271215044098,4492.03087457154,60.4491024305092,764.35065249634,7.10135707715916,1.0000354,1,37.5,
4336,116.61725383553,98.2063921720668,84.5983639860291,487.849824853527,11.6344765448618,87.7691116295321,97.5011553769059,74.2196247978264,43.8885720596603,7.46514452538914,7.39347423958819,1.41453613989056,5.69739680826199,4455.41016159644,60.030081986172,769.859722993946,7.10086562657619,1.0000354,1,37.5,
4337,116.823113727012,98.5536803731308,85.050186155045,488.976354186133,11.6584485210893,87.3759807266788,97.459028669083,74.1223127625737,43.9240959222243,7.465637486665,7.39307414642704,1.32078711121154,5.64405184391423,4415.38787657237,59.5689437095089,771.64323087319,7.10156823419166,1.0000354,1,37.5,
4338,116.821229217319,98.7389869295096,85.3738513254764,495.242781843482,11.7463684288548,85.8318105782626,97.2759597260081,74.0491522867838,43.9466958015494,7.46756941187835,7.39280278776572,1.21993325109265,5.57238885149777,4365.83378113712,58.9585923175563,771.063321628339,7.10245971301703,1.0000354,1,37.5,
4339,116.854685515976,98.8813736936486,85.596751911928,491.676122218401,11.7111596146144,86.1613518800164,97.3270769183767,74.0299162159722,43.914139682824,7.46813202380681,7.39307680780268,1.14626460796111,5.52476576837787,4338.4059654926,58.60341585199,769.335015737594,7.10367424419842,1.0000354,1,37.5,
4340,116.866497984115,99.1200121137791,86.003044296574,498.00050956705,11.7980986025582,84.7835568325096,97.1568242104948,73.9720501726052,43.9055943857456,7.46952227756706,7.39311390609884,1.026208128745,5.44139371859785,4280.30626577424,57.8638317551919,770.139466459939,7.10434808036916,1.0000354,1,37.5,
4341,116.521071212101,98.9830020727977,86.020081404617,504.508627908041,11.8841293679684,83.3651355892258,96.9769382473642,74.0049165589259,43.8850585413142,7.47146010914371,7.3932695133979,0.907522968451866,5.3559320686261,4231.91730675896,57.1842723907313,765.438084284389,7.10566414608593,1.0000354,1,37.5,
4342,116.379440006208,98.9899956134368,86.1369280187798,502.8401095398,11.8732183231082,83.3655392444122,96.9862056641759,74.1302265984017,43.8174127710399,7.47209657532344,7.39389160959828,0.831723393259622,5.29259224556176,4203.15935237151,56.6996695577635,762.101548748694,7.10702727331817,1.0000354,1,37.5,
4343,116.266905701002,99.0273310101886,86.2850366735005,506.807638020773,11.9273196678017,82.487650447662,96.8734950919448,74.2324400257551,43.8004998002325,7.47337522667343,7.39401164631458,0.745130463167154,5.22911071868739,4172.68023920018,56.211007448394,769.752586012915,7.10788572760664,1.0000354,1,37.5,
4344,115.942434832755,98.8649615137252,86.2424812344425,510.899163920253,11.9808099546199,81.5721462564168,96.7546567751771,74.3648545437024,43.8018683709102,7.4750203564016,7.393950536816,0.655526148509157,5.16451026320968,4140.81826196988,55.6824630045693,764.896403559896,7.1092905551562,1.0000354,1,37.5,
4345,115.22182250621,98.2821315109072,85.7614903404664,527.80544385978,12.1704167138157,78.6291443517586,96.3229857313266,74.6299799159797,43.8015144582996,7.47870895048122,7.39390663133406,0.49851884808747,5.01484747085575,4122.05355863109,55.2332127554074,774.660819870638,7.11142079647148,1.0000354,1,37.5,
4346,113.870841230459,97.1210223547661,84.7407214466453,542.068772511401,12.3324990055162,76.2277966744173,95.9451016508116,75.2099014294984,43.7250342099935,7.48254774744458,7.39461825269594,0.377504197367843,4.85762883276175,4107.522549871,54.6141195746863,764.260922985335,7.11481819891512,1.0000354,1,37.5,
4347,112.75309731964,96.1533752678079,83.8840154903667,561.970083381279,12.5572682456121,73.1545186442071,95.4093209367364,76.096518030172,43.6068260748237,7.4873612300917,7.39574730611715,0.277373342100019,4.6900184462951,4118.70249669533,54.1247169162495,771.074093275819,7.11868210399583,1.0000354,1,37.5,
4348,112.405634949031,95.8525889633585,83.6177288869916,573.553611412129,12.6918089088082,71.3906908451036,95.0709577786088,77.189230909544,43.4032656389476,7.48968896209557,7.39773343189023,0.197563138532701,4.56211016485051,4166.09776307557,53.9725258819809,768.969087157279,7.12271550677519,1.0000354,1,37.5,
4349,111.457883347112,95.2100614294031,83.2008017510967,577.998223624159,12.7473200644611,70.589381482121,94.9328501076665,78.279842185963,43.3890229879343,7.49252441368985,7.39783123806877,0.110710547928165,4.43454763386001,4147.05612996604,52.9773184789287,767.975729682336,7.1262714256717,1.0000354,1,37.5,
4350,110.661441946635,94.6336828084367,82.7870782280295,594.737343575444,12.9387785705888,68.4437086609795,94.4629261076528,79.4501064040909,43.3958725439076,7.49444371072803,7.39771941027368,-0.00145937081233027,4.2563603304378,4152.04557782811,52.2597862450984,780.107361746559,7.12843578277644,1.0000354,1,37.5,
4351,109.038279697391,93.1702880812814,81.4417725389393,601.848349563786,13.0232980953146,67.413204677547,94.2528417696029,80.8349731936902,43.4946932087134,7.49754043785383,7.39668990888466,-0.112721477133209,4.02964748045735,4182.3086744174,51.738851504238,771.926112256535,7.13144098469867,1.0000354,1,37.5,
4352,107.46194587115,92.0714506930362,80.695867300517,618.560500195203,13.2153841175651,65.2138327266079,93.7030760196428,82.5816800752187,43.4019274132856,7.49938744138826,7.39757790912125,-0.219071058329479,3.76638805025345,4144.10860964666,50.1819363068424,779.398860246874,7.13414234904939,1.0000354,1,37.5,
4353,106.611395570189,91.4021931985732,80.160608836944,615.683137039608,13.1871820015131,65.5664774865012,93.8248247565333,84.3643301821977,43.4719548842722,7.50087970581311,7.39684104193752,-0.293510370048436,3.61038507825678,4183.69603074105,49.5908166603791,767.199087759301,7.13657120115589,1.0000354,1,37.5,
4354,106.780725311203,91.875447140234,80.85850240517,624.469263687598,13.2892897785197,64.5426612324876,93.5543421180108,85.8598159398388,43.5232891521836,7.50151904878459,7.39629402348409,-0.360729348765259,3.48794822112939,4172.77396777944,48.5998475783277,771.700592971061,7.13685384145996,1.0000354,1,37.5,
4355,106.387105203774,91.7860295143034,80.9939300916512,625.4418255267,13.3024146487929,64.7035611121046,93.593983662654,87.0843271664268,43.7062949163857,7.50091378030682,7.39443850237684,-0.439530384038706,3.37139153122263,4145.9081344314,47.607971139378,770.519677093882,7.13740202032277,1.0000354,1,37.5,
4356,105.55432347638,91.2529680364276,80.682400972115,628.076412399019,13.3335973795971,64.6904805649223,93.5845883390242,88.1819250109161,43.9398575498237,7.50035043711989,7.39209186550035,-0.522755738893993,3.25958440773398,4111.9857173191,46.6307093750797,767.984891568066,7.13703582655548,1.0000354,1,37.5,
4357,104.871999808182,90.8147560741843,80.4246194012296,640.869352725812,13.4795030384638,63.2733902293092,93.1858401769876,89.290421853122,44.1784082457453,7.50107715817012,7.38970951881721,-0.631153713399907,3.09935921028459,4092.60538627848,45.834763699634,778.28262250829,7.13671002673216,1.0000354,1,37.5,
4358,101.546390711357,88.0945865970949,78.1519487735102,654.204946707088,13.6322903185522,61.6234160540027,92.7076702551921,90.828775420527,44.4122391149472,7.50312556700852,7.38738714292218,-0.76414673577848,2.74573865711787,3983.81181352929,43.8606795598057,777.454365106747,7.13775741686591,1.0000354,1,37.5,
4359,98.763912583042,85.7939902434675,76.2075259055212,645.197964643891,13.5311980536652,62.8896785732457,93.1289684678865,92.1878432017486,44.590094579301,7.50462823196458,7.38562370032745,-0.841850533295414,2.43609253249294,3898.5746258994,42.2894656225719,765.024333784931,7.139119348069,1.0000354,1,37.5,
4360,95.4286249790792,82.5683273808162,73.0628900255783,641.967880601376,13.4960885604395,63.658682292251,93.3458817784786,90.8788507700292,44.9896868296518,7.50366452036176,7.38172220922302,-0.897055574402537,2.22079351811248,3810.73428020411,41.9320254153219,740.922277145255,7.13743877430954,1.0000354,1,37.5,
