4320,120.615733058873,98.2308134251166,81.6854380436447,492.676994413596,11.4673843844574,91.0985069166018,97.7833052996739,73.4546524430195,44.3208927934415,7.46119115838144,7.399439091049,3.47769233313782,7.38839605832387,5361.29456658298,72.9878147710503,798.080319129113,7.05346357811917,1.0000354,1,0,
4321,123.072597952763,101.01485348426,84.7113032249312,490.677614790146,11.462240052933,91.6796509022089,97.8567739936583,74.0145467238361,44.3307218918035,7.46101311594468,7.39926939651557,3.41672370972339,7.41413660027656,5323.20273627218,71.9210340655625,811.428312406057,7.05439766200087,1.0000354,1,37.5,
4322,121.339630508515,99.0825570234969,82.631676621527,488.570713395102,11.4540611393622,92.3963488068689,97.9398924074266,73.3067145485155,44.4493547750296,7.46016114971891,7.39803852772987,3.35605115247734,7.41323416773278,5319.93881141951,72.5709622124545,798.443375991408,7.05412881647133,1.0000354,1,37.5,
4323,121.618903028202,99.4983496347666,83.1483753874446,496.934956728241,11.5794664936076,89.1682606157158,97.576795827332,73.6622171754606,44.3790059510695,7.46172981466524,7.39865813161248,3.23563342382487,7.33772435094719,5312.94837455479,72.125827571814,803.587562703323,7.05412021177867,1.0000354,1,37.5,
4324,120.355892022266,98.425871125426,82.2167252451529,491.506552235233,11.5271303659485,89.94775662043,97.6791411974359,73.4708185242759,44.3723538117382,7.4619239515046,7.39865708757875,3.1402065332649,7.27296352182101,5253.50010747805,71.504581179291,793.499328671317,7.05474792608686,1.0000354,1,37.5,
4325,120.233281627998,98.2363084657268,81.9776761283963,500.863563694363,11.6615969815169,87.6549873055319,97.4025039046607,73.6480476409394,44.3067976246268,7.46221341325902,7.39923384949593,3.03269468569646,7.18555802836762,5282.25040557989,71.7228843775024,795.405987944172,7.05429178668154,1.0000354,1,37.5,
4326,119.798623482884,98.0332085145993,81.9457278858671,500.436692587371,11.6716636036296,87.1179208805742,97.3500451352359,73.9266350563574,44.2552854659169,7.46394663852926,7.39967558100368,2.91590804583092,7.07695872493504,5246.41585789263,70.9678704284738,796.737503563045,7.05607395304905,1.0000354,1,37.5,
4327,119.472286882964,97.9226107813015,81.9945893148555,499.873969994814,11.6794200132869,86.8994059752479,97.3305356763376,74.2572168909439,44.1836807850556,7.46435429789451,7.40031583118948,2.79101574999658,6.96677493934569,5217.64151257928,70.2644366572753,793.342693834629,7.05697334345385,1.0000354,1,37.5,
4328,119.191916989944,97.8683254846704,82.1074100242509,498.943806233663,11.6820985273178,86.7460741887182,97.321239969221,74.5998745734566,44.1505975432352,7.46506967043462,7.40057878209016,2.66674472161479,6.85093416741575,5186.72560722455,69.5272698095131,801.179344704081,7.05750556029852,1.0000354,1,37.5,
4329,119.406066815751,98.108448195757,82.3667300853268,503.107928607915,11.7470217527262,85.7919020665585,97.2025562134744,74.9576151616832,44.0741755821587,7.46542979072854,7.40126909180319,2.54452789575073,6.72626736440337,5205.25042334776,69.4425831467566,799.20957753696,7.05879977948283,1.0000354,1,37.5,
4330,119.377056272176,98.3736048012076,82.8493145835355,502.12685335219,11.7483653432212,85.4567509147334,97.1751981506945,75.2559531474595,44.0356754467771,7.46724814115561,7.40158769226783,2.41905809135329,6.59116503941512,5153.7856270649,68.483427709252,797.22621866235,7.06021187006864,1.0000354,1,37.5,
4331,118.880882412239,98.1548801413844,82.8356610716226,499.0185008253,11.7232339185138,85.783806546949,97.2262260873619,75.5402792758034,44.0004284955228,7.46733368698766,7.401874156306,2.29597351457452,6.46126222676111,5104.9201014136,67.578782476765,794.076159215315,7.06082082159601,1.0000354,1,37.5,
4332,118.348013286217,97.8849997005443,82.7601635720036,497.104284396145,11.7123370753296,85.8780874878902,97.2478859851331,75.8635701983744,43.9794578977124,7.46780448277271,7.40201950894772,2.1776894341249,6.3349157196756,5061.71503290892,66.7212869058644,791.247985724619,7.0612355842613,1.0000354,1,37.5,
4333,118.138348296892,97.6816173288777,82.5614248742583,495.982944174642,11.7109741585695,85.9026349884153,97.2586282627219,76.2096116173149,43.9657793394276,7.46805292928342,7.40209271336589,2.05756653386134,6.21672687502636,5083.24220966411,66.7008019302016,799.053633629862,7.06152906488239,1.0000354,1,37.5,
4334,118.68413553165,98.6016614940097,83.7580937270581,501.981204589229,11.7965980987932,84.5117274331902,97.0883491628313,76.7458121755755,43.9076835019887,7.47003247677402,7.40260552912156,1.91994428285668,6.04498877108418,5025.35472028922,65.4805073766429,801.259545174087,7.06325029457355,1.0000354,1,37.5,
4335,117.632385820291,97.8488519002705,83.2262398724294,494.383609560225,11.7154963404733,85.5928974873488,97.2397865591642,76.8736181854221,43.8979669719803,7.46977275264444,7.40263998089717,1.81799450162208,5.92399744076661,4958.79341698098,64.505789294582,792.358424832583,7.06424741593886,1.0000354,1,37.5,
4336,117.489441557997,98.0128897750616,83.6171775876748,495.9514838966,11.7468337973713,85.2639080812436,97.2013719663155,77.2554360413727,43.8870438875856,7.46977589660553,7.40268547978156,1.6938374327554,5.77935161653193,4906.09484404229,63.5048495670249,794.397917671836,7.06433101698665,1.0000354,1,37.5,
4337,117.054858263819,97.5835153696153,83.1916532304213,498.934553364959,11.7949767980191,84.7893344349506,97.1388110174529,77.4641345749626,43.8786769669066,7.46919399245662,7.40270521793227,1.58651278582808,5.67328947511088,4918.03256240055,63.4878655701154,792.061217610952,7.06438819892896,1.0000354,1,37.5,
4338,116.597736795265,97.4117109814857,83.2307353799966,500.346362907147,11.8235005941835,84.1798740577567,97.0724545905041,77.8082885798821,43.8725416332266,7.47098687201149,7.40270262455785,1.47912469414995,5.55369393137179,4867.49718605431,62.5575664867256,790.47182307319,7.06481108939838,1.0000354,1,37.5,
4339,116.080976117444,97.1586278906573,83.1725444186844,494.849459526793,11.7682172356886,84.8478075298107,97.1717478191072,78.1793593234671,43.8389538549717,7.47124707234098,7.40297088905484,1.37071750210893,5.43685914057538,4823.4964064285,61.6978246965582,797.55683351802,7.06532308118943,1.0000354,1,37.5,
4340,116.238501864143,97.3844380088585,83.4488255940828,499.038576341702,11.8304417960192,84.0717443882758,97.0711989134768,78.573492613828,43.7898935445339,7.47129515509265,7.40339206562821,1.25923596748609,5.31515037730847,4830.31944925615,61.475178060318,797.731038453875,7.06615974548544,1.0000354,1,37.5,
4341,115.872165009765,97.3198932275789,83.6073445190064,497.174874863885,11.8191849961393,83.9969155147573,97.0780253169845,78.9003913584883,43.7938454679851,7.47298946532365,7.4032878831868,1.14729867279603,5.18898665202605,4772.77627269151,60.4911609500913,794.405077958367,7.06726782149923,1.0000354,1,37.5,
4342,115.196858851735,96.8635725349868,83.3128826486943,493.224197723659,11.7821749743803,84.4957208006575,97.150822754498,79.0391432606159,43.7801886762562,7.47277944728098,7.4033574109137,1.05733159822482,5.09785291231322,4724.7340416129,59.7771413846684,790.092087842071,7.06782973925813,1.0000354,1,37.5,
4343,115.551948645202,97.3744661758794,83.9389356550758,503.725128513591,11.9180719567901,82.6711046490882,96.9076374555097,79.6939207616496,43.7253758570866,7.47382875373754,7.40383514116906,0.91641509610972,4.93512746611753,4723.3893913515,59.2691305209882,795.420663277789,7.06784547804354,1.0000354,1,37.5,
4344,114.808073480333,96.9544255491975,83.7582509914015,499.16474167772,11.8756287360547,83.0440729905761,96.9772752671025,79.9270198750185,43.7375430561329,7.4752761940855,7.40364835840096,0.823884223408678,4.81792440206974,4652.81096601552,58.2132421963323,797.172460028063,7.06962904863647,1.0000354,1,37.5,
4345,114.036690792407,96.3907852988711,83.3481594993008,493.815602640685,11.822315110179,83.8086817550429,97.0860003140602,80.1234936085507,43.7257722338923,7.47467428575804,7.40369878226956,0.75132414693014,4.73934013846228,4609.97582716639,57.5358814193596,790.976736946564,7.07044146056115,1.0000354,1,37.5,
4346,114.05186491666,96.4354259089295,83.4145796858247,507.138982744005,11.9870490681778,81.6423238321067,96.7848295153556,80.4918943922907,43.7085507974715,7.47524233418806,7.40380386618767,0.670362451953739,4.6532241762745,4623.4386047708,57.4398035936103,794.049409185717,7.07020530016631,1.0000354,1,37.5,
4347,113.493229346213,96.1238624819436,83.2856347996572,508.735166170287,12.0142029685611,81.0296639366335,96.7153901966394,80.9285247549748,43.7247815513831,7.47745333841834,7.40357740629229,0.580259864793071,4.56511761993217,4583.3226755401,56.6342051757017,797.976710364063,7.07171943119616,1.0000354,1,37.5,
4348,113.004517374944,95.7811089109674,83.0507635245502,508.654250004057,12.0229635590591,80.8727964368366,96.7017989120684,81.2773264423021,43.7238387722391,7.47799404419947,7.40352231210408,0.517161498566884,4.50842099137287,4564.39617083611,56.1582961771795,791.331999800251,7.07325185833058,1.0000354,1,37.5,
4349,112.162159117336,95.0978738080967,82.4851411882238,529.7668185281,12.2626473917943,77.6864670871236,96.2104227573786,82.1483144127282,43.7600210206752,7.47996736687423,7.40310060626988,0.383587312244808,4.36684680065572,4570.68805488678,55.6394624474315,795.339804262671,7.07409472466229,1.0000354,1,37.5,
4350,110.467514045097,93.7146440181024,81.3320879111934,541.733702844117,12.4031938993483,75.8964905141773,95.9191039565912,83.1949278575165,43.7745326964537,7.48196706566326,7.4028968808527,0.263656436124904,4.17280685195218,4544.44540459017,54.6240680967138,800.07736513256,7.07633957652039,1.0000354,1,37.5,
4351,109.626888317496,92.9480421379866,80.6201993096538,554.112484607426,12.5485717058637,74.0907047062143,95.6064232533769,84.3805843927591,43.7687884048991,7.48413855748133,7.4028972343344,0.197429902081608,4.05185976407535,4588.84463477723,54.3827074415357,801.161648380897,7.07843626550861,1.0000354,1,37.5,
4352,108.42144971276,91.9472847294051,79.7707280025778,568.056718539445,12.7113297712582,72.2662396926205,95.2583413935018,85.912480965601,43.765783451408,7.48546232640738,7.40287387805448,0.08994849437775,3.88319227060092,4614.81710177577,53.715328086306,798.936542005905,7.08063141933134,1.0000354,1,37.5,
4353,107.708965519619,91.3587448316169,79.2737991057022,576.573668463592,12.8132908150483,71.1534514353924,95.0418367623692,87.5945268108018,43.7925779611682,7.48684808163606,7.40255887892118,0.0138564391437037,3.75453393534771,4669.76914778412,53.3111978316922,802.149866027557,7.08266410739204,1.0000354,1,37.5,
4354,106.763674640366,90.7652447384898,78.9403182892767,582.131216697983,12.8811233128873,70.4169657889556,94.9082432561506,89.3172319011708,43.9173510137998,7.48896573051749,7.40127813501183,-0.0750633857010108,3.61851167160358,4659.15801232821,52.1641559322344,792.283742081077,7.08424588936573,1.0000354,1,37.5,
4355,104.624279965667,89.1799155162281,77.764515705773,598.003526481189,13.0645724698627,68.5495648640847,94.4973633484766,91.3080638694001,44.0680123650722,7.49049971978919,7.39975035104671,-0.24286692620631,3.29702126008895,4598.05325512054,50.3575813599249,799.986448247,7.0856617367852,1.0000354,1,37.5,
4356,101.970471995216,86.8704725823682,75.7096034511331,599.410796639859,13.0842980721285,68.4645620192976,94.5000504557232,94.016829443843,44.2142853539847,7.49206198310836,7.3982774652877,-0.330455125343684,2.98317968210646,4628.89525410971,49.2347517087309,783.975055959238,7.08737530912159,1.0000354,1,37.5,
4357,102.243449251047,87.4925657442062,76.5897388043674,606.958224917881,13.1727041620064,67.815318134594,94.3360439936577,96.5260467633069,44.294874518894,7.49139707241355,7.39745739543827,-0.401746933202424,2.84313437461115,4642.55839313612,48.0964314691164,790.568581066187,7.08746945273367,1.0000354,1,37.5,
4358,102.324985138466,87.8154550367684,77.0910197442093,609.452737938689,13.2025060271037,67.9537605720357,94.3544662629249,98.4534942760035,44.5318101070476,7.48998969182382,7.39511388695612,-0.47144888725678,2.74249431285504,4657.78356455934,47.3094794533321,795.33877860871,7.08734778680418,1.0000354,1,37.5,
4359,102.22111353013,87.9692950021847,77.4353421771821,615.533611411561,13.2722077224296,67.6590306029046,94.2672535291279,100.091429438045,44.8118704718541,7.48880911702824,7.39236636664499,-0.555393770932214,2.6425097032904,4651.16768444626,46.4691903248844,800.42683874617,7.08660471925367,1.0000354,1,37.5,
4360,99.394268628275,85.8464907041446,75.8329157167439,620.261021421888,13.3259355763762,67.5758232149432,94.2435438087651,102.030394736175,45.2515808423778,7.48853184533363,7.38810297320478,-0.710885178738542,2.34890995989686,4507.05084654713,44.173609816969,783.867925429103,7.08524761625991,1.0000354,1,37.5,
