4320,115.133801998784,92.6592320495286,76.0475933913833,489.909031524567,11.435828480121,90.8488360242332,97.7539443614986,72.0264170426928,44.4368348834307,7.46090330199815,7.39939731130512,3.4713542717734,7.17850480783979,5278.10497173324,73.2801267707749,775.869660676776,7.08984052962383,1.0000354,1,0,
4321,115.574819201612,93.0725154058099,76.4403778176086,489.203998596973,11.4479930081403,90.6175462379636,97.7353357047625,72.2063706954334,44.4303613643469,7.46105815601395,7.39939508376772,3.44355565418247,7.1746215446281,5297.82150604232,73.3705551881085,780.904310876958,7.09019495356883,1.0000354,1,37.5,
4322,115.595310590581,93.1346150490256,76.5332313878762,486.674027856085,11.4346942761505,91.0005632388629,97.7861448531947,72.1780999895908,44.4373947171678,7.46081480190447,7.39926389878885,3.38001492870369,7.16254688957889,5285.95508023341,73.2348881585373,782.798453894951,7.09049955670552,1.0000354,1,37.5,
4323,115.209492390255,92.8115499685379,76.2565490481381,485.862047913664,11.4425739730704,91.0485471375113,97.7964104693665,72.1957030520738,44.4546101569259,7.46042773979935,7.39903544208466,3.2847791983991,7.13711301741231,5272.47216389193,73.030276609246,781.588243216335,7.09062526478373,1.0000354,1,37.5,
4324,115.632941452642,93.238845794856,76.6866881347532,499.50248181155,11.6347061182498,87.6104641886213,97.386687067469,72.4209533983169,44.4271676927669,7.46131284666917,7.39924521751201,3.12606702829428,7.03500883100556,5288.01390610995,73.0177339288224,786.659087843233,7.09067301065448,1.0000354,1,37.5,
4325,115.187829207271,92.9820583583994,76.56909729619,495.30783683685,11.5983625486529,87.8125260306246,97.4269103740201,72.4525438974688,44.3880254521167,7.46249366890136,7.39957076339132,3.0302710903668,6.95346657020605,5245.83122941132,72.4036858779584,780.10195934127,7.09211801487397,1.0000354,1,37.5,
4326,114.515751634379,92.4996500120211,76.2268792476694,490.97119296975,11.5588041482684,88.3258440101643,97.4995277453023,72.5677996062043,44.3498752527768,7.46264536128622,7.39988656365794,2.92457146710034,6.86755385045543,5209.29794482954,71.7852542463499,775.581699574795,7.0925379777897,1.0000354,1,37.5,
4327,114.128379595326,92.0547551344874,75.7394674895196,492.913402889572,11.5987775062223,87.7472263938291,97.4333937838753,72.7619885995091,44.3310500315633,7.46277331974575,7.40001257915197,2.81259093692269,6.77698059690006,5236.88492959256,71.9728120463696,772.829515001476,7.09257520935855,1.0000354,1,37.5,
4328,114.454752928987,92.7694436686266,76.7411716066212,499.542793747923,11.696465319427,85.9950804314463,97.2244090323446,73.2957688926619,44.2663747403691,7.4651173521517,7.40058644219046,2.63916314331548,6.59067427620391,5182.50043119083,70.7066793825486,776.584907350345,7.0934224496545,1.0000354,1,37.5,
4329,114.581713531591,93.2685985676996,77.515426637867,503.398942045661,11.7572449598088,84.8870524681585,97.0900047738977,73.5946751372682,44.1757331042549,7.46678880137837,7.40141288049256,2.49617738473409,6.41524435987825,5114.3228702753,69.4931102112498,782.731026418306,7.09552786605656,1.0000354,1,37.5,
4330,115.290302827428,94.5233884539477,79.1739300039841,495.665436920786,11.674618332532,85.746660400233,97.2164275784796,73.6773158873781,44.0691780985552,7.46715234498611,7.40239807564688,2.38752378839487,6.29009855902022,4988.85164938443,67.7121796484864,787.272668586921,7.0975886240164,1.0000354,1,37.5,
4331,115.707678355001,95.1295446369546,79.9196197149203,487.956782302691,11.5887216920406,86.9318930617274,97.3763122214773,73.6840026450243,44.0821096559769,7.46683455816276,7.40220925480505,2.27083437062619,6.19610456625871,4943.94938782041,67.0966452737115,789.626621366802,7.09870066715427,1.0000354,1,37.5,
4332,116.344017689181,96.2251805678089,81.3547357389687,489.386234899818,11.6184461856199,86.3865833731566,97.3166517601947,73.5958653153775,44.099135123703,7.46783776563078,7.40198211497157,2.15173752050174,6.10417113390263,4827.82047579598,65.5990721096561,787.848384989058,7.09961805046842,1.0000354,1,37.5,
4333,116.276676529406,96.3253044039464,81.5786380503462,481.122378033031,11.5221171164625,87.6928427930023,97.4883682341774,73.4565922531583,44.1406638178181,7.46779420836167,7.4015150690256,2.0376144775511,6.03066275752927,4778.57457106964,65.053039141823,788.541699065382,7.10002187023371,1.0000354,1,37.5,
4334,116.546248472746,96.7784112958107,82.1674012085108,485.753038434975,11.5930139095622,86.7925058554079,97.3796880402211,73.3180294342797,44.1796671913321,7.46795010012457,7.4010747358802,1.92364447368746,5.95469765113291,4725.68490609449,64.4546088125632,793.337399734818,7.10021766689936,1.0000354,1,37.5,
4335,116.654434896955,97.0877099130924,82.625347968498,485.543201193949,11.6004902086463,86.53394878737,97.3567939450004,73.1894858106246,44.203793264254,7.46891702775626,7.4007821165902,1.81056254832846,5.87473326870227,4669.40623270618,63.7988664763696,794.742062062733,7.10093242934277,1.0000354,1,37.5,
4336,116.56151524204,97.2145398363873,82.9146014930787,485.83638787828,11.6142511051993,86.1747518373733,97.3206035891366,73.0952667059878,44.2008534465325,7.46988210245962,7.40075648468758,1.70130578603286,5.78878975297215,4611.02159681582,63.0823554603447,793.688216307663,7.10184963311316,1.0000354,1,37.5,
4337,116.302596435094,97.1364009544289,82.9700825556767,487.386165104858,11.6439450735971,85.7371132868822,97.2697428128683,72.958146780979,44.1976754172135,7.4702167270664,7.40073407952582,1.61431659473733,5.72357737058719,4559.36676228949,62.4929081049269,792.18279969946,7.102507698347,1.0000354,1,37.5,
4338,116.005329650858,97.0029908660232,82.9577839381019,488.551562735762,11.6684796363624,85.265390434219,97.2175735405154,72.930848116323,44.1842312217356,7.4711638894272,7.40081338258006,1.5182043137402,5.65519122788552,4518.69618427471,61.958640287132,790.334039545373,7.10309411225246,1.0000354,1,37.5,
4339,115.76998253427,96.9437534424778,83.0287145485445,490.549704395507,11.703302845727,84.6714132119969,97.148724333205,72.9808191783946,44.1608697092636,7.47220690796653,7.40099079142149,1.41605341462801,5.58190657247739,4479.88529983158,61.3844205952379,788.645396560481,7.10378269035489,1.0000354,1,37.5,
4340,115.60929271825,96.9708984763394,83.1946940366665,494.667045775153,11.7639567735826,83.7527715793515,97.0349611489702,73.0809652041604,44.1271853723901,7.47348445189657,7.40127031120264,1.31145332543987,5.50166532134188,4441.27423189038,60.7719700948552,787.146883658698,7.10461273332818,1.0000354,1,37.5,
4341,115.369431568485,96.9208648092794,83.2849676394316,499.366324412365,11.830229098095,82.7253122755606,96.9049593565958,73.2187331858601,44.0903374826471,7.47515308803527,7.40158145396405,1.20327494564937,5.4181835749782,4404.3281015524,60.1530224563207,794.67939060739,7.10571846496559,1.0000354,1,37.5,
4342,115.553851063284,97.1062151494702,83.4710059957817,506.092692711184,11.9178252156709,81.5442025902613,96.7400183772555,73.393608215388,44.0073117658544,7.47580190711208,7.4023485104241,1.09545765086436,5.32339700289787,4414.62460651342,60.1499873607226,790.677663891795,7.10755339351797,1.0000354,1,37.5,
4343,115.219694310175,97.0363497386538,83.5964863597033,512.132837660008,11.9932729000552,80.1996363478691,96.5619911176788,73.5642429611946,44.0036445538821,7.47893612203816,7.4023335847424,0.987880011328639,5.21530931509578,4361.49481375953,59.2882443724764,798.43451500689,7.10897792504125,1.0000354,1,37.5,
4344,114.178477692498,95.9736938853764,82.5179841148952,509.227432741534,11.9693533967172,80.4107146320529,96.608865567429,73.8354511470938,44.0024011220444,7.48003574652304,7.40229480602461,0.882300085876496,5.11358725305496,4382.73568919089,59.3581487090758,791.559229336611,7.11134753172493,1.0000354,1,37.5,
4345,113.168314746819,95.119750312247,81.7795070345199,522.581664486849,12.1208849423535,78.3336201601291,96.2910870321577,74.3662815400421,43.9895987906529,7.48161194610814,7.40237127777267,0.761406087052645,4.96610093556093,4376.36516431719,58.8487829926089,793.213249828686,7.11230245402593,1.0000354,1,37.5,
4346,111.800351285392,94.1405115473271,81.08758652354,543.868634296532,12.3591042800551,75.1640408204174,95.7638214331198,75.3381844672743,43.9158337672846,7.48500882984276,7.40305150896854,0.634227971196153,4.73483878052805,4338.07174145955,57.5813151343452,795.591954418228,7.11539029513248,1.0000354,1,37.5,
4347,110.982106559678,93.2986858425622,80.2283313994767,544.039702515956,12.3678938784159,74.9311297143886,95.7457021905314,76.2277170844012,43.9239868552839,7.48711431769044,7.40292363668906,0.572591362057467,4.63196743079511,4395.15317034252,57.6582027961836,790.489677777386,7.11812986424078,1.0000354,1,37.5,
4348,110.481668982447,93.0690892972627,80.1989217038654,554.752291527806,12.4912389790406,73.4672293030083,95.4813879230148,77.1749332127921,43.9165482813534,7.48862399364663,7.40295180406824,0.489382664438049,4.51714114621961,4381.61486110852,56.7751040227949,786.013111197648,7.119150717452,1.0000354,1,37.5,
4349,109.256050730009,92.1715272293347,79.5438359462276,570.655311587448,12.6717367306691,71.4927702682991,95.0922071041206,78.3664674728745,43.9877865027326,7.49010464782219,7.40220422963883,0.357380726893362,4.31863470691412,4365.43938907327,55.7054506837929,795.65569553287,7.12076847603555,1.0000354,1,37.5,
4350,108.54866559906,91.6176792008221,79.1034718629943,580.980385289164,12.791039365194,70.2555307695989,94.832288674661,79.6720618780143,44.0175380971513,7.49089252149945,7.4018687982091,0.269204636924442,4.15863237144271,4398.28268931487,55.2048307228331,796.918122938329,7.12248066918466,1.0000354,1,37.5,
4351,107.605790328202,90.9589287213693,78.6547266641451,585.782644307926,12.8486741271845,69.6511496282937,94.7207840702749,80.9144857236758,44.1652045252728,7.4928183022046,7.40037428629944,0.197322823803839,4.04224774277369,4391.91037488187,54.2784191928293,786.44223070164,7.12415978286944,1.0000354,1,37.5,
4352,107.030803163403,90.6326289031217,78.5122392324787,597.741836463381,12.9854974166827,68.2949581670226,94.4112341993163,82.2201981656696,44.2820769423269,7.4935872067883,7.39918820416562,0.0927933893005277,3.87575883144702,4396.11290804716,53.4675542764955,794.080827246637,7.12481823714139,1.0000354,1,37.5,
4353,105.664525473976,89.7113234391686,77.9198262830066,606.630332508307,13.08802849234,67.3314934867385,94.1880652527863,83.7318304168274,44.4526314618925,7.49466163540946,7.39748222954364,-0.0352733126060114,3.64078512785508,4355.45240355399,52.0166868665358,793.823117383052,7.1258115558093,1.0000354,1,37.5,
4354,103.896199674153,88.4747705520107,77.0763229399925,611.181005477898,13.1416683302137,66.8650092781573,94.0942209467747,85.437812544582,44.6565967101314,7.49639047785921,7.39546020694347,-0.147732112116617,3.38975313252413,4296.05234638694,50.2827988970952,790.790124757733,7.12699426854542,1.0000354,1,37.5,
4355,103.261785844628,88.13110110368,76.9475515125444,615.447228282003,13.1918143171649,66.5218642230375,94.0101870389692,87.2742589846938,44.7560421216887,7.49658134952953,7.39446285844063,-0.222376130155734,3.19980344115073,4305.65843218712,49.3348036669351,785.503325264272,7.12783214199473,1.0000354,1,37.5,
4356,103.251232313414,88.2864579783199,77.2255378175983,614.100322198113,13.1779300759163,67.0952404699699,94.1363267015897,88.7870639980859,44.9065610468089,7.49472843074633,7.39297476647655,-0.278934307392488,3.11994540135375,4332.26175607276,48.7938395639049,788.863462320224,7.12764649501727,1.0000354,1,37.5,
4357,103.541756563782,88.7900038435115,77.8865344415726,620.442917080724,13.2499235113077,66.6310207855961,94.0130882858668,89.9401612257264,45.1500703794935,7.49440353731736,7.39059662145904,-0.348084283960802,3.03503512753989,4326.05570369349,48.0992656087887,797.443549254011,7.12690616994832,1.0000354,1,37.5,
4358,103.350730176956,88.8352374583721,78.1063950142016,621.88985301995,13.2660376254454,66.8665519166572,94.0623348573469,90.7994158495728,45.4571565340904,7.4934256539967,7.38762286800845,-0.424745356136429,2.94900616687362,4297.43838331065,47.3289210409702,800.28554290233,7.1266384105426,1.0000354,1,37.5,
4359,102.81385247935,88.5423804274042,77.9939010846616,627.271346622397,13.3261599201272,66.630018324282,93.9847579532528,91.5358235554144,45.7463672035381,7.49221123488683,7.38483804295792,-0.504467304279134,2.86370880179304,4259.46139414796,46.5332722064749,801.793649062538,7.12576997745169,1.0000354,1,37.5,
4360,101.584910851038,87.5661237435826,77.2044115337241,640.564447461805,13.4758579590498,65.1868949469345,93.6126516406634,92.3923006647059,46.0760565466179,7.49358755231166,7.38168815620947,-0.637675342468928,2.66948712276747,4223.1941152479,45.7093728034112,795.818537386339,7.12498988908506,1.0000354,1,37.5,
