4320,119.173046673496,97.4413238665435,81.3787461396655,509.113924225236,11.6565209834462,90.2319376090878,97.6559041620145,73.6264171748974,43.1825722559942,7.45492575435017,7.38762194173279,3.25790607119867,7.27906668127596,5217.02173214269,70.8580144508432,761.109045993053,7.06786210329569,1.0000354,1,0,
4321,120.191472219507,98.6345796811906,82.7012243267828,501.412509717512,11.6025228428364,91.8533712144996,97.8607968181333,74.0400334892315,43.1834918215289,7.45468086513149,7.38747797214352,3.1764224474925,7.27029913407384,5204.1233879384,70.2879664242089,763.356915312122,7.06864786582811,1.0000354,1,75,
4322,120.133539397517,98.6594775956193,82.7873449594339,503.278380091751,11.6638198766309,90.7370900495756,97.7412172198505,73.9592046447047,43.2192114808605,7.45390355104855,7.38698961161448,3.02266176283372,7.23534243551135,5178.46747051136,70.0178902056665,768.29797547996,7.06853870672976,1.0000354,1,75,
4323,119.703160741283,98.3612968130978,82.5868756487868,502.747386612387,11.6930501834576,90.2516405850599,97.69694636265,74.0842433060908,43.2442221708482,7.45383594362654,7.38661315071305,2.86821063709663,7.17163937410458,5155.28901524591,69.5868485009156,768.785658230202,7.06875762850359,1.0000354,1,75,
4324,119.278997026786,98.1370072317792,82.510319122426,500.971897507411,11.7052910293184,90.0714107564592,97.6894518080468,74.3247572873677,43.2529560832422,7.45397789384823,7.3864036988251,2.67598009175505,7.07439577350239,5123.58776890044,68.9351429576918,768.833566554798,7.06913448229657,1.0000354,1,75,
4325,119.400337036562,98.3122521138586,82.7254067362082,507.23863579697,11.8136221735765,88.0897809154895,97.4583959848879,74.6839484797384,43.215541115949,7.45389207481007,7.38666059450524,2.46107710432451,6.93847099144917,5135.22212970056,68.7593818247804,771.73704629367,7.06956246078621,1.0000354,1,75,
4326,119.146970161635,98.436358556642,83.1285151964295,512.580500588764,11.906415537749,86.1851288376752,97.2369789868413,75.0952602254728,43.2291610537185,7.45606335451788,7.38640780075391,2.23209992808086,6.76611571226775,5071.07778845536,67.5285999839337,770.748746678044,7.07084659918529,1.0000354,1,75,
4327,118.494777018087,98.1919596578332,83.1855294350371,513.890831450293,11.9504917802484,85.2788545444692,97.1364952600211,75.5984245359823,43.178035468766,7.45729673058427,7.3868070867805,1.99634725698839,6.57536004599314,5004.53665430715,66.1989543436208,765.703539099446,7.07232542133107,1.0000354,1,75,
4328,118.261671644258,98.1864968406564,83.3483241597335,519.019026537552,12.0338499030232,83.7788599468495,96.9463018017961,76.1996133787837,43.0906259011733,7.45818305239698,7.38757351705639,1.75877891157352,6.36504274237533,4987.77581538645,65.4567076422359,771.586176260886,7.0738927411956,1.0000354,1,75,
4329,117.749870464957,98.1869186948936,83.7273456474556,523.545245061164,12.1102879939261,82.2473031307886,96.7561921028592,76.8301391830226,43.0500967373332,7.46093887348034,7.38787003500249,1.52062343823133,6.13659927805011,4900.73056031759,63.7865636120118,766.555070608202,7.07593072782487,1.0000354,1,75,
4330,117.236884130794,98.1024749441196,83.9596507626649,524.600304547444,12.1497731912657,81.4605396605388,96.6641487569625,77.6271989683373,42.9285130713592,7.46242556142126,7.3889861157712,1.20987690132226,5.83119708626396,4843.10399319149,62.3892663596802,768.9186581734,7.07865724254192,1.0000354,1,75,
4331,116.285530655664,97.6860616470095,83.938628031917,530.123289114041,12.238210004913,79.8874331775013,96.4575261649023,78.2667658404902,42.8841172547921,7.46552107911668,7.38932339015399,1.01504648637142,5.59438566339281,4746.49202706227,60.6450512690885,770.167028077898,7.08117925485882,1.0000354,1,75,
4332,115.447362776687,97.3338419365239,83.9455874024903,538.971018839591,12.3641579104174,77.8438134754731,96.1619595729907,79.1364656418145,42.7175906926071,7.46878533621698,7.39090032979301,0.738312770544379,5.28240952241388,4673.84544368226,59.0605785307231,770.043571849719,7.08390916684494,1.0000354,1,75,
4333,114.205184676178,96.7380221882212,83.8275107840789,545.213303149911,12.4628827124348,76.241183126134,95.9293151193796,80.1909040628395,42.5685865580621,7.47226516880202,7.39230457431505,0.462056437640636,4.91441473655508,4567.11862168666,56.9530756020379,775.237647017505,7.08750145590688,1.0000354,1,75,
4334,113.428279359338,96.365981707166,83.7547182251259,545.025483316131,12.4909612047683,75.6212518984147,95.8552412109728,81.2567597542286,42.3607357700464,7.47424538433808,7.39431692752001,0.269167530775986,4.64756554081058,4520.55581484857,55.632981533125,773.994713846066,7.09092723973661,1.0000354,1,75,
4335,112.142429292499,95.5182238628455,83.2307676757106,550.25239868033,12.5799135971546,74.2774315776256,95.6549474543556,82.3092921404331,42.2759247322271,7.47750997877281,7.39507521274105,0.0814969169298152,4.39503030178214,4461.53788787755,54.2045469212083,769.476233358766,7.09437580375653,1.0000354,1,75,
4336,108.907381304212,92.7100366849855,80.7380863142531,559.020711900871,12.709576365859,72.495075764077,95.3707122889397,83.6000933146624,42.3207784834769,7.48208756022031,7.39450498339988,-0.168811006136065,4.02066928719,4415.14942570152,52.8127332236741,760.35600905081,7.09794518734246,1.0000354,1,75,
4337,102.245964209226,86.7170600416866,75.2391743526356,601.326975779002,13.2255785688273,66.230156768701,94.0491066266605,86.3792386604878,42.2681070151411,7.49053648669551,7.39494229082794,-0.397020883439173,3.38327357650572,4373.65984531821,50.6332298494643,758.337118583629,7.1036605772045,1.0000354,1,75,
4338,95.9856246515826,81.1976590606596,70.2674236238904,607.395790677929,13.3260551470384,64.932209352521,93.7894060303418,90.8131917808249,42.2128432040437,7.49495236498841,7.39541792289423,-0.58927213378336,2.76856948749938,4378.77059544435,48.217340560085,741.658825781483,7.10939029662446,1.0000354,1,75,
4339,91.0594251535794,77.1789130374826,66.9194040821067,612.556281317625,13.4135397118454,64.3774099674182,93.6688384673859,95.9477430703234,42.3706425872074,7.49551162537734,7.39371807761672,-0.786498897134309,2.20018121344394,4342.45248143106,45.258516172166,735.940851520755,7.11149378461541,1.0000354,1,75,
4340,77.6072805760094,64.0244950517492,53.9850448816438,615.763751077076,13.4652964166285,64.0377788257078,93.5838697735931,90.4877980083592,43.1371606654102,7.49458943343059,7.38586566783463,-0.886329685452071,1.61941406869303,4007.50141851767,44.2877548876531,683.956717141994,7.10891383732654,1.0000354,0.99853374842033,75,
4341,50.5233880085946,36.7707986802639,26.6058413506283,566.937659607804,11.8699931979616,60.6038530556145,92.5573914874307,71.5374973087834,43.8278705735191,7.49394289976742,7.37891021612218,-0.819682417228132,0.83925179520579,3207.84251373936,44.8414137259105,535.318206429408,7.09696682622932,1.0000354,0.865142127493125,75,
4342,48.1708920468418,35.0256819165279,25.3096570376002,618.196979866847,11.7374005165887,54.7667782525682,90.2358367523115,72.879453743734,45.541863083909,7.48716173184554,7.3621720708503,-0.977327192264965,0.582415838734483,3123.68666311884,42.8610054364932,516.373221312848,7.08019073372252,1.0000354,0.764908807381944,75,
4343,46.9795894850727,34.3075157435858,24.9412003694434,680.183968174608,12.2286074197922,52.0338174929661,88.9718612494827,74.860911288434,48.0505908704436,7.48646569595629,7.33846134477339,-1.12013554186475,0.40067992366972,3093.12607950251,41.3183065269524,510.395251143688,7.0707858673457,1.0000354,0.724077234972622,75,
4344,46.6584492166348,34.4390971933713,25.4074022196548,725.035156131518,12.9396175005526,52.2368530622536,88.8649474751002,77.8509894134233,51.6026736780184,7.47534092682699,7.30622925100145,-1.22067523833713,0.251031816769547,3101.75245438473,39.8421712781715,514.096481906538,7.06392761771889,1.0000354,0.737655154123317,75,
4345,53.1659810305364,41.6706179299189,33.1740452033755,1129.11608407723,19.6751786856729,53.8783613066606,91.0537601536168,98.5110257934325,55.759853987915,7.5397447342344,7.26996477303787,-1.3448420581244,0.110165294439339,3692.34571093461,37.4815476866222,560.352626878426,7.07372480427378,1.0000354,0.898914330589144,75,
4346,69.2924186030945,58.975214617259,51.3494551494675,1596.392455011,27.6617656350377,63.1562265071535,95.3988217792184,132.063471592146,55.9995176276839,7.64545351238327,7.26362006376115,-1.51687081775828,0.078080479533623,4442.62389812448,33.6400659816418,563.662069639709,7.13943513330918,1.0000354,0.993130817041824,75,
4347,81.1753017398498,71.1856881930145,63.8020607888318,1757.4805416006,30.5385983954675,76.6619762186597,97.7391609683439,148.957702124978,53.2681210256564,7.68757895565528,7.27908088953708,-1.52728570740857,0.284052839146491,4851.84003173008,32.5719312430002,555.693915094011,7.20914187056747,1.0000354,0.999599339004228,75,
4348,88.4036368037383,78.3696140563859,70.9531624605168,1828.39454390738,31.8653841292263,77.7804026188158,97.9480445457015,155.693735745557,50.1182041556387,7.70478457534597,7.29784164181729,-1.48582453868549,0.512123940413151,5093.79006783758,32.7167309811496,568.081449591723,7.25755452531838,1.0000354,0.999936379423865,75,
4349,91.8077548379346,81.5890716177483,74.0361318463062,1824.74458436648,31.8624231556895,80.1631554810142,98.1838695703815,156.773558968429,47.7834634768836,7.70775044077866,7.30972515832074,-1.45265526415223,0.645491875881943,5223.5117435243,33.318831172138,578.755018542888,7.28840425057044,1.0000354,0.999948656934707,75,
4350,93.099923788174,82.8482236898662,75.2708801389431,1823.93761622757,31.8954272615123,76.9808795262216,97.9221957747752,156.236844343533,45.5038150472079,7.71091143800754,7.32142913626789,-1.46809203321863,0.703150192958753,5222.44858624093,33.426485335033,584.591392713218,7.3055359214415,1.0000354,0.999948869576705,75,
4351,92.4128621667979,82.1912441451596,74.6361351726444,1825.63979047931,31.9641359698382,69.9372077316478,97.2069849055838,154.992813988377,43.3985796567362,7.71853863906706,7.33214185017525,-1.47801238617064,0.698278646560291,5165.6625522897,33.3284003262054,597.648489777581,7.31961170812959,1.0000354,0.999262436377832,75,
4352,92.1218143312637,81.9362720666672,74.4078277841394,1814.70332122546,31.8061549061432,67.1632527293944,96.9021647817043,154.459745678744,41.2900496915605,7.72552786306909,7.34376239645136,-1.49963727933981,0.689618387301043,5129.72746561331,33.2107724447669,615.942547584806,7.33158168635916,1.0000354,0.998394448220017,75,
4353,92.6701574664256,82.5631909738316,75.0928244358273,1828.54838281545,32.0909117758154,64.4479473626201,96.5666269855662,156.054888970397,39.4586842333752,7.73185889819045,7.35330730711143,-1.51759469310208,0.661557519747044,5142.72174320159,32.9545698768666,628.524553667792,7.34226890480463,1.0000354,0.997276559988959,75,
4354,93.8716019710166,83.8751042631408,76.4863885660153,1811.46834135516,31.8265729791596,68.3905113503026,97.1510927822224,157.028161145289,38.3636233512745,7.73340804381318,7.35508689560444,-1.53288906115317,0.66383627790973,5118.23517801634,32.59437759881,626.576470814585,7.35495472385275,1.0000354,0.996666968619516,75,
4355,95.4039223220807,85.4627732960834,78.1149674942594,1789.14156094122,31.4787394903979,70.7756437074479,97.4422631601423,156.68042313602,37.340636531672,7.73149110248736,7.35618571047085,-1.53565877596566,0.691275694229112,5078.62494779518,32.4139088096938,629.057235508395,7.36174349303719,1.0000354,0.997521468065707,75,
4356,95.7150107261216,85.825943104638,78.5166322539762,1755.08259487521,30.9159702740336,73.4246537763687,97.7321281584909,155.256979062141,36.3167383337414,7.72979933273649,7.35758167545429,-1.53827530359927,0.722127350262407,5006.1205088635,32.2440932388606,632.523141322588,7.363087815444,1.0000354,0.998299237181938,75,
4357,96.6903312409969,86.7301620445853,79.3682978559332,1745.8073967261,30.7789848066454,72.6192930994104,97.6424242267416,154.336719029917,35.4411868621789,7.72681756578484,7.35757096058601,-1.53704484691291,0.746395208562916,5012.22780324108,32.4759255914303,641.018064081524,7.3636160121155,1.0000354,0.998312143426769,75,
4358,97.2151055980435,87.3224558506071,80.0104973416324,1750.95981157902,30.9017825187888,71.0384134884485,97.4928484960987,154.190819886082,34.7995797174725,7.72901408552962,7.35493126105938,-1.54599493112179,0.771414079160007,4973.54409203159,32.2557730460613,636.660741502916,7.36443508780122,1.0000354,0.998894364077775,75,
4359,98.1047980718986,88.3166206104757,81.0818807476849,1753.53281990068,30.9774750906453,71.7926660657733,97.6318981349944,154.878633016764,34.2956025302537,7.73680519302629,7.35072453292494,-1.54942583252982,0.791202846607635,4942.9721452609,31.9151328300134,645.460766035463,7.36668964756687,1.0000354,0.998992874046623,75,
4360,99.299234913865,89.5604819048709,82.3622731590926,1752.9382731635,31.0003460944674,72.5080750761586,97.7091750027651,155.019196715242,33.6801539906765,7.73517460800717,7.34804694025261,-1.56873803409781,0.818668182844562,4922.47654392283,31.7539804632391,646.28630117767,7.36804393316657,1.0000354,0.99954083867802,75,
