4320,129.179458578899,107.748644192968,91.908477038149,502.067680635326,11.5881853680528,91.3763716481492,97.8073738823729,75.1514318305957,43.6647038551562,7.45785252464864,7.39262936903018,3.23210732061993,7.7712455884698,5251.34747553519,69.8768785586499,803.660003371057,7.06237740073775,1.0000354,1,0,
4321,131.45220533836,110.430635492765,94.8929534329762,499.665969154795,11.5993401131342,91.8012038967813,97.8695528814848,76.0081336830105,43.7047863165737,7.45759224673925,7.39209653875724,3.11779464371949,7.79605389112455,5209.787815661,68.5425041139446,808.572760574917,7.062976947287,1.0000354,1,75,
4322,129.697258268256,108.490005941652,92.8150803089453,497.269849414775,11.607680004404,91.9372534693686,97.8955532335852,75.26542038323,43.8132561863688,7.457005768591,7.39089100674921,2.96513119063153,7.7653848356884,5204.44852014726,69.1479366440484,798.040209308702,7.06282571080081,1.0000354,1,75,
4323,129.588717059808,108.729388837847,93.3116244998758,502.420245848232,11.7081216985595,89.0646561694944,97.5844280348785,75.9899503230116,43.7608711439415,7.45941984299955,7.39128543330734,2.68886786678226,7.57417170712014,5168.34266622165,68.0135023677802,797.846392072077,7.06394120615834,1.0000354,1,75,
4324,129.09201882939,108.694334757485,93.6177856608595,500.782391048143,11.7226288103366,88.6400720497662,97.5507712856516,76.305710879155,43.7171352496264,7.46020398533039,7.39159767182928,2.43745230281991,7.3290868371843,5074.96118939472,66.5082748187998,802.315835870885,7.06567949213861,1.0000354,1,75,
4325,127.878467184254,107.63367063862,92.670125365759,507.99828671756,11.84255534389,86.6192084931505,97.3063465918566,76.2137231691514,43.6438516690282,7.46003414747981,7.3922063542494,2.2472273690869,7.15131039712873,5030.85055465493,66.009772852709,804.359026482887,7.06625477035298,1.0000354,1,75,
4326,126.801256028037,106.764300868643,91.9543774899608,508.689279261508,11.882570173947,85.5532267804564,97.1951729722455,76.7595240737552,43.6008346858018,7.46254968721105,7.39251645504531,2.03753768730382,6.94436703291957,5014.86009260393,65.332089445804,795.380705570514,7.06757274810276,1.0000354,1,75,
4327,125.961863786666,106.445973708043,92.0211853890612,511.187990257721,11.941830760134,84.2949742225242,97.0513870616624,77.531157252667,43.4920157609087,7.46464544353833,7.39348570525349,1.79694298966725,6.70934026948173,4933.54906227136,63.6331152157753,797.497948554553,7.06937003805056,1.0000354,1,75,
4328,125.734318344716,106.49085480869,92.2674252385844,514.014620533203,12.0022794841705,83.3026991587775,96.9300628320206,78.2854509617259,43.4010547721261,7.46517575543093,7.39427984059003,1.56038259432901,6.45093535711198,4912.0086240119,62.7448467584788,794.897160123704,7.07079083318842,1.0000354,1,75,
4329,124.87845103415,106.143159951933,92.2953361085547,517.704727292077,12.0709149307202,81.9277951692904,96.7620956060571,78.8493756436293,43.3395532263825,7.46763827893151,7.39478247183196,1.34786181034103,6.22625074478602,4816.74356021986,61.0879099663364,796.923767649754,7.0729434628814,1.0000354,1,75,
4330,124.404233536556,105.925291038789,92.2669422360911,522.018254657041,12.1469348248047,80.6796083092663,96.5961731449984,79.6279838060954,43.1893653092175,7.46866935795302,7.39617632061668,1.12283691347576,5.99307482155781,4797.75045396616,60.2520649731545,799.88754743916,7.07487880380171,1.0000354,1,75,
4331,123.678206795167,105.588939885924,92.2186121703963,521.484103137755,12.1706319669485,80.0180828823449,96.5318324677354,80.240038968257,43.1388980075326,7.47140326878658,7.39657119525539,0.949823692758843,5.81321564610309,4732.67759005748,58.981496655675,801.886440200238,7.07712170250023,1.0000354,1,75,
4332,123.217161014421,105.51680543748,92.4339339240891,529.231275951383,12.2854975110749,78.2630920368497,96.2810568215125,81.1758376037297,42.9752140359977,7.47345095786826,7.39810941095325,0.69397704288585,5.54896424351109,4684.93523029933,57.7134202565232,796.934319801035,7.07910917899208,1.0000354,1,75,
4333,122.323071312166,104.802642799874,91.852760856006,526.907002772895,12.2898941658987,77.966749308407,96.2684129204007,81.9411399385372,42.8975767862561,7.47550098484278,7.39878195025464,0.508453847828449,5.35344152262136,4681.03132082329,57.1267537202247,794.862874254128,7.08196492721676,1.0000354,1,75,
4334,121.352334944394,104.523647570874,92.0850525556642,537.142362839249,12.4344410839856,75.8730963474106,95.9525047472599,82.9233146879236,42.7710866863203,7.4787456590209,7.39995232350769,0.270428440046058,5.08443795832719,4550.10813670298,54.8712765984695,796.834221172697,7.08470959690848,1.0000354,1,75,
4335,119.922714491773,103.549570818324,91.4476820162099,549.005433762837,12.599332243705,73.6399012660234,95.5905288797115,84.0248182573347,42.6782681230897,7.48239556150623,7.40078455293326,0.0590624152142794,4.81918333418243,4485.74391044479,53.3859400529345,795.216216943294,7.08792482217266,1.0000354,1,75,
4336,116.082245718744,100.031865555528,88.168541087063,570.687860847167,12.877698218126,70.2910395452538,94.9629187817443,85.789569788038,42.6363673113454,7.48655497203132,7.40110222147935,-0.200116511402697,4.39404048754328,4489.67221668991,52.3335439002973,794.477678660593,7.09232519493803,1.0000354,1,75,
4337,112.429579199073,96.4992310073796,84.7246258222148,597.104910739999,13.2134955802976,66.3334338659353,94.105650747437,88.8380994645809,42.5867468679206,7.49176862163212,7.40150410997648,-0.364770869008284,4.01997276999996,4614.44367280651,51.9421700893799,801.147738348992,7.09687004977273,1.0000354,1,75,
4338,105.431832984486,90.4142991264821,79.314382796653,631.756287600636,13.649155610207,61.1982714435125,92.7341660795078,93.4220588805523,42.6078911002728,7.49748540860345,7.40119424705413,-0.616602897977923,3.31608812369192,4574.49203469657,48.9658661938229,796.021038427608,7.10270776397913,1.0000354,1,75,
4339,98.5661170275932,84.4857371920506,74.0784999223017,640.75132192049,13.7828921860426,59.6844024319058,92.3257233823435,99.5801660465339,42.6915967597835,7.50150651401256,7.40026089606513,-0.829666962666235,2.56252775278628,4571.7454191829,45.9102008029041,783.018730774603,7.10788221262048,1.0000354,1,75,
4340,83.2789218858483,69.4997545943201,59.3151526831905,633.484765041613,13.7189308707227,60.565019593522,92.653944197705,92.6369479498605,43.4434647033629,7.5020121638843,7.39261112097155,-0.933898801754265,1.84533647208511,4161.99958717282,44.9280732934497,727.20947027617,7.10706975960721,1.0000354,0.999661290185481,75,
4341,53.3408019104557,39.5209057440515,29.3061998819266,602.644618433501,12.7157884406889,58.3304847948144,91.9986569577874,72.5288738655428,44.1368928345149,7.50646521873377,7.38567811298711,-0.85773846794065,0.954072028995184,3268.21437673463,45.0608730364873,568.016347545875,7.09851007084561,1.0000354,0.914863900119417,75,
4342,50.275593752031,37.2356891080305,27.5974987189867,624.844162117848,12.2811663262357,55.3076305803365,90.7638575914205,74.0852760541418,45.5638834970634,7.50081738556853,7.37169830832008,-0.999967475150312,0.606753733651147,3149.93172662533,42.5176485044524,548.132834128328,7.08656901086099,1.0000354,0.819968916645242,75,
4343,49.527536520662,36.7998082343114,27.3923568922261,691.284706503984,13.0974501163603,53.2805214467115,89.9236638702391,76.5453439714954,48.2545383611375,7.50104197320904,7.34608314636419,-1.13981157592798,0.467302326918237,3176.61436891965,41.4997726067126,547.035098838271,7.07869957732657,1.0000354,0.813648564913734,75,
4344,50.6117377411413,38.5035154888495,29.5539599110685,869.498211589047,15.6046134486858,51.1611004858736,89.1625927029615,84.0481908223316,51.8116493900197,7.51052218744541,7.31347685038888,-1.27886472746812,0.247799053558281,3318.20776452135,39.4798238017481,566.753830387348,7.07859273583543,1.0000354,0.833031014079951,75,
4345,66.4481691541222,55.8513002759032,48.0188319746109,1407.02400240175,24.5095678583794,57.2932384605825,93.5254880526939,121.380783516149,53.7315986709277,7.61352142588422,7.29430017346435,-1.49958650904905,0.11596070794852,4193.94102185045,34.5519356553871,602.859568022588,7.11861769583746,1.0000354,0.974294150694202,75,
4346,83.1892842059554,73.3514975418079,66.0800900074381,1716.57689176849,29.8975331400955,75.5562132473923,97.6435216465383,149.352971135829,52.313517921179,7.6923374443106,7.3004891339733,-1.57495564874247,0.292269182552785,4790.77846633463,32.0768875898537,574.59859148251,7.19414481028299,1.0000354,0.99936027914032,75,
4347,93.5107810279698,83.7882831175465,76.6020890098424,1816.5481707549,31.7555432847427,79.8278110816276,98.1815376341498,159.770852018117,49.0650960558742,7.71659649698839,7.32110612737275,-1.54327098028077,0.588169054586683,5064.89249152692,31.7009794186526,591.609402302896,7.25401749479078,1.0000354,1,75,
4348,60.0692400407435,46.7235679620664,36.8593755560876,479.526288302743,12.0353946713961,116.708522255824,99.8580052100312,82.4873298063238,48.786888450414,7.46802303536603,7.31532132939729,-0.864508421598165,0.836093388301271,3589.40543807413,43.5146275979823,494.412535242016,7.25645428906105,1.0000354,0.989876622954844,75,
4349,53.4222876726927,40.7858077845249,31.4458009106617,1068.99810731942,19.5056510029812,62.9031271259973,93.6936759508423,81.0165578933867,62.3407116103496,7.50328856715416,7.20095579705577,-1.0599268945281,0.493624032730219,3338.06446687381,41.2022499310143,493.735245291959,7.14864112110448,1.0000354,0.954402343059939,75,
4350,50.3430713652168,38.0408174572831,28.947847177506,1446.90174092562,25.4268695354861,55.7888600746294,92.9932106530648,81.2318284279591,74.06480358079,7.59682304586528,7.11677279773244,-1.15500131085894,0.31311426957803,3258.41005104174,40.1124794812599,455.875567823404,7.14105428606914,1.0000354,0.966190997899061,75,
4351,49.9418111141579,37.8094765713601,28.842098865814,1437.02792356317,25.3606357028011,59.8769981146159,94.2549291346624,81.6472156527641,74.13356908282,7.59820876691753,7.10525649663774,-1.14472806690111,0.276064027849927,3229.83679565861,39.5584438469368,446.231698674798,7.15262463148541,1.0000354,0.964056493513111,75,
4352,50.05551015005,37.8919599740103,28.9015098438941,1498.31453403959,26.4873773393276,60.1828373976156,94.519257637838,81.5644063905097,74.7696612820951,7.60902526661763,7.08841881931204,-1.13162239714699,0.293485134528637,3234.86270188004,39.6602249073246,436.944158458559,7.16167128806454,1.0000354,0.966376434014011,75,
4353,50.6208707501522,38.4311284244851,29.4213188794268,1241.74001207591,27.8809261625026,61.2128978546814,94.6782917780751,81.3812619869298,74.522735786786,7.59734584357736,7.07476732963129,-1.11836482520352,0.308986318138763,3234.54924294693,39.745626498965,433.532333395448,7.17082062942212,1.0000354,0.967915738655488,75,
4354,53.2734924829274,41.1382647085554,32.1687485274978,0,16.64312616133,67.7134292101654,86.7355426946147,81.6853261017024,85.6127039464434,7.04105652067174,6.99730826544883,-1.12713421588817,0.365575228849867,3232.11497339917,39.5678774591047,492.767820942894,7.05359246419303,1.0000354,0.991019553189135,75,
4355,86.9369712049461,78.6043415582972,72.4454413846871,0,7.65481835959015,23.5836540995188,20.7640720285172,178.23601766711,125.925098578409,6.81620191464723,6.80991342405371,-1.65595610994132,0.612947149695275,4842.53057407337,27.1692031580156,1225.70532326714,6.76897537198684,0.73880063385909,0.266108540308985,75,
4356,31.5694438780111,29.4214727930083,27.8338419910498,0,0,15.8268932741982,12.0575482963927,202,120.01796951651,6.94058332562513,6.81933208137722,0.0262496747923389,5.79788929464237,1414.73344942306,7.0036309377379,461.576386386821,6.67348538228106,0.205724356955025,0,75,
4357,1.97214750565738E-08,1.97214750565738E-08,1.97214750565738E-08,0,0,1.30631954641338,12.541362747407,0,0.319023984029861,9.41505771510601,9.39307874558638,0.635210117698372,5.9323096536707,0,0,0,6.67223625497083,0,0,75,
4358,1.59281148616884E-13,1.59281148616884E-13,1.59281148616884E-13,0,0,0.0675192097453315,1.55739071815068,0,0.00212629540922951,11.5914951702869,11.5697263995117,-0.000525440974618263,5.90562417542606,0,0,2.68216661174589E-12,6.67130077878527,0,0,75,
4359,1.59281148616884E-13,1.59281148616884E-13,1.59281148616884E-13,0,0,0.0161088422250962,5.51001954557453,0,1.43192743720993E-05,13.7633978791078,13.7416305095511,-0.000593520499546862,5.88778746626165,0,0,2.69474387967313E-12,6.67001672460373,0,0,75,
4360,1.59281148616884E-13,1.59281148616884E-13,1.59281148616884E-13,0,0,0.00329277130723448,13.1003426660265,0,9.64077793875465E-08,15.9355431292515,15.9137757691311,-0.000557253741920949,5.87793651583411,0,0,2.70706929341552E-12,6.66851084959097,0,0,75,
