4320,130.45397764463,109.485380577661,93.9868523107713,509.852112312772,11.6966785399621,90.4962371454239,97.7038960599688,76.2223404760354,42.9059325786244,7.45549279699212,7.38787611467031,3.05657833699102,7.56620820876439,5211.30481306289,68.3697821467624,797.779065856928,7.07244818582606,1.0000354,1,0,
4321,132.930608978854,112.294945442382,97.0424984806415,504.102172784408,11.6464626584998,92.7123235078318,97.9624097176421,76.9963866711492,42.9326682937946,7.45478593191274,7.38754044101367,2.98282836357524,7.59214692029501,5180.6422690603,67.2842258323987,801.50567404108,7.07294326241734,1.0000354,1,37.5,
4322,131.209874640733,110.426920839342,95.065607160053,503.825985809905,11.6618179259557,92.6276096019818,97.9561253420284,76.1429408946239,43.0436327268662,7.45408952458227,7.38635650671683,2.91105146929255,7.57667216318506,5159.78660364382,67.7644774816956,791.362127790479,7.07235781461056,1.0000354,1,37.5,
4323,130.583165265297,109.733270980843,94.3224795532033,509.842304120219,11.7526035018219,89.8969553091617,97.6491299541087,76.2068689821411,43.002668766205,7.454620564841,7.38670786655056,2.81739011445472,7.49932755497479,5180.75193264937,67.9827422625572,790.027283337947,7.07163389873651,1.0000354,1,37.5,
4324,130.17255088008,109.595912922891,94.3870935632289,513.948226504941,11.8175930171688,88.0986450244315,97.4436024490002,76.4355049132957,42.9600313432394,7.4566003702749,7.38707901069468,2.69715721393387,7.38434130946965,5128.19317989617,67.09176822621,793.252592515838,7.0730434790448,1.0000354,1,37.5,
4325,129.533793598141,109.211563985941,94.190785576924,508.866811308558,11.7730896171838,88.7967705080941,97.5402693765208,76.7447043773739,42.9143072008429,7.4569337338279,7.3874828923146,2.57212415656738,7.26401276612625,5085.2767522077,66.2622495384445,788.890762832268,7.07372073875391,1.0000354,1,37.5,
4326,129.490964411538,109.172339566255,94.1542255501766,512.449709047492,11.8302719609333,87.7580716220561,97.413823209822,76.7577096908956,42.8581636681232,7.45667219084276,7.38799398888236,2.46556789159389,7.15451081594405,5085.23633182828,66.2504959085751,797.588667453127,7.0739856784914,1.0000354,1,37.5,
4327,128.860339654933,108.825394771594,94.0169572491264,509.979117680329,11.8155784430286,87.7112526732538,97.4229538704569,77.0526744585454,42.851336359553,7.45813408348385,7.38800726648198,2.34848027102784,7.02650517330207,5033.50716527123,65.3255347804867,792.035044947116,7.07513844898058,1.0000354,1,37.5,
4328,128.206734327368,108.428514454932,93.8098302013926,510.161862593266,11.8315302270357,87.5086958225119,97.4025003016847,77.4566228538773,42.827768595616,7.45802499468298,7.38819077509032,2.22984113161671,6.90034030834591,4995.0585120032,64.4884624188486,788.791041952655,7.0754714536669,1.0000354,1,37.5,
4329,128.728423735261,108.9975657019,94.413888025068,519.013377390589,11.9452460025736,85.356764361464,97.1320226169912,77.868461090948,42.7795964344741,7.45964824151506,7.38862538533803,2.10493868702805,6.76327926907809,5009.59232982434,64.3340353673266,792.939587749552,7.07590905597046,1.0000354,1,37.5,
4330,128.20002654338,108.780624515248,94.4271534509762,510.066737782141,11.8567612847824,86.634981927192,97.3150756506376,78.1967198554293,42.7524327020606,7.46033050572925,7.38884805442619,1.9800127980034,6.62257461185614,4951.29965020007,63.3185082360752,787.764094837695,7.07726007536054,1.0000354,1,37.5,
4331,126.956938867406,107.463771783376,93.0557787212668,505.667089636861,11.8178303256844,87.3893824077655,97.4170285447941,78.382134795749,42.7810545058998,7.46003434696897,7.38850411219165,1.87639644468663,6.51777971504092,4981.89207135811,63.5590250806527,786.169889379871,7.07775937826539,1.0000354,1,37.5,
4332,127.105111773744,108.269225255941,94.3470482645207,509.870754885962,11.8795478779646,86.0624100514202,97.2631978911495,79.3356307470766,42.7237943195483,7.46221838784438,7.38903308098509,1.71473866104989,6.31771497699043,4872.46991035604,61.4159094025427,787.655745225685,7.07932565868358,1.0000354,1,37.5,
4333,127.03913661654,108.279044616337,94.4128896596663,508.984735739652,11.8814085158005,86.2262468376404,97.2829418440277,79.4092403908083,42.6745563854467,7.46096615904087,7.38948090778979,1.60801275250238,6.18829253507053,4857.36598509248,61.1687753363112,789.541854754294,7.07915479342425,1.0000354,1,37.5,
4334,125.905349145914,107.390012766355,93.7047641379849,503.83832456303,11.8332348647715,86.9836231217744,97.3905501455206,79.4614944750103,42.7454288214398,7.46147212299484,7.38870791431032,1.51407259746611,6.0867141160492,4797.14843833558,60.3707301256992,783.871254365256,7.07925537752593,1.0000354,1,37.5,
4335,125.746864319449,107.239338894975,93.559863581234,512.035570438009,11.9395397565917,85.31394115404,97.1760847884783,79.8901963231194,42.703485474503,7.46156134601207,7.38908107782486,1.40860934270126,5.96949685398106,4820.99481908515,60.3452618840293,786.074292868948,7.07863699581468,1.0000354,1,37.5,
4336,125.227819098488,106.986829682543,93.5043592446697,510.49096542071,11.9337348017225,85.2382325803515,97.1794041816203,80.344543226227,42.6910363614489,7.46273607410001,7.38915493443356,1.29710960110329,5.84886281000872,4778.58812043379,59.4761999826007,790.305656545169,7.07973567161672,1.0000354,1,37.5,
4337,124.875212012056,106.651670982579,93.1820971781838,511.843177014219,11.9600982948644,84.8190710138753,97.1293640598354,80.8160551367267,42.6601649547452,7.46293330643885,7.38941579888686,1.18197349721572,5.73251394695358,4802.03408183469,59.4193081277041,785.535535862568,7.0807357688551,1.0000354,1,37.5,
4338,125.293592744725,107.405818724909,94.1844205363498,517.816785328706,12.0354336362757,83.2282272081565,96.9272246993789,81.150664627449,42.5959943368466,7.4652819325097,7.39001716620279,1.07387631873052,5.59506910510247,4733.07299634875,58.3245130286684,788.572293088432,7.08204135035213,1.0000354,1,37.5,
4339,124.265828032982,106.683458872287,93.6877947100335,510.856347727666,11.9712657781246,84.2543706813541,97.0777264262425,81.552689667649,42.5551325984396,7.46510771471741,7.39038113989927,0.958728062940653,5.46750567106362,4675.31099654402,57.3287161416414,781.018115476921,7.08304377940924,1.0000354,1,37.5,
4340,123.678206580772,106.042167018574,93.0068334291227,508.544031968048,11.9566229085195,84.4432959607723,97.1125868268126,81.8545355954772,42.5543960254926,7.46552044222452,7.39033477189681,0.869030092260489,5.37553328111352,4706.93970329793,57.5037127638167,785.391645196409,7.08352948854374,1.0000354,1,37.5,
4341,123.862565908278,106.568247655259,93.785490685636,518.088719651949,12.0706898039589,82.4230973261637,96.8432287553638,82.3653226321699,42.4835695787428,7.46730973292431,7.39100490229941,0.749246904544656,5.23004158852447,4644.53962385431,56.3895031965827,788.226898393062,7.08432917194603,1.0000354,1,37.5,
4342,123.160632494039,106.116270092961,93.5182631008598,513.093449300495,12.0274777937329,83.0589741893577,96.9423088358738,82.6858344446673,42.4526659557653,7.4673419448681,7.39126749881472,0.652894897376436,5.12654697380912,4595.22408968544,55.5745022173118,782.393533355705,7.08556527000744,1.0000354,1,37.5,
4343,122.646884138313,105.767588978987,93.2915882090499,508.531745365135,11.9886756588493,83.728429689774,97.0404734442481,82.9432114538705,42.4388919573676,7.46692612011715,7.39135444369794,0.589165428275802,5.05689315976605,4564.88641665675,55.0362873180471,781.131041596889,7.0856552197291,1.0000354,1,37.5,
4344,122.680964348922,105.940152300012,93.5665086116864,524.425999473291,12.1714640913628,80.8191950511433,96.6337523310677,83.57188911456,42.4035159017354,7.46910406214037,7.39166312707066,0.453626668461017,4.91092792999662,4561.75084968216,54.5847520980282,792.72168077052,7.08586460498537,1.0000354,1,37.5,
4345,121.976435403946,105.517176512746,93.3516373322929,518.429522536818,12.1169548101249,81.4007658061325,96.7381579699737,83.9996812323666,42.3607118333257,7.47026177689731,7.39204834472825,0.364809066029024,4.80740176738172,4507.98784189731,53.6667255846716,783.63171346951,7.08820494225762,1.0000354,1,37.5,
4346,121.463587917232,105.171287678883,93.1291527201033,520.01565096471,12.144785911799,81.035280706877,96.6890255632017,84.3804050190637,42.3340620814534,7.47024924721334,7.39226815355424,0.30231400768524,4.74170169876337,4482.48486758054,53.1223435887494,781.021622908598,7.08876685770719,1.0000354,1,37.5,
4347,121.303972496483,105.206945447932,93.3091428468296,529.198135653522,12.2558495217531,79.2746787992882,96.4380921640728,85.0262791649415,42.274654235142,7.47271778705081,7.39282535696649,0.172272689093477,4.58785094701455,4462.65866077859,52.4856397881592,788.795494915126,7.0898819412683,1.0000354,1,37.5,
4348,120.713692887878,104.81807668383,93.0691429677934,531.460433612538,12.291452997511,78.7095605582037,96.3634660757029,85.4965605964477,42.2728175195135,7.47402293638423,7.39279198349992,0.112617534182816,4.51399682637308,4431.19471364308,51.8289236751729,792.205603353522,7.09178386311299,1.0000354,1,37.5,
4349,119.667574899651,104.125199469123,92.6373567596015,543.134767867816,12.4310692896258,76.7605911173783,96.0606499790094,86.2296116767504,42.2324430671071,7.47662013928866,7.39315544221452,-0.0474485055118348,4.32279501007832,4369.87130825373,50.6771539762361,793.586714262659,7.09356946811442,1.0000354,1,37.5,
4350,118.07343073849,102.539014523314,91.0570547120962,548.99894388914,12.5067658130803,75.6931290666228,95.898694965758,87.1731805245608,42.2421918411199,7.47905962057086,7.3930043565737,-0.133500995323926,4.15870816791525,4415.42640364059,50.6512023201511,784.421939637622,7.09615249563132,1.0000354,1,37.5,
4351,115.361111042531,100.26844688651,89.1129994668426,569.160812082899,12.7421218077253,72.7003156523089,95.3696582166064,88.7302133260943,42.1822666271896,7.4832726738718,7.39357157905034,-0.258703288598239,3.85600029345093,4366.48784483964,49.2108345191538,782.205937404257,7.09910260840615,1.0000354,1,37.5,
4352,113.039192713155,98.3321162558535,87.4616684395873,578.806121689749,12.8603198219604,71.1737116617397,95.0894634377329,91.0296586044575,42.0578406909925,7.48628958142659,7.39480747239465,-0.353610478728569,3.57516825137647,4365.19939010181,47.9535950922269,780.075492198972,7.10296622519827,1.0000354,1,37.5,
4353,112.473266034027,97.9204921132903,87.1640939979632,585.272576466084,12.9419318919459,70.3215240651881,94.9196918180736,93.4617542554143,41.9898682510786,7.4871867742902,7.39546625988016,-0.421478650937572,3.42583124054752,4434.80504239367,47.4504793722803,783.569374025126,7.10486132863661,1.0000354,1,37.5,
4354,111.862841945007,97.5476701615398,86.9668910172379,587.042057915959,12.9690528279418,70.178637636512,94.9015097857964,95.6921014661407,42.0758626277074,7.48785904662182,7.3945374855695,-0.48851183949321,3.31469588476888,4466.50143412405,46.6757586644124,777.328462593428,7.10632372442697,1.0000354,1,37.5,
4355,111.382419751087,97.3422358704472,86.9647086543222,590.392081419009,13.0126694056233,70.0464835710186,94.8631433729485,97.6426394762498,42.175545143656,7.48668306234734,7.39347271276892,-0.577294002754961,3.20068320613861,4469.9959344376,45.7791386879178,776.599411221815,7.10632254624034,1.0000354,1,37.5,
4356,109.074735053592,95.4553932143382,85.3889231592375,611.192880349158,13.2542973636865,67.789921742285,94.3465650066072,99.6384099479059,42.5132844911602,7.48770158229608,7.38997524562614,-0.721351021366897,2.90380621831461,4424.63785541664,44.4069496665993,784.512032136682,7.10601608117279,1.0000354,1,37.5,
4357,105.989953642627,92.5979152714674,82.6994521275667,617.169544078039,13.3265763259791,67.1130182418363,94.2126549749881,102.49817633778,42.7129470323181,7.49017960725245,7.38791100565846,-0.809133019229494,2.60064496653241,4475.66574883933,43.6658085904855,771.203503528373,7.10724603046746,1.0000354,1,37.5,
4358,101.560790152456,88.5357948862984,78.9086244721821,611.732871165557,13.2669303592755,68.1756159937315,94.4595970068384,102.28080152647,43.0362732876153,7.4886361319585,7.38460965798693,-0.897266944665644,2.27662039654067,4343.76696947273,42.469035289566,748.485563783573,7.10694041933548,1.0000354,1,37.5,
4359,93.387545927791,80.5422823353695,71.0479570714059,625.620266415906,13.4303002812314,66.6605366151217,94.0858992356274,99.8920178870248,43.4740606466834,7.48882487552952,7.38019116006744,-0.917610596252808,1.93055114433986,4183.7779686228,41.8830058409126,732.622659093119,7.10434988459009,1.0000354,1,37.5,
4360,86.619741259247,73.6429053472646,64.0513309775384,631.702391103624,13.5051913972695,66.0236184464776,93.9359997153197,97.1458477097635,43.9853893725403,7.48975905782322,7.37509476456443,-0.942022790321684,1.6701597671198,4110.43587346382,42.3120078764901,718.075372371452,7.10226862134436,1.0000354,1,37.5,
