4320,116.490144144288,94.2397501938446,77.7938068391693,494.967103722742,11.4713547386253,91.1842861079039,97.7786413008576,72.3416914384818,43.7052956873398,7.45876739412104,7.39529489938908,3.50197097324584,7.51648854969885,5248.33061486292,72.5491830575459,766.323091390622,7.08678433622726,1.0000354,1,0,
4321,116.240962361009,93.8355559230065,77.2750381210046,495.969460504977,11.5263979195569,90.4250650315605,97.6988908788886,72.1907252492478,43.7268663129705,7.4577033817608,7.39495172861581,3.42494249824882,7.50162767114207,5273.86554070289,73.0546136293019,770.161397769871,7.08624573533529,1.0000354,1,75,
4322,116.032612314785,93.7642321273772,77.3049945975542,496.712866761965,11.5749802268227,89.3969917304708,97.5931535138035,72.2884266238431,43.7428241184514,7.45838112629158,7.39467005458881,3.28113839031819,7.43676549198662,5248.70569128604,72.6078286168542,771.936438142218,7.08678150078146,1.0000354,1,75,
4323,115.724140984176,93.5796594320824,77.2119991544482,493.636467137566,11.5728776288606,89.4958254164567,97.6190630073653,72.4885142398339,43.7142533580408,7.458239021666,7.39483427714165,3.11328927502495,7.36286734048177,5233.94960885902,72.2038472404344,771.832999472939,7.08741882410717,1.0000354,1,75,
4324,114.910060644971,93.0935644612067,76.9683281514679,497.163860723915,11.652715171107,88.1655908571681,97.4705900698601,72.6983211131957,43.7193344571383,7.45865244859581,7.39466774719116,2.84914099727501,7.20809166781188,5171.35325654814,71.1344248032363,769.047171881946,7.08780270873227,1.0000354,1,75,
4325,113.811961715147,92.1766302104956,76.1852982287968,507.285255359744,11.8100243167592,85.2538020036981,97.121619017697,73.0772620326941,43.6726420393373,7.46206616453532,7.39501767816641,2.51244468809675,6.89310049774932,5155.14212504886,70.5437229263255,768.12176288054,7.08908828608635,1.0000354,1,75,
4326,111.666141027715,90.8084683557876,75.3919276852329,516.752928685925,11.9503080953009,82.7610741535913,96.8021327890996,73.7476144185136,43.5033746787709,7.46528459997296,7.3965887231851,2.19296126247871,6.44591216333965,5015.43545435147,68.0081043149295,756.421290296017,7.09186470111007,1.0000354,1,75,
4327,111.274556711028,90.8596422463906,75.7703576420933,514.545998212554,11.9563827602542,82.2390659426732,96.760657414786,74.9213512299515,43.2801152019758,7.46788238143668,7.39870348879584,1.96411655339868,6.09612852775893,4987.09897899605,66.564455887741,758.157991660644,7.09528716686147,1.0000354,1,75,
4328,112.718863826154,92.8412849581945,78.149161447094,512.232171165862,11.9602226420184,82.090581575095,96.7610765978547,76.169911783568,43.0977397247121,7.46861496232742,7.40041511442761,1.79183199997692,5.91671959876716,4936.75710175633,64.8124303436744,771.767387842925,7.09720962743888,1.0000354,1,75,
4329,113.177196914568,93.8007223464737,79.478980274404,500.67529523562,11.857040240394,83.7495015706489,97.0129812113789,76.8300913703833,43.1426680527212,7.46770089095513,7.39984198428784,1.52664533625067,5.68172748343294,4854.01298785293,63.1785398308672,775.210442098634,7.09924524884238,1.0000354,1,75,
4330,113.823630089052,94.9829367409706,81.0572068749978,498.757178578358,11.8634382015549,83.6468851317337,97.0213162655291,77.2719363847686,43.1849212405223,7.46880069427769,7.39929838934835,1.28357721672525,5.4473375651282,4746.93733154141,61.431582455815,775.587187421673,7.10007027554862,1.0000354,1,75,
4331,113.50096420151,95.0948471111059,81.4903257834158,497.663426606449,11.8790574645607,83.4521580782993,97.0152804128684,77.6928012633669,43.2259019738096,7.46972668790529,7.39876945168369,1.08596400255132,5.24878388031442,4662.7033173832,60.0146119275238,774.296795915488,7.10142344360848,1.0000354,1,75,
4332,113.749379308507,95.8278208706521,82.5814515904982,489.971144732257,11.8148252913696,84.1991854593794,97.1413173950744,77.9952993544921,43.2574455188938,7.47091713975472,7.39833735136771,0.932538047285369,5.137121736289,4557.6295650303,58.4346698166472,769.85951498662,7.10267136569903,1.0000354,1,75,
4333,113.996020226926,96.3371963048007,83.2850221014907,491.325990056452,11.85929032011,83.9015015924312,97.1078576360825,78.0709744404431,43.2957884546372,7.46988445681624,7.39783930645384,0.756381604278442,5.03066345861461,4495.17079941302,57.5780029855038,776.303145917775,7.1030248203137,1.0000354,1,75,
4334,113.45201054341,96.1114927597128,83.2945883108931,497.945073009489,11.9634544186114,82.5575457351121,96.9411342343113,78.1159163320349,43.4509387383957,7.47095614905389,7.396175452872,0.572747477435247,4.9150169926424,4416.68488071016,56.5401404489305,775.385599583935,7.10367044456817,1.0000354,1,75,
4335,111.124069606748,93.7200600361177,80.8562268752172,519.949784518417,12.2312777125128,79.0677126318695,96.4311124942896,78.4745427771933,43.6739741213117,7.47187651704732,7.39384606772807,0.3374818182069,4.73095315808836,4453.20747266341,56.7471604811647,766.167283314265,7.10420500091394,1.0000354,1,75,
4336,103.864213104968,86.8734413846276,74.31504489568,593.531328165629,13.0873468081379,68.1651687619836,94.4039416194564,80.215069973025,43.7548638821927,7.48482003680199,7.39294287508006,0.0158673875654007,4.10753186047183,4443.89606856217,55.3997655310477,772.359481463067,7.10976099040081,1.0000354,1,75,
4337,98.4121705977684,82.4115952667587,70.5850830655776,617.083351776444,13.3862061183756,64.1653707743548,93.481278123865,84.2786111560723,43.5204490156163,7.49314055005295,7.39518595540922,-0.174311354037376,3.45808503737443,4396.91217186493,52.1711512749357,769.339670090419,7.1195365079772,1.0000354,1,75,
4338,97.8997834435663,82.4099263165262,70.9609014834965,624.061110319529,13.4920858405227,63.2041608844198,93.2465314518874,89.1899321246548,43.5473135204274,7.49464594097041,7.39484005033011,-0.317307699492615,3.15180644784545,4504.61902919823,50.5059138614707,767.104796871116,7.12492766283485,1.0000354,1,75,
4339,98.6247688350476,83.5794538334231,72.4590036148312,633.714315197887,13.62626041013,62.3811361496509,92.9908539005625,93.4751181272846,43.7865129806992,7.49288178822139,7.39239318131962,-0.477987322217468,2.95234993737597,4585.55734901225,49.0564488270357,775.572430172446,7.12681108276573,1.0000354,1,75,
4340,95.1099855822193,81.0290713556889,70.6214391012968,659.895713867299,13.954236092036,59.4842192459464,92.069603632366,97.2520487082345,44.6015230945429,7.49385677431907,7.38432637405565,-0.735861370549293,2.4969968833703,4465.03053903266,45.9119432273162,776.362505377205,7.12735587913,1.0000354,1,75,
4341,87.7807882444244,74.1704089076282,64.1105633108658,684.539908873427,14.2678897838836,57.7744767661512,91.5711250368121,95.5101253640004,45.4569217537688,7.49972176393744,7.376028398283,-0.913532103897405,2.01677957343226,4238.52224172162,44.3777267129335,746.851613567681,7.1294966500849,1.0000354,1,75,
4342,71.5261108268301,58.1569178455549,48.2753404246124,739.249531251444,14.8931505485132,54.8980211348309,90.8413058100288,83.7770443575428,46.2431314319296,7.51984265279201,7.36854074732448,-0.95982627445872,1.38742627174978,3651.95189694667,43.5913193757577,696.038877943347,7.13413276427631,1.0000354,0.99134310856712,75,
4343,55.9871939725875,42.8930633784268,33.2147929392645,756.44616082568,14.5444951776302,52.5822854394462,90.202928972301,73.6996382953358,46.7195247398035,7.53579357598239,7.36368864708035,-0.994374785714468,0.823436523718498,3146.56600401557,42.6944565373085,610.429476661001,7.13988896849247,1.0000354,0.913122405209196,75,
4344,54.9674359276199,42.3857740049763,33.086284757805,722.732454994402,14.1485684955337,54.4242090894333,90.5125275748708,75.519193383952,49.639735693151,7.50912677400561,7.33583623228066,-1.12889612457537,0.662504355467131,3098.06250466693,41.0235115848745,603.14880712038,7.13642929284679,1.0000354,0.911041591256003,75,
4345,65.2232185014245,53.9867301274484,45.6814995901616,1380.64407562374,23.6621111839944,50.3120816966721,90.9239245590373,100.343217296298,53.2744885671756,7.61568151790788,7.30192546758071,-1.37740011211015,0.42528236906282,3676.32121257219,36.637466005466,628.882762178761,7.15204397538746,1.0000354,0.959659481884539,75,
4346,86.1066184249686,76.2727168970997,69.0041809851967,1751.39225726969,30.0601231939421,67.37820962079,96.6879999664808,137.643211509616,52.0368262705764,7.71052039327556,7.30644609185109,-1.54402715733694,0.49507421221334,4413.42218690445,32.0642197933324,597.892962838047,7.23319019258505,1.0000354,0.998928091503067,75,
4347,96.6669482091026,88.9605779970197,83.2645652315671,295.323458738298,9.06099022524733,87.8162287423405,98.8050918923514,77.6596112337625,49.0966254365142,7.73709065265301,7.32391742279068,-1.50407707549007,0.894943146012906,1951.37125118569,25.1272343523828,604.437568910033,7.29991724846537,1.0000354,1,75,
4348,59.2140469629591,46.5420265555248,37.1757506022037,970.519335279696,18.0726320584134,66.2202022929075,94.3621480596086,76.1728535977545,60.5899656673291,7.4960385787995,7.22471257715928,-1.0300573829422,0.765287073465988,3147.32006753082,41.3181326270229,522.981541106427,7.19318300901113,1.0000354,0.977370474280285,75,
4349,56.4368918512979,44.0208050928085,34.8436974887076,1460.17143197566,25.4267756859636,53.3478473772012,92.2688542334308,76.3001814253495,74.3024981521257,7.61184098099968,7.12652200183904,-1.12465915609041,0.630121242310901,3088.90911980173,40.4836405641297,483.053459338096,7.17717162341689,1.0000354,0.984338224875604,75,
4350,56.6611437606341,44.5014510957436,35.5138521695201,750.825003672634,26.9844938900395,56.2213949892229,92.4799422888341,77.5053779374481,73.6787767683151,7.56023991755576,7.11836270342716,-1.14405366306787,0.520205772395343,3072.90587938389,39.6476471847402,481.566950301721,7.19557314220596,1.0000354,0.982618246227211,75,
4351,0.45568515494405,0.45568515494405,0.45568515494405,0,0,2.94428265415692,5.86914618739071,0,5.42869315938837,8.2588519795597,8.24124968256429,0.00340286927562339,0.506454032580862,0,0,7.57769299726349,7.09391199316479,0.000746906370905802,0.0105054308642857,75,
4352,4.69863460304946E-09,4.69863460304946E-09,4.69863460304946E-09,0,0,0.0985901241228339,0.358735749295459,0,0.0313174462378689,10.4950728919788,10.4799653199536,0.00046961964752823,0.506431439450971,0,0,7.84753201828397E-08,7.09540984292733,0,0,75,
4352.08144941836,5.89021687585237E-10,5.89021687585237E-10,5.89021687585237E-10,0,0,0.0996357477403736,0.533729414968548,0,0.0208352180900964,10.6720373052777,10.6569345922204,-8.34590716536354E-08,0.50643041095292,0,0,9.84121054747165E-09,7.09548474010235,0,0,75,
