4320,123.690588786997,102.440779159867,86.7343981311195,518.195524412287,11.7549336779388,92.6418562498233,97.90952367718,74.9501819433635,42.0513330440356,7.44727942114097,7.37654952572161,3.19685507828329,7.49473923248077,5193.05062994868,69.2866981146601,753.847735644962,7.08697508057227,1.0000354,1,0,
4321,126.352432019554,105.513306399732,90.110474419864,515.445517424698,11.7620530390993,93.874962182205,98.058829148261,75.9869074983423,42.1122745415828,7.44712013935908,7.37579467974875,3.06282908385811,7.53956962349624,5163.13028869884,67.9476301731516,762.765600586214,7.08758846804901,1.0000354,1,75,
4322,125.222869989245,104.573488266745,89.310901776202,513.421106237414,11.7745067475786,93.7294139671003,98.0523314070883,75.2080328985221,42.2015550088586,7.44648361041168,7.37475443576081,2.90232615266446,7.49475921957888,5063.67826803452,67.3289550714206,758.220855790233,7.08790532863016,1.0000354,1,75,
4323,124.407661654198,103.719592061971,88.4284101894546,522.421909790883,11.9116280124823,88.9599994644873,97.5125764404569,75.3074743598018,42.1508934279629,7.44728021310399,7.37515815226082,2.68986488904987,7.36475850176958,5079.8732102601,67.4550999544831,756.633497169792,7.08725668430682,1.0000354,1,75,
4324,123.316350101636,102.716473392849,87.4904775646149,518.118327311404,11.8951440158443,89.0401762279165,97.5432833465438,75.2967000261631,42.1725811417879,7.44845098418387,7.37482008278215,2.49371079991599,7.20971007913597,5057.49411299554,67.1675400281583,755.107526272662,7.08863705312913,1.0000354,1,75,
4325,122.253182761334,102.105977956928,87.2145657101934,522.906073928334,11.9779073185407,86.9817974430824,97.3016884631588,75.7840117677612,42.1079078902664,7.44998007219279,7.37537436470942,2.26527852901168,7.00512049890381,4978.37050183203,65.6915672013797,758.414268668476,7.08957835337779,1.0000354,1,75,
4326,122.199624751773,102.300680092246,87.5927644743357,531.396528825153,12.0959629264804,84.5146634818506,96.9862221539958,76.4451953616324,42.0005910936085,7.45151699019886,7.37637175698037,2.02523983334399,6.76994235236289,4959.92444381179,64.8820952101478,756.853281500425,7.09118978990008,1.0000354,1,75,
4327,121.406387855234,101.966277435921,87.5975001694717,526.63305602942,12.0737822340636,84.6333546902724,97.0293316360391,76.770296183027,41.9758027161108,7.4530453193328,7.37651925745609,1.83096301826354,6.56877699864963,4866.16426596569,63.3860295961909,757.402151460161,7.09375136643877,1.0000354,1,75,
4328,120.709360044763,101.486863186544,87.2789307261212,532.028833672812,12.1592748174709,83.0555297889947,96.8245060765564,77.4478930277183,41.8759327029568,7.45430053302075,7.37744616800591,1.60434859452119,6.35104789393358,4854.16156887851,62.6764832342338,753.289441253819,7.09462705914812,1.0000354,1,75,
4329,119.941645408255,100.920015979377,86.8605507493371,532.40055465118,12.1913879006815,82.4069888931494,96.7542127187869,78.1950338428395,41.8315977942031,7.45576464199446,7.37779946103045,1.37541070331829,6.12344711339667,4849.77633872028,62.0215389696949,754.055972990752,7.09682392396629,1.0000354,1,75,
4330,119.667606321714,101.371492121873,87.8482772785125,538.602325071582,12.2866575477279,80.5453614096705,96.5110809124337,79.1477479731431,41.7293235496683,7.45962306387445,7.37875721831229,1.10805395997705,5.80775249042854,4721.63320405906,59.6559387344948,762.497895817027,7.09938417610746,1.0000354,1,75,
4331,118.799767034105,100.628385278848,87.1973639814837,533.82113771864,12.2630049229204,80.8875089995482,96.5807465889971,79.6168849566458,41.6626029176511,7.45937135828841,7.37934707393632,0.94375565868947,5.63248749445708,4717.23981788264,59.2492386564902,752.531590477547,7.1017071272973,1.0000354,1,75,
4332,117.739125777756,100.30988785024,87.4274076429448,536.803659583942,12.3238853141571,79.7411613874546,96.4376029933481,80.6578524216939,41.5816525192932,7.46222307803094,7.38008779378406,0.668292158269685,5.32621905952268,4583.73893525413,56.8294195497484,757.224643629733,7.10339953128477,1.0000354,1,75,
4333,117.199335030928,100.138163439239,87.5277322627735,541.680281450923,12.4062341995845,78.474624591046,96.2595745262512,81.4812886664251,41.4698010811692,7.46388149849281,7.38115425856547,0.447858775540254,5.0608190806899,4532.74786016324,55.6293099231626,752.89387530236,7.10514499695473,1.0000354,1,75,
4334,115.827370760454,99.3211134179577,87.1208362517646,548.443260438926,12.5104434336901,76.9648187643488,96.0390051114629,82.4604321745109,41.4166783775991,7.46638653560264,7.38160855063756,0.2054244015047,4.75668691059252,4438.01780287044,53.8199677813751,751.840639262117,7.10769470056936,1.0000354,1,75,
4335,114.731045965582,98.6307422656807,86.7305177918407,555.262159111321,12.6166068573974,75.3508401905316,95.7970376272158,83.4612616259851,41.3264996808937,7.46980906240691,7.38245387073441,0.0284980692292445,4.52023431124609,4381.40939596735,52.4963235710689,752.283505744503,7.1104692793759,1.0000354,1,75,
4336,113.723808980708,98.0534437685032,86.4709999160041,556.918575773239,12.6655497477746,74.5395918713843,95.6865688656665,84.6068255350449,41.2041602490635,7.47206173838042,7.38364173530417,-0.151488051376807,4.28445885237409,4322.94132040961,51.0944748614756,753.055000379995,7.11361301237191,1.0000354,1,75,
4337,111.680270194553,96.07524859352,84.5411021927565,567.633664454167,12.8171961665697,72.7230945579073,95.3808711648388,85.8997027306375,41.3118147068146,7.47515460495321,7.38241192777596,-0.332692393126858,4.0476185620989,4370.69857838113,50.8814168087016,756.559087943449,7.11644674506652,1.0000354,1,75,
4338,105.396128889289,90.2492984310865,79.0538150489365,620.105064412823,13.4529862847202,65.3396393902903,93.7503457024961,88.4607044244516,41.3579914852655,7.48271870034475,7.38183607653958,-0.59239473313385,3.48548319879352,4368.84844555783,49.3874480650216,762.595288162088,7.12087728378034,1.0000354,1,75,
4339,96.7852119051793,82.5527286606119,72.0330671320186,642.758029394996,13.7498910633764,61.4706443573111,92.7452425256733,93.3547431455544,41.2782826040696,7.49030483488404,7.38259311396024,-0.811525382040301,2.67781888211672,4332.23384881373,46.4061460922142,747.313465565936,7.12843968864132,1.0000354,1,75,
4340,82.9870859570143,69.2147136073563,59.0351340445656,637.650338168107,13.7161703173657,61.7312336551038,92.8914622010305,89.4516996474155,41.679955316703,7.49252139650391,7.37831895816552,-0.942998340131533,1.92644271793022,4016.9106753601,44.9059178438558,704.769182065917,7.13183277636476,1.0000354,0.9996726422527,75,
4341,52.1338749731108,38.1987779658916,27.8989236562078,599.252109981747,12.7008403673159,60.201482531317,92.4849148419006,70.7712397824462,42.3020057720482,7.49594917458025,7.37182780641339,-0.886284037217397,0.975464128681818,3215.59705142489,45.4364945606403,547.05854948234,7.12585082308388,1.0000354,0.924232722028593,75,
4342,48.2742982088925,35.1819646137579,25.5050223912671,599.791927119735,11.6432038717171,55.8997989347034,90.7455036677586,72.3241918517935,43.1764201589808,7.48642573299513,7.36288866513854,-1.02685787826963,0.602430270820682,3087.41829947188,42.6885972787447,517.114870270877,7.1102776515664,1.0000354,0.783475123295398,75,
4343,46.3842164190297,33.905355645906,24.6818498570755,638.260552139811,11.5828085953096,53.1036098914276,89.3988699852623,74.153239403544,45.1911505545159,7.48004412953355,7.34290525510216,-1.15055256844034,0.374332743271981,3017.17075187539,40.6883202425704,502.02384448088,7.09620589832771,1.0000354,0.709928885776441,75,
4344,46.5811619180133,34.3977864659228,25.3926828708995,710.013005110663,12.5840194371164,51.425606109425,88.5452166620657,77.1940760767827,48.0535981635299,7.47768243592126,7.31550295433823,-1.24847570396204,0.236827914669563,3066.5243899119,39.7248668001638,511.820048645852,7.08718615180611,1.0000354,0.717908240331502,75,
4345,47.148916953618,35.330465274559,26.5950879465588,762.148810710602,13.9761280097555,55.3956721178796,90.3785221776355,81.1386024860046,52.2806741861767,7.47231960808269,7.27711596451764,-1.25927691522388,0.109329463254451,3126.67635107349,38.5350037500683,514.765609716571,7.08277703665069,1.0000354,0.807636366798285,75,
4346,58.0958035728061,47.0455462296022,38.8779647150603,1227.97666869821,21.6582128758785,61.4406720982264,93.8567712705188,106.737887809558,56.4042231987516,7.55046158879374,7.24089146295954,-1.36917256823841,0.114635504543751,3845.79223629994,36.0302448851304,544.661350798197,7.09717883290113,1.0000354,0.964923539253831,75,
4347,72.9909119765917,62.7471335916041,55.1756452200916,1624.17172827752,28.2277581346934,69.0599435828896,96.4447446327826,136.926972548234,56.4231100608629,7.63872587632833,7.23565470424647,-1.52757722635706,0.167018355133903,4573.45070135983,33.4006559573116,544.0166103576,7.15878475088171,1.0000354,0.999283247113905,75,
4348,85.3467073539441,75.2951608236332,67.8657568664468,1778.19971117192,30.9416226089566,77.2650121279887,97.7547246083799,152.407654284052,53.499104435594,7.67509767746634,7.25209668117836,-1.53225023394463,0.424123737621041,4994.98844616028,32.7738686723096,547.548565035164,7.21899970123372,1.0000354,1,75,
4349,91.583991662965,81.6764088293319,74.353412821864,1834.47307784916,31.9962954023638,78.722834138484,97.9825187354428,158.507063362399,50.5905783416305,7.69007767866068,7.26838186833706,-1.48969836577691,0.606672525718635,5120.48565301523,32.3044635639241,561.956121844034,7.263368308399,1.0000354,1,75,
4350,94.9470703954917,84.8125860910849,77.3218803008711,1832.49917143352,32.0046210071342,79.7695848168213,98.101990359267,159.665621729639,48.3718212319155,7.6935436757173,7.27887398118455,-1.46464637765299,0.759021231440481,5276.03772947884,33.0442938957313,567.941246430746,7.29234593192182,1.0000354,1,75,
4351,96.1911136587591,86.0028420126016,78.4723803610938,1818.34989767429,31.7825869786972,77.7414373077738,97.9258356993901,158.488609814426,46.0770967620477,7.69381334284204,7.29042016724322,-1.46642306812763,0.820986152979472,5264.93960380198,33.2196718109061,580.338724675353,7.30915559072709,1.0000354,1,75,
4352,95.4494043766739,85.2609208771572,77.730302638384,1801.74413731581,31.5113828357427,72.6426404118011,97.4126422817242,156.10201355803,44.3568103492758,7.6964730553407,7.29710231451106,-1.48064809127953,0.829529329034594,5185.76548919,33.2203625756705,584.039380326255,7.3208772004192,1.0000354,1,75,
4353,94.7134436459541,84.5148059834671,76.9766824938027,1822.00138533612,31.8996536599847,66.8046626372649,96.6943389225145,156.798142952139,42.1930836580897,7.70203581843257,7.30887528860109,-1.48109266263352,0.791328408581302,5214.08250475383,33.2534710334252,599.003786025676,7.33188902455198,1.0000354,0.999880110774173,75,
4354,96.0533889847024,85.9506689008499,78.483441012785,1825.44947396984,31.9942622257396,69.3561366645749,97.1023541302619,159.030663551364,40.7438778001374,7.70738972808063,7.31381011566532,-1.48975647502155,0.79269486333886,5238.58521509271,32.9407241226832,608.079876713346,7.34302086000547,1.0000354,0.999783357632318,75,
4355,98.0627319114726,88.0309142376108,80.6160924786695,1812.51312451942,31.7939823115413,72.1361663158195,97.4513678149088,159.528818330771,39.7787276997398,7.70687102820696,7.31361295452713,-1.50484935648166,0.824608737158833,5218.11444991769,32.7095411632669,608.002646777351,7.35187514071736,1.0000354,0.999975162933537,75,
4356,98.6202798455854,88.6082866778466,81.2081178147353,1772.56108143976,31.1043160889695,76.0841592175869,97.8564706735713,158.005809273377,38.8178034491338,7.70265226612597,7.3134252514044,-1.49707065481788,0.871264929921331,5158.08412453131,32.6449017808387,612.779736101003,7.35562126515569,1.0000354,1,75,
4357,98.2787925325516,88.2559165103163,80.8477037982294,1763.12692296222,30.9495947396824,72.4300503578539,97.4603840105064,156.090412153,38.1219631584728,7.69911745371795,7.31044888984647,-1.51049144989802,0.88315772378272,5101.09495055893,32.6803861953983,612.30791150439,7.35584754266974,1.0000354,1,75,
4358,98.0486176557478,88.0679069535824,80.6908599128514,1786.62267381646,31.3812814809572,67.5322446174226,96.8840720437722,156.46366208122,37.1495274308473,7.70398599194311,7.31091608768133,-1.53238255220536,0.871063377622502,5091.78174814096,32.5429028083071,611.746429094648,7.35579883919595,1.0000354,1,75,
4359,99.4226620713373,89.5452940322728,82.2446306990511,1806.13552152963,31.7542739081723,67.5580463174496,96.9433595123883,158.734040265236,36.5047377671234,7.70973455609306,7.30771995378082,-1.54890045442049,0.872934712502247,5112.17990022395,32.205945817808,623.07956582753,7.35958881718328,1.0000354,1,75,
4360,100.678689596048,90.9738721747448,83.8007462546512,1814.24817173418,31.9253856082032,67.2129940808122,96.8991253251238,159.807498519588,35.9137413194292,7.70822203598491,7.30384693049464,-1.56014028903093,0.872110702561963,5056.84153591058,31.6433307745616,625.362202115555,7.36373446723834,1.0000354,1,75,
