4320,118.930760083732,97.168750908878,81.0837876057252,495.57794612137,11.5163266806786,90.5704318014684,97.7247392359945,73.3913031757919,44.0898570564468,7.46040920709379,7.39675493875543,3.19314394934063,7.17700988584848,5207.60949413916,70.956765567516,787.434741410949,7.05759157792314,1.0000354,1,0,
4321,119.913563260024,98.3822442941653,82.4677911454872,492.839502446801,11.5655819378109,89.9561663409668,97.6839911387879,74.0928581362011,44.1156575738657,7.46052087508131,7.39619689676165,2.99201003580889,7.13722457097322,5201.65811631692,70.2045817527376,794.980733861336,7.05833192796258,1.0000354,1,150,
4322,119.218265635667,98.0113492455865,82.3366719137883,492.589706497971,11.6420852694622,88.8969518627991,97.5852947592277,74.3751940659564,44.1376958919775,7.46019173480426,7.39568501560962,2.61764758609928,6.99070141467427,5142.80974045535,69.1468412962348,796.102035107311,7.0592421266593,1.0000354,1,150,
4323,118.867883397382,97.8429720352118,82.302820158825,499.376226801164,11.8024477953586,86.382499502463,97.301879587211,74.6528814484608,44.1124846772153,7.46071497167186,7.395644681379,2.29003926827562,6.79394579524418,5117.70879793052,68.5533993950883,798.69705197409,7.06016835567889,1.0000354,1,150,
4324,117.663108649517,97.1911493641637,82.0597011967288,499.466280238611,11.8766296985877,85.2982908945035,97.1953442486767,75.4510986111103,44.0474406665315,7.46125616566841,7.39600260841069,1.80948520343292,6.45757516483012,5036.39516802945,66.7504550727354,792.416456024709,7.06194319212273,1.0000354,1,150,
4325,116.370077779776,96.6171461525498,82.017153210687,515.007174749641,12.1183647106848,81.2957401213317,96.6836171736352,76.6262906263308,43.9897423023765,7.46498389863366,7.39629219716704,1.32325138016821,6.00743438506342,4935.19349319029,64.4060080796137,792.327091874076,7.06443542428541,1.0000354,1,150,
4326,115.257160051997,96.1721884831509,82.0659051496559,524.283801211922,12.2910946367147,78.515397121585,96.3161546633129,77.9166917403214,43.8388724186805,7.46917210493523,7.39750643210936,0.938336107860812,5.61489332771025,4848.60543085,62.2280710660727,802.607428218027,7.06868168420828,1.0000354,1,150,
4327,114.006253152889,95.6407487268583,82.0662454554441,529.225323936114,12.4189436190876,76.5306348746562,96.055475535573,79.3465274338349,43.6557279660319,7.47292498891128,7.39904868907171,0.525741861414051,5.20567471042231,4751.44391876302,59.8821910980934,797.779394465367,7.07346562178503,1.0000354,1,150,
4328,110.600293597851,93.0339318716754,80.0500992914588,545.693672395333,12.6817788217461,73.3122248152819,95.5406528347663,81.1262947220925,43.6427186458666,7.47653495494847,7.39890611162441,0.0294126187195531,4.68970621823044,4646.63205516753,57.2765226254337,788.253593821245,7.07829270325332,1.0000354,1,150,
4329,98.614357592005,81.6950978726312,69.1895580800506,635.386227125081,13.8220408371767,59.7844200293309,92.2379251713814,85.1495918197842,43.840720486219,7.48974139480537,7.39667587000769,-0.511031812031078,3.6255945876867,4697.41304222142,55.1665949516624,806.165843911696,7.08681813907032,1.0000354,1,150,
4330,83.3511104789759,68.2132697958462,57.0244310300547,828.028805662975,16.3250962109578,51.7238839813477,89.7569318510996,93.0657582451875,43.7974959381241,7.52595105155207,7.39686446133415,-0.920876041296073,2.25638755849824,4593.55236979555,49.3581361868191,783.60594239868,7.10570837595758,1.0000354,0.99732597346556,150,
4331,45.9316197721169,32.6617894657112,22.8536540218461,652.090026933307,12.0372286489101,50.8470868136014,89.5293195148058,70.6683241082815,43.8512043482639,7.52973918939121,7.39609436160721,-1.11070515506007,0.594035775249428,3057.63036784768,43.2673394541327,493.096034835664,7.10925763570104,1.0000354,0.720807019904998,150,
4332,43.0015568650924,30.6393083688471,21.5019942629267,632.070584816715,10.6418364641404,48.0680094552927,87.1528584455943,74.0080012872993,47.0221576677837,7.48970315411218,7.36499359112335,-1.34579810606688,0.201938346276479,2983.12166643993,40.308096618627,467.820481447715,7.08318820006888,1.0000354,0.55856076422259,150,
4333,47.804077081815,36.5479780835536,28.2282527370126,998.319783241961,16.0520493648638,46.6617486205394,86.43626975139,96.1084911494729,54.0416041876968,7.49059490375724,7.30213637511721,-1.49405819643939,-0.119722064102266,3527.31694681709,36.7014080091137,549.961966010717,7.05610676056482,1.0000354,0.604304914081504,150,
4334,69.7265045250455,60.3440564679697,53.409203556218,1841.77677850603,33.2456978883663,58.7504942216517,95.4667757728746,153.562548067746,55.8439941644252,7.72251910680318,7.28220607799469,-1.73210611518731,-0.260072029019625,4697.81921837533,30.5922197663901,570.410023441444,7.1615851360708,1.0000354,0.986356747301774,150,
4335,44.4019438561341,32.5426445003915,23.7770754113643,1212.50240127951,22.1519351547579,63.7689762615185,94.5572589495242,82.4162071442663,72.8630506584949,7.53723891287255,7.1588170053756,-1.25239213905257,0.0135666942984485,3186.88562747135,38.6681908558693,438.522773367855,7.12245410025354,1.0000354,0.922949751722852,150,
4336,43.3800592037219,31.6458306578435,22.9727052108899,1462.24627923656,26.5649367355821,56.9860456659489,93.8780513859728,82.689631137898,82.1686158724215,7.61437555787999,7.09558899885363,-1.27617078301238,-0.0140208292636319,3163.73733046891,38.2603875108945,418.555303741675,7.13417752192485,1.0000354,0.93141039218362,150,
4337,45.7769757758134,34.1996763222779,25.6425419435776,0,27.595928470624,77.5218519680587,93.4918904066139,83.791276087069,86.7067670002011,7.17417443902774,7.05702318950651,-1.28305413670266,-0.0265842409378521,3163.01238852499,37.7487076964701,422.616742012841,7.10207077397903,1.0000354,0.955270519240963,150,
4338,44.3273776159405,44.3273776159405,44.3273776159405,0,13.9196930446552,30.3616520412608,36.5554454683176,0,127.521540081983,6.88677783287512,6.86980019090724,-0.880592506776061,-0.0743408354515331,0,0,652.217415609461,6.84111183931548,0.800922460748569,0.48835040249044,150,
4339,5.9509714843693E-07,5.9509714843693E-07,5.9509714843693E-07,0,0,0.612532480919629,4.98993373977697,0,0.1734434593816,9.73933525511579,9.73585723662269,9.25700330203227E-05,-0.0743450693933374,0,0,9.92735870851084E-06,6.84112148282643,0,0,150,
4340,1.59281148616884E-13,1.59281148616884E-13,1.59281148616884E-13,0,0,0.0774266403444862,4.31230722722505,0,0.00116222126204215,11.9132507233568,11.9097912548568,-1.2770317248112E-08,-0.0743466269734823,0,0,2.67012407039192E-12,6.84090331387482,0,0,150,
4341,1.59281148616884E-13,1.59281148616884E-13,1.59281148616884E-13,0,0,0.0102716500473364,4.12599986299422,0,7.82873156483564E-06,14.0849573512177,14.081498007017,-2.27154828280618E-09,-0.0743471999751955,0,0,2.68291371536062E-12,6.83994963596691,0,0,150,
4342,1.59281148616884E-13,1.59281148616884E-13,1.59281148616884E-13,0,0,0.00117982867015247,2.86737377084959,0,5.2730653648152E-08,16.2567413296074,16.2532819862439,-1.45103751236775E-09,-0.0743474107707454,0,0,2.69546666146812E-12,6.83869748134085,0,0,150,
4343,1.59281148616884E-13,1.59281148616884E-13,1.59281148616884E-13,0,0,0.000230932369935264,6.45649424920905,0,3.55164694716064E-10,18.4285356528805,18.4250763095227,0.000137513951282031,-0.0743474883180948,0,0,2.70776830754539E-12,6.8373848439653,0,0,150,
4344,1.59281148616884E-13,1.59281148616884E-13,1.59281148616884E-13,0,0,5.37859346991796E-05,19.4088791164608,0,2.39204518606597E-12,20.6003840609798,20.596924717622,3.92400375881508E-06,-0.0743475168461702,0,0,2.7198287120707E-12,6.83606454109293,0,0,150,
4345,1.59281148616884E-13,1.59281148616884E-13,1.59281148616884E-13,0,0,1.00686292557971E-05,33.7079716225669,0,1.61115725596656E-14,22.7721745470082,22.7687152036504,-6.853673184537E-11,-0.0743475273410623,0,0,2.73166085814834E-12,6.83478611134585,0,0,150,
4346,1.59281148616884E-13,1.59281148616884E-13,1.59281148616884E-13,0,0,5.85379382390073E-07,6.8012978768398,0,1.08482624062788E-16,24.9442576371336,24.9407982937759,0.0145624069213737,-0.0743475312019175,0,0,2.74323372127518E-12,6.83344513306723,0,0,150,
4347,1.59281148616884E-13,1.59281148616884E-13,1.59281148616884E-13,0,0,8.23177595470514E-08,7.3933150726444,0,7.30647269221726E-19,27.1160900602895,27.1126307169318,-9.98312543742941E-12,-0.0743475326222471,0,0,2.75461979801011E-12,6.83221758772636,0,0,150,
4348,1.59281148616884E-13,1.59281148616884E-13,1.59281148616884E-13,0,0,2.1275511509466E-08,26.1531350015424,0,4.92136060568552E-21,29.2878628046379,29.2844034612802,7.94896400480027E-06,-0.0743475331447567,0,0,2.76578216846208E-12,6.83103778589621,0,0,150,
4349,1.59281148616884E-13,1.59281148616884E-13,1.59281148616884E-13,0,0,1.15559412389731E-09,4.1619653190266,0,3.31625677291252E-23,31.4592644721708,31.455805128813,0.180662099078592,-0.0743475333369776,0,0,2.7767268089897E-12,6.82998480271087,0,0,150,
4350,1.59281148616884E-13,1.59281148616884E-13,1.59281148616884E-13,0,0,3.03614349209638E-10,16.6631014345897,0,2.2347404510262E-25,33.6306341821203,33.6271748387626,7.48940421075872E-05,-0.0743475334076917,0,0,2.78748236582935E-12,6.82898174482457,0,0,150,
4351,1.59281148616884E-13,1.59281148616884E-13,1.59281148616884E-13,0,0,6.91869230098239E-11,39.8942909292138,0,1.5058876899142E-27,35.8020307868135,35.7985714434558,0.0174084414573361,-0.0743475334337056,0,0,0,6.82799965794172,0,0,150,
4352,0.000802439527943937,0.000802439527943937,0.000802439527943937,0,0,3.0588040959641E-12,4.82712832321769,0,1.01470274771808E-29,37.9734658706226,37.9700065272648,0.100124546414949,-0.0743475334432757,0,0,0.0141483957714305,6.8270342182006,0,0,150,
4353,0.000553648107686793,0.000553648107686793,0.000553648107686793,0,0,4.08402813256193E-13,4.69528613200677,0,6.83627698194089E-32,40.14503183303,40.1415724896723,0.0164463521976925,-0.0743475334467965,0,0,0.00979714816541155,6.82607699378527,0,0,150,
4354,0.000971174833825554,0.000971174833825554,0.000971174833825554,0,0,1.1294827990109E-13,20.3453611155528,0,4.6063239242733E-34,42.3164897744562,42.3130304310984,0.0313219579172022,-0.0743475334480919,0,0,0.0172464700986894,6.82517168047664,0,0,150,
4355,0.00278621338426505,0.00278621338426505,0.00278621338426505,0,0,2.3807231515202E-14,41.4840407306361,0,3.10412337123888E-36,44.4878483676518,44.484389024294,0.312925876180211,-0.0743475334485684,0,0,0,6.82431893405954,0,0,150,
4356,0.00194116462044491,0.00194116462044491,0.00194116462044491,0,0,1.91610337006291E-15,17.6874131028628,0,2.09212484370985E-38,46.6590787120904,46.6556193687326,0.0667803116772427,-0.0743475334487433,0,0,0.0347087167111621,6.82353779806212,0,0,150,
4357,0.000346758198059022,0.000346758198059022,0.000346758198059022,0,0,2.07554652773536E-16,11.4290214816455,0,1.40972394086203E-40,48.83051334541,48.8270540020522,0.0103913985824451,-0.0743475334488077,0,0,0.0062208022015122,6.82272690449177,0,0,150,
4358,0.000658873668133519,0.000658873668133519,0.000658873668133519,0,0,3.13038023376892E-17,14.2473412697184,0,9.49201628133065E-43,51.0025921376524,50.9991327942946,0.0201519496542368,-0.0743475334488317,0,0,0.0118586692356913,6.82174251605217,0,0,150,
4359,0.000592325550290111,0.000592325550290111,0.000592325550290111,0,0,4.9335760767673E-18,19.1439116110364,0,6.39034205164184E-45,53.1747884671217,53.171329123764,0.0184461455446674,-0.0743475334488406,0,0,0.0106949776351576,6.82074719097349,0,0,150,
4360,0.000428282807214158,0.000428282807214158,0.000428282807214158,0,0,3.5848502188889E-19,5.37795318275671,0,4.30304877096431E-47,55.3468117309085,55.3433523875507,0.0124606561945608,-0.0743475334488437,0,0,0.0077572665222081,6.81981891447534,0,0,150,
