4320,116.998467309572,94.4887882844187,77.8511994397402,496.664176203129,11.5023234830876,90.5259090578056,97.7051943761525,72.990924598291,44.0469716462011,7.4597120810655,7.3975173788019,3.67744922147553,7.67684462066073,5357.13991242125,73.3946027112894,796.259082633251,7.06186427775424,1.0000354,1,0,
4321,118.231424328134,95.8553857694545,79.3165746608657,491.83145471662,11.5243821035202,90.5725368878478,97.7378953524323,73.4749438074632,44.0298841654973,7.45892664063248,7.39736930362419,3.51202763584859,7.66077413594676,5360.64794168571,72.9588573178494,805.42804667416,7.06266005687363,1.0000354,1,150,
4322,116.98028646516,94.8208769502198,78.4421829609164,487.601887721203,11.5491515174597,90.3925191047924,97.7436395330229,73.3132431988569,44.0954985544119,7.4584494786242,7.39641528771098,3.22254060894651,7.58313388214799,5297.06664770419,72.2525210532056,803.079389365214,7.06331365098595,1.0000354,1,150,
4323,116.608806190275,94.6801351507004,78.471986991015,499.53840613557,11.7749752949206,86.4654512375666,97.2952325381976,73.9169489301297,44.0596710049002,7.4600774631937,7.3964681149884,2.76579137417483,7.33134305216222,5285.07514336037,71.5001798620789,806.352906728059,7.06397045438665,1.0000354,1,150,
4324,115.716535746551,94.1129396505097,78.1450642751749,502.937459800321,11.8872445458716,84.8133870272577,97.109337691995,74.5771436118342,43.9665263471483,7.46054965089038,7.39709143918888,2.34869785839506,7.03921548893767,5253.23242379995,70.4402470969181,800.360389251329,7.06592225507752,1.0000354,1,150,
4325,114.698360307632,93.6200591107913,78.0404451826918,508.930036983269,12.0218075055571,82.4142672747015,96.8255739315878,75.5993766684151,43.8918263053974,7.46382585961833,7.39753751665252,1.89857805734684,6.67433254155505,5195.7547392199,68.7274812067419,801.366624640665,7.06861999102017,1.0000354,1,150,
4326,113.806623194354,93.6557817904007,78.7616816222616,515.639790799992,12.1618253151057,80.0344567333239,96.5257509966497,76.9143403358432,43.7302233207337,7.46713225416835,7.39884862428779,1.43494032146771,6.25274514078724,5053.53556276668,65.703424624077,803.025558182538,7.07233561047768,1.0000354,1,150,
4327,113.009180605059,93.6478950890604,79.3373797076701,523.890647733102,12.3221127329072,77.6765481808251,96.2056804269044,78.3846717725773,43.575571877568,7.47012651596586,7.40009780079236,0.969728125779295,5.79737765957208,4948.34709782323,63.1290147157878,804.876933968561,7.07621574039605,1.0000354,1,150,
4328,110.841994255512,92.2756932909161,78.5527751866493,542.030853863488,12.5991247741909,74.0020544387607,95.6356725029473,80.1894351668558,43.5318814896645,7.47543860223732,7.40024696601019,0.441248644156913,5.2220750667288,4854.42015595991,60.5369042176065,807.97192683642,7.08110792492503,1.0000354,1,150,
4329,99.2063026060685,82.0017531365761,69.2853470069513,612.345439020182,13.4967230137909,63.2737354144619,93.2769259115691,84.1735292561487,43.6018217205168,7.48784235870501,7.3992702658986,-0.168941012605955,4.00135457140056,4721.86605031308,56.0968049224116,799.104424714952,7.09086783942145,1.0000354,1,150,
4330,84.8664460996816,69.213871859932,57.6445778566389,654.241323852261,14.0793719501007,57.8131438179427,91.7096621362165,91.1166650959045,43.6787573983559,7.49813227327394,7.39824918366429,-0.581881069924527,2.65808539626093,4650.27257816538,51.0364659776645,773.410501051986,7.10072132595451,1.0000354,0.999822571985682,150,
4331,67.725036308614,53.4553836470933,42.9082490711867,671.701507737124,14.2664088737863,56.1067902464485,91.425959351054,86.9393646807882,44.2472100817778,7.51369815986873,7.39241089428441,-0.930634305544141,1.50242803199878,4045.05737458111,46.52733993897,699.629186908772,7.11124103260338,1.0000354,0.986262916949166,150,
4332,44.9470923533401,31.5777571117772,21.6960745419263,599.170061247093,10.7505672521463,51.3698739390462,89.0134342523643,71.9601129803202,45.7568676803583,7.49447192616709,7.37745190206385,-1.03422805988256,0.631960822699741,3136.86964601169,43.5917832267657,488.389809760394,7.09282395357169,1.0000354,0.638249367577843,150,
4333,41.1177294212949,29.0218995032807,20.0815034769224,602.014342960683,9.80668000850905,49.4075638939541,86.9232374763572,75.3480725051628,51.8093557509024,7.44980066352593,7.32187263982572,-1.28656196583384,0.094851034196195,2971.68409749207,39.4394176080411,448.900347732423,7.05945721536775,0.999477013561842,0.498075083848019,150,
4334,57.9097069709533,47.4801224519472,39.7712991118123,1759.49346639546,30.6406429358346,49.7063303024563,91.5757110974303,131.216876918758,60.4589352982708,7.64316404482105,7.25038630280358,-1.58635243445243,-0.150790370410797,4462.22563162728,34.0064916679128,587.949237832503,7.08199535342465,1.0000354,0.924144628294004,150,
4335,44.492489012789,32.3304189017881,23.3410627327874,956.761928046918,18.2271331274474,74.6171151418922,96.2903934516452,80.8704659838013,65.135988590759,7.49909207213177,7.21029068122414,-1.14793520755152,0.161529492731064,3206.9505989192,39.6553990372897,450.249800405747,7.14075704589593,1.0000354,0.937327152053153,150,
4336,43.0985177601709,31.0373761864928,22.1226193711655,1594.80064915327,28.5229918283647,55.656293532095,93.6770974848954,81.322878393304,86.9457080863211,7.63233768002761,7.07435444033229,-1.19346785789606,0.0838498990559966,3198.1290101182,39.3263134963203,421.728381036123,7.13684252496839,1.0000354,0.928245917112062,150,
4337,45.8186965894935,34.0594595306516,25.3678495306381,0,14.1502728850031,68.9369245695444,87.3989806966827,83.3288922617935,102.691358075232,7.0374278251937,6.98698625575856,-1.21939517648198,0.061950475478028,3194.99053415063,38.3419297608441,464.910048027092,7.03394530083466,1.0000354,0.975881558811368,150,
4338,74.8995763541646,67.5980196334477,62.2012168398744,0,6.62062058250777,23.966481437017,20.8627979015464,189.069447704735,151.600011817942,6.79406882036203,6.79689408685437,-1.62388604237583,0.647232384576741,4501.23451742727,23.8073076960416,1069.80665437816,6.73249500976729,0.685912964718929,0.231492286806599,150,
4339,95.3128805191173,88.6793472511322,83.7763009226215,0,0,13.4002177939096,6.67184522417832,202,155.471589965661,6.81141017488465,6.76133644430823,-2.13909537666683,0.411620600452887,4369.09112399305,21.6291639801636,1459.85886966979,6.68966543170997,0.298526080227349,0,150,
4340,8.14782805606093E-07,8.14782805606093E-07,8.14782805606093E-07,0,0,0.821916196325651,7.11863375383548,0,0.227057300367972,9.60188125126248,9.59420466980272,1.60803830523211,0.643090538930855,0,0,0,6.68588160384508,0,0,150,
4341,1.59281148616884E-13,1.59281148616884E-13,1.59281148616884E-13,0,0,0.0359486861346879,0.570989173626062,0,0.00151813932705636,11.7769531952042,11.7693298690846,-7.60971154063483E-05,0.633502462337117,0,0,2.75904147711656E-12,6.68464557150781,0,0,150,
4342,1.59281148616884E-13,1.59281148616884E-13,1.59281148616884E-13,0,0,0.00665887964580871,1.16892410142838,0,1.02232674065555E-05,13.9489037852737,13.9412808152321,0.00809721766294969,0.629975206077815,0,0,2.77165699061639E-12,6.68308009551259,0,0,150,
4343,1.59281148616884E-13,1.59281148616884E-13,1.59281148616884E-13,0,0,0.00130126788165299,2.68266580451473,0,6.8838107000331E-08,16.1209528387334,16.1133298710896,8.61346164926502E-06,0.62867760101625,0,0,2.78401744453917E-12,6.68138149483415,0,0,150,
4344,1.59281148616884E-13,1.59281148616884E-13,1.59281148616884E-13,0,0,0.00022212433271686,4.49708538501022,0,4.63508630580661E-10,18.2930226159924,18.2853996483648,-1.22554342323333E-05,0.628200238791353,0,0,2.79612863135329E-12,6.67967615761914,0,0,150,
4345,1.59281148616884E-13,1.59281148616884E-13,1.59281148616884E-13,0,0,3.40112129808788E-05,5.89549344338621,0,3.1212826967504E-12,20.4649996471614,20.4573766795339,-6.01685210499525E-06,0.62802462704282,0,0,2.80799121366111E-12,6.67802676143363,0,0,150,
4346,1.59281148616884E-13,1.59281148616884E-13,1.59281148616884E-13,0,0,4.99540018558814E-06,7.04225422416309,0,2.10187759918719E-14,22.6369786038217,22.6293556361941,0.0815199233875012,0.627960023090908,0,0,0,6.67640602612497,0,0,150,
4347,1.59281148616884E-13,1.59281148616884E-13,1.59281148616884E-13,0,0,6.85810733575289E-07,7.27035230502139,0,1.41588240081219E-16,24.8086666706564,24.8010437030289,0.268335305910341,0.627936256625182,0,0,0,6.67491447192551,0,0,150,
4348,1.59281148616884E-13,1.59281148616884E-13,1.59281148616884E-13,0,0,6.44022998723283E-08,3.27858012459711,0,9.53531942089332E-19,26.9805781365567,26.9729551689291,-1.98778275173339E-07,0.627927513431052,0,0,2.84214770289933E-12,6.67339742014782,0,0,150,
4349,1.59281148616884E-13,1.59281148616884E-13,1.59281148616884E-13,0,0,1.21555759500847E-08,6.8015774337707,0,6.42293967964131E-21,29.1523085320223,29.1446855643948,2.57061292252558E-07,0.627924296989681,0,0,2.85307653749468E-12,6.67196630080491,0,0,150,
4350,1.59281148616884E-13,1.59281148616884E-13,1.59281148616884E-13,0,0,1.65394189613327E-09,6.88495322510885,0,4.32928373849514E-23,31.3234717092095,31.3158487415819,-3.93882686466895E-08,0.627923113727026,0,0,2.86380084771417E-12,6.67076125428891,0,0,150,
4351,1.59281148616884E-13,1.59281148616884E-13,1.59281148616884E-13,0,0,2.31254023822299E-10,7.38612293463207,0,2.91839870427735E-25,33.4945421523075,33.48691918468,0.214311501712175,0.627922678429023,0,0,0,6.66961234779498,0,0,150,
4352,1.59281148616884E-13,1.59281148616884E-13,1.59281148616884E-13,0,0,3.13995330004384E-11,7.44299994592878,0,1.96738477405269E-27,35.6655803783903,35.6579574107628,0.247332024772706,0.627922518291836,0,0,0,6.66851317395109,0,0,150,
4353,1.59281148616884E-13,1.59281148616884E-13,1.59281148616884E-13,0,0,3.31103818584298E-12,4.33879532734892,0,1.32600355872612E-29,37.8367972015936,37.8291742339661,0.000133392031120838,0.627922459380657,0,0,2.89474742896355E-12,6.66738837979194,0,0,150,
4354,1.59281148616884E-13,1.59281148616884E-13,1.59281148616884E-13,0,0,4.58087980731519E-13,4.56196124414443,0,8.93514920245765E-32,40.0082105535827,40.0005875859552,-5.69140290451742E-10,0.627922437708446,0,0,2.90469160961832E-12,6.66622834418288,0,0,150,
4355,1.59281148616884E-13,1.59281148616884E-13,1.59281148616884E-13,0,0,7.7978073762591E-14,7.50338063546333,0,6.02265886485117E-34,42.1793652327581,42.1717422651305,0.178965057050997,0.627922429735685,0,0,0,6.66517065337007,0,0,150,
4356,1.59281148616884E-13,1.59281148616884E-13,1.59281148616884E-13,0,0,1.04114102110325E-14,7.30589943252297,0,4.05756602030924E-36,44.3509381627383,44.3433151951108,0.0219757382742558,0.62792242680267,0,0,0,6.66402110637384,0,0,150,
4357,0.000754671788816818,0.000754671788816818,0.000754671788816818,0,0,1.08301708883081E-15,4.13271225016392,0,2.73449947780539E-38,46.5222412535166,46.5146182858891,0.0267683554777043,0.627922425723674,0,0,0.0138985784273238,6.66298203289506,0,0,150,
4358,0.0001664757936809,0.0001664757936809,0.0001664757936809,0,0,1.48397189188674E-16,4.25710399158519,0,1.84227624019158E-40,48.6938150315126,48.686192063885,0.00575864547238947,0.627922425326734,0,0,0.00307560308064448,6.66189038850748,0,0,150,
4359,0.00213287499670957,0.00213287499670957,0.00213287499670957,0,0,2.61627512893204E-17,7.56636108558721,0,1.24148366440887E-42,50.8651701052151,50.8575471375876,0.252962290511177,0.627922425180708,0,0,0,6.66088385392461,0,0,150,
4360,0.00098790220038625,0.00098790220038625,0.00098790220038625,0,0,2.74648477259093E-18,4.37380823149278,0,8.36578056699811E-45,53.036566776776,53.0289438091485,0.0342078661971952,0.627922425126988,0,0,0.0183627841998018,6.6599140299402,0,0,150,
