4320,115.929828966606,93.2344895744227,76.4596735019393,490.537642486961,11.451640071438,91.7004467142227,97.8476595791146,72.3439329381931,44.2327673933746,7.45897424382707,7.39749418345284,3.75207458609097,7.76817746078609,5353.44837061232,73.9999631370059,790.824130934591,7.07548241369503,1.0000354,1,0,
4321,116.22305467467,93.3687531577574,76.4764433409092,494.735093566127,11.5270816178465,90.2605885285625,97.6831524327211,72.2410530464601,44.2228763146025,7.45829771705163,7.39752372004613,3.71939625829594,7.75484219915687,5383.27842715974,74.5182718155786,795.911548546876,7.0752858996286,1.0000354,1,37.5,
4322,116.047218954491,93.2520218828847,76.4033979603929,491.219739781686,11.5017754312168,90.5100288863798,97.7249222099299,72.2832377120561,44.234420033768,7.45915818911453,7.39734689353382,3.65863816419681,7.72792573453401,5372.49190908044,74.3255570604354,794.36192040708,7.07599797589724,1.0000354,1,37.5,
4323,115.76047229704,93.0832874998795,76.3218900411087,490.097960811568,11.5059053812799,90.4392149914691,97.7227534400802,72.3053652511116,44.2111404924346,7.45902032740469,7.39751495213235,3.55987484537009,7.68315364851532,5346.3142829446,73.9407686328285,793.841256403607,7.07626407449365,1.0000354,1,37.5,
4324,115.38798167535,92.808368711667,76.1190895645966,491.05044135925,11.5357874647004,89.8811173766987,97.6634486070276,72.4399273453845,44.2055618180508,7.45913447343609,7.39751216148735,3.45071095396173,7.62177184189962,5333.21781549533,73.6226278923115,792.636306934062,7.07635578433989,1.0000354,1,37.5,
4325,115.06534747101,92.6221444884098,76.0336901099661,493.585077613334,11.585023480509,88.841779701888,97.5475234027489,72.6208527890041,44.1857977287399,7.45992848088597,7.39765106865249,3.33461482319951,7.5411240824531,5314.23803753134,73.1778522757308,790.965323466692,7.0767208183503,1.0000354,1,37.5,
4326,115.032770808223,92.6050855643469,76.0281008188734,497.556991967853,11.6512173552972,87.7392566580096,97.4158347909424,72.8221461896619,44.1154490154325,7.46007439747595,7.39828925539989,3.18104102594799,7.41185882518922,5325.28368695234,73.1272554516986,789.697764924384,7.07728314688814,1.0000354,1,37.5,
4327,114.253683341876,92.2374205071204,75.964530585779,497.799451466589,11.6697021569467,87.0493478507118,97.345317944621,73.024383237855,44.09341585596,7.46208318798293,7.39845259624864,3.013088558309,7.22886469171066,5242.11230187802,71.7857798922233,792.768373580589,7.07837142249459,1.0000354,1,37.5,
4328,113.948436603048,92.0582611862953,75.8785663130435,508.513187940465,11.814785567058,84.6808931454957,97.04410467343,73.4141618884558,43.9938151672466,7.46419993753839,7.39937727112255,2.87382423227233,7.03487251791871,5239.91097724781,71.3746618153762,797.333735007053,7.07962334073198,1.0000354,1,37.5,
4329,113.541102212677,91.8812228735351,75.8717468402565,500.895499473594,11.7373853089759,85.467487568089,97.1658553716293,73.9185253602344,43.8598096555894,7.46499885353152,7.4006393843889,2.76561885307302,6.89167551168432,5220.40442354983,70.6237630973929,786.749284166685,7.08213426301295,1.0000354,1,37.5,
4330,113.690964773814,92.3633446667395,76.5994515441192,499.322559626699,11.7318351365916,85.4493590291011,97.1739724200827,74.2590213055462,43.8180313768708,7.46560644888448,7.40098622171882,2.6212293408608,6.73093449571028,5164.00244521515,69.540405386806,788.715590445034,7.08308904527475,1.0000354,1,37.5,
4331,113.853030408096,92.7429525935858,77.139851600252,491.240470475526,11.6441524664917,86.7010294614499,97.343705291997,74.6497713252563,43.7685842983282,7.46508707684139,7.40140842169826,2.51008470854064,6.60636060260319,5138.22523319524,68.831091401573,791.621762756066,7.08356060050778,1.0000354,1,37.5,
4332,114.439675281418,93.4987802432259,78.0207273889098,494.574144007074,11.6989428661303,86.0318334108033,97.2632356904014,74.9285626186999,43.7824847897558,7.4653741890396,7.40120325456786,2.417450623709,6.51462916245285,5116.08160489679,68.2794574738042,799.040006061194,7.08389001837445,1.0000354,1,37.5,
4333,114.577102966095,93.9070070480476,78.6291100651433,490.613044769557,11.661438495573,86.6444034359231,97.3478254102921,75.0260863983047,43.8017799349864,7.46511293350047,7.40094525065875,2.29451996312437,6.4012024756662,5056.49528360725,67.3964953571336,799.588401608484,7.08509524675933,1.0000354,1,37.5,
4334,114.715718202525,94.2485313225307,79.1206105851439,488.961675643743,11.6524805476807,86.7272720156141,97.367212701241,75.1477235817803,43.8158323828525,7.46564485844012,7.40073953661303,2.19458720002412,6.30830600945641,5014.97538745944,66.7348942646524,803.136336825398,7.08539865421441,1.0000354,1,37.5,
4335,114.900431809381,94.6257286005791,79.6400784027687,488.709255034495,11.6609620035486,86.7451439139331,97.3726182238003,75.2134690912607,43.8267546522738,7.46529387315079,7.4005651821165,2.08361328292401,6.21859364057339,4972.15830563664,66.107285911831,806.38228847928,7.08587250380806,1.0000354,1,37.5,
4336,114.946911848275,94.8712951242818,80.0327958065476,487.988500931253,11.6632389760983,86.6618918490432,97.3704546036344,75.2538197929646,43.8458817170305,7.46585868436537,7.40031008179693,1.97454753912967,6.13699005444389,4925.97571563246,65.4581485588986,801.006965056618,7.08583848107215,1.0000354,1,37.5,
4337,114.785782345418,94.9369092134539,80.2660029854807,489.145722195377,11.6891350442721,86.3996101137227,97.3413650477679,75.306976805286,43.8714136299824,7.46582347889895,7.3999920114884,1.86577943113106,6.04723132780771,4873.77965584633,64.7188330033217,801.788556306906,7.08621053755044,1.0000354,1,37.5,
4338,114.492400271311,94.8697617359815,80.3660723837814,489.066301524941,11.6991597051686,86.2585969307397,97.3305806476698,75.4063309200415,43.89258666114,7.46622947284864,7.39971746865343,1.75468680273794,5.95534604727909,4824.58581062856,63.9811770678035,801.289167417045,7.08657465267092,1.0000354,1,37.5,
4339,114.060158231729,94.6721550774313,80.3418918764289,490.931136649358,11.7334819562162,85.735597741535,97.2718168146116,75.5782835646273,43.9069072845598,7.46699418964984,7.39951110180462,1.6413357127533,5.84552854775889,4777.76657671239,63.2161297051276,799.117852651624,7.08696873366944,1.0000354,1,37.5,
4340,113.983106068015,94.7344414772394,80.5071676492748,493.952410219216,11.7816634202666,84.9809291774182,97.1823982213702,75.8357422524451,43.8905612343941,7.46797792929511,7.3996083478826,1.56271312643985,5.77513065503898,4759.58808336055,62.7618052120679,799.35345799475,7.08747769040965,1.0000354,1,37.5,
4341,114.139611006244,95.026324685708,80.8991130574856,494.255272837686,11.7958984706929,84.6530261431415,97.1487631693899,76.0192104707398,43.853644483951,7.4688416129719,7.3999098525041,1.4718760586899,5.70583653925099,4737.54711548793,62.3203935709308,800.279936038612,7.08836650366625,1.0000354,1,37.5,
4342,114.214584355492,95.2598950851138,81.2499073635298,492.716130958969,11.7873646941577,84.6772786106328,97.1610008139653,76.1412745131163,43.8344669809676,7.46941213031722,7.40003642164918,1.37518782525945,5.63251682317406,4705.78014639895,61.8032752470977,800.498310261053,7.08931052190466,1.0000354,1,37.5,
4343,114.101497214327,95.3220973295603,81.4416713277766,496.830034152776,11.8473816330561,83.8446637153566,97.0561636953794,76.2450979151756,43.8385343399335,7.47010283290436,7.39993325515577,1.27412822050819,5.55587126868542,4668.61926712817,61.2317302329668,800.184377265699,7.08998914443211,1.0000354,1,37.5,
4344,113.827380722517,95.232650760894,81.4887199196947,499.045607880834,11.8835275249585,83.2824168851386,96.9884333598712,76.3875257942949,43.8409900387699,7.47098916908953,7.39984658882333,1.17070529186952,5.47568877826548,4631.3450749641,60.6295992284908,797.972341280252,7.09079331951174,1.0000354,1,37.5,
4345,113.402028385425,94.9973235204642,81.3938460115802,499.343207911448,11.8967018854021,83.0191360727956,96.9629151480455,76.5892715127187,43.8511370322426,7.47193567126664,7.3996843567093,1.06601465557992,5.39211256933145,4596.1227390489,60.0100072538965,803.124017467627,7.09184993698129,1.0000354,1,37.5,
4346,112.692604551893,94.4695133543615,81.000272034447,502.384854246059,11.941035263065,82.495615502983,96.8943774461451,76.8640134287631,43.8919460250615,7.47215606800458,7.39921947667932,0.960835706649259,5.30521370436905,4567.09376041466,59.4178414147916,796.479055105478,7.09274888332574,1.0000354,1,37.5,
4347,110.882299759157,92.6104015370468,79.1050854598351,520.878851130592,12.151787048448,79.3750700941796,96.4440143867672,77.3473659685852,43.9748281421233,7.47515259468518,7.3983408729365,0.759426641570246,5.07366347876708,4608.1225224556,59.5769806088445,798.962107832036,7.09371501081895,1.0000354,1,37.5,
4348,107.563859677086,89.9733166670016,76.9716109638957,556.37063324931,12.5503995580036,73.8071276015355,95.5198655252627,78.6866703656152,43.8434466506132,7.48254276781339,7.39958184898972,0.601640286425709,4.6544016041809,4513.10290633067,57.3553676291128,801.702407033386,7.09839370326105,1.0000354,1,37.5,
4349,106.695926849742,89.3804502239305,76.5820544570264,555.099959546511,12.5446670383209,73.6401466799734,95.517299094424,80.646480258903,43.6554888116265,7.48489701841403,7.40139125629681,0.524138659483202,4.42776121916063,4553.17864097748,56.4584917576093,791.414644493009,7.10323868490193,1.0000354,1,37.5,
4350,106.765368731829,89.6049036894727,76.921081701644,551.383028316375,12.5104612137296,74.1956493655644,95.6266111244694,82.4381926446197,43.615408415832,7.48439259254474,7.40173704717018,0.465376916431494,4.33355716350682,4612.66948011556,55.9530641337587,789.397873361342,7.10477758977011,1.0000354,1,37.5,
4351,107.24821583561,90.306517040416,77.7843918439683,558.953499385967,12.6001126289936,73.4203405365143,95.474798820263,83.7908522032291,43.7102494350323,7.48401461193553,7.40074381052276,0.379625157190238,4.2349575421979,4628.58651118609,55.239759346996,797.436347224598,7.10473080615615,1.0000354,1,37.5,
4352,106.115929668161,89.5100126807439,77.2360740378706,558.201714156839,12.5960997033756,73.8856071030629,95.5627604655872,84.8872522049909,44.0286186055022,7.48323445198435,7.39754519035384,0.276136788989656,4.1075873821382,4596.21313989974,54.1449159975224,791.080876803493,7.10460745539689,1.0000354,1,37.5,
4353,105.996758997354,89.411119143927,77.1521679479158,577.971852347567,12.820437214482,71.6949364980552,95.1122473792964,86.0648317142757,44.2148301236903,7.48288106344864,7.3956686640509,0.198237076334868,4.00156295457808,4654.28288894446,54.0788007858551,795.835543719843,7.10324695270041,1.0000354,1,37.5,
4354,105.002751414305,88.6982906479514,76.6471674728203,583.822568047441,12.8888656356679,71.1677381573975,95.0103582250991,87.2777010941902,44.4945822298057,7.4837492531935,7.39288868156926,0.114733898407722,3.89217672285824,4639.85661837949,53.1619939596272,799.330220012014,7.10403046833355,1.0000354,1,37.5,
4355,104.79446504172,88.5754282641938,76.587444559066,599.235738170212,13.0646695529117,69.5164699527315,94.6347357451526,88.6073318534375,44.6369891501672,7.48346341445971,7.3914633154667,0.0297266048584728,3.77187911403394,4685.86248780612,52.8834622348955,799.779872957877,7.10383715608116,1.0000354,1,37.5,
4356,103.947212030807,88.0511393124533,76.3018681728005,606.601166830819,13.1494114754465,68.8173156933773,94.4809975416405,89.9471873788362,44.9028087508104,7.48435110917515,7.38884979637502,-0.0567836271165887,3.65062380045995,4661.9997959577,51.8304121764526,805.106397781878,7.10440611977792,1.0000354,1,37.5,
4357,102.78783456542,87.3185653003727,75.8847575827288,622.92593220102,13.3357685934274,66.9826794593263,94.0407027381326,91.3904545549054,45.1751868063167,7.48578552192904,7.38619171729422,-0.183245034845675,3.43948446682727,4609.62353371178,50.4387854963827,807.748233550346,7.10517338229175,1.0000354,1,37.5,
4358,100.333327498445,85.3680803509868,74.3068107202568,632.515657681894,13.4458561348274,65.947396484489,93.7857537492703,93.3295094693775,45.3859236378424,7.48719509061828,7.38414281342992,-0.298786273958712,3.1267645758041,4554.04899235585,48.7953812063063,797.198881226015,7.10663699283801,1.0000354,1,37.5,
4359,99.994893517205,85.3723189760595,74.5643290978215,634.328169001032,13.4670077237483,65.9410761019081,93.7884108072387,95.5614394955116,45.4962141643796,7.48741371574301,7.38306492729181,-0.373209929049144,2.9341935306534,4556.18498808794,47.6780698589407,795.814923964571,7.10729133878993,1.0000354,1,37.5,
4360,100.025439098521,85.5794053458976,74.9019021374364,628.733407410213,13.4026324503719,67.1027772187187,94.0701904534437,97.2450382880376,45.6616241115436,7.485402163089,7.38146673911445,-0.424103375209493,2.85267929244882,4580.47902332371,47.1024445458742,799.931425929613,7.10709503710276,1.0000354,1,37.5,
