4320,113.962902354456,92.0183925900743,75.7985375468355,496.820420413979,11.4901033679958,91.366473757082,97.7962158211392,72.0173841236184,43.6215608888421,7.45793618563991,7.39279703829999,3.33453448765257,7.2247536178137,5152.97514239225,71.5518232868209,759.649509847008,7.08702320704137,1.0000354,1,0,
4321,113.468742305441,91.4507918616096,75.176654577039,497.283877905665,11.5380892591484,90.5894399372522,97.7159166016076,71.5119310937853,43.6538721043731,7.45711099488952,7.39234443548484,3.26460261136851,7.21331700224673,5133.9332455676,71.7912824761316,762.283529231313,7.08644675289522,1.0000354,1,75,
4322,112.782774507248,90.9022650379109,74.7297145605745,495.331388954089,11.5523816599322,90.3940564471884,97.7070711172799,71.5415177288425,43.6781717809075,7.457050649508,7.39197691943252,3.11623788993331,7.16056602525892,5103.99688882809,71.3431452233558,761.146018000968,7.08663218564998,1.0000354,1,75,
4323,112.22863905162,90.3327398458009,74.1488143458475,494.044770940196,11.5730317538098,90.0610876321973,97.681106103295,71.6702241729214,43.6850532247008,7.45699437378289,7.39178660312206,2.90788655739335,7.06809981150805,5116.77558468668,71.393324685873,759.493950095003,7.08677648895348,1.0000354,1,75,
4324,111.590149962424,90.0558738389873,74.1392349651428,500.604297200893,11.6907473156202,87.8117385662433,97.4227543748231,71.8808949516074,43.6677411675456,7.45806987059365,7.39184046119653,2.67574852887422,6.91238321600865,5047.06124512936,70.2142238007361,759.052988856549,7.08715129402345,1.0000354,1,75,
4325,109.069488477285,87.7434704382726,71.9807614529153,514.663350180858,11.8914331796964,84.1280463392845,96.9641011171401,71.8170757045704,43.6231892369269,7.46215846654527,7.39216785803789,2.31974423732368,6.53648702990197,4993.81340944266,69.5351817161897,751.345924624881,7.08917313109646,1.0000354,1,75,
4326,107.936323735184,86.8876207563911,71.3298837720663,519.480585287767,11.9764435897819,82.2837480990499,96.7285967293739,72.4733020495863,43.3207573337898,7.46491268781566,7.39507318146563,2.11476814917654,6.24410372016951,4973.91329833314,68.6309738575178,756.500480933867,7.09257996812273,1.0000354,1,75,
4327,106.865123097558,86.1749513109183,70.8822156425325,515.549111046282,11.9643461594994,82.0608780713225,96.7286158904793,73.1977912191194,43.156883618914,7.46699015729933,7.39660415564173,1.88126703930505,5.9586360405139,4938.06604805641,67.4619543269302,752.386661579313,7.09540784540604,1.0000354,1,75,
4328,105.759691328472,85.7147117200599,70.8988572268855,511.039943111522,11.9450648230671,81.9729360618125,96.7492105618,73.9765965590815,43.0352678809038,7.46910201420767,7.39771544551329,1.62999391629587,5.66964340821034,4834.98117327655,65.3582538014585,743.354341608495,7.09759081695286,1.0000354,1,75,
4329,102.170510702454,82.7754256624654,68.4399280242132,520.852780804549,12.0810083174071,79.6419538632339,96.4251058557852,74.0054816574371,42.906288332249,7.47203400083037,7.39890335183254,1.27786846560139,5.10121248203307,4680.04899183096,63.2392207579213,745.833635186552,7.09970585464604,1.0000354,1,75,
4330,99.5626891284325,80.5877645350988,66.5628202704607,515.763047958562,12.0567725618315,79.554100712584,96.4502211088271,75.1470372399564,42.6903555755977,7.47440175543916,7.40097574678322,1.07420295732334,4.7140725467042,4649.29114415708,61.8692541305541,730.46846655411,7.10202178018046,1.0000354,1,75,
4331,99.264594096157,80.7681642895764,67.0968900847125,510.0079787896,12.0247010231728,79.8027767091653,96.5194762488873,76.5707359936693,42.5453863404109,7.47560330717213,7.40233410055847,0.851765835495478,4.42719568871201,4617.91092888088,60.3090837374566,730.87498700391,7.10352691562832,1.0000354,1,75,
4332,95.5374480788583,77.535630125963,64.2299385955621,504.643393814173,11.9962768042501,80.1665256127252,96.601009579461,76.9538267896675,42.5883988437996,7.47624679200507,7.40177553457939,0.595259822143383,4.03048885305078,4516.90970246072,58.6963623629332,720.461932386976,7.10452878789612,1.0000354,1,75,
4333,91.5921001537014,74.1057211834078,61.1810062923213,510.902222470649,12.0953810176145,78.5793056073969,96.3885481707764,77.6227536934211,42.5542715656805,7.47887895348601,7.40200190959527,0.408675720611553,3.63790114186275,4425.71815851377,57.0157324744441,718.282607640963,7.10573691914328,1.0000354,1,75,
4334,87.2930073883173,70.3053627703986,57.7492776180239,523.910720518182,12.2700067045962,76.3476341157978,96.0468049974548,78.972225648349,42.5847081179488,7.48085511136546,7.40157209833609,0.24093261676609,3.28056035874267,4374.23757040542,55.3895693643385,709.991259326489,7.10691096345876,1.0000354,1,75,
4335,81.8637743674158,65.3673022733431,53.174257682072,534.81050428583,12.4218509854567,74.5562730182634,95.760585762325,80.3106325700678,42.7158939494898,7.48291406845817,7.40012384715396,0.0248940191486597,2.86158365728342,4319.75329991224,53.7880621989054,688.246842497999,7.1082414326557,1.0000354,1,75,
4336,75.6066034613258,59.5158334217446,47.622655566402,556.9749129969,12.6886998005115,71.375920543292,95.1753313153604,81.9463197957336,42.9727887415508,7.4856771990516,7.39741881107849,-0.140740707011186,2.42916569881336,4299.33319684717,52.4652383116662,674.11972775785,7.10892519254464,1.0000354,0.998379879905982,75,
4337,67.7172324282949,52.1444737410768,40.6341738418287,564.326354485305,12.7169560708928,69.7948737280108,94.8684054269304,83.1644597763385,43.337736202298,7.48713238040012,7.39365983235071,-0.326000102327542,1.89383975469005,4222.77698949174,50.7762210065264,646.472523970883,7.10866252669484,1.0000354,0.987840915957486,75,
4338,46.5439327438686,31.1671708022497,19.8017380627922,489.035347298359,10.4192105051179,69.088939078254,94.6736301343478,60.3462027363026,44.5741918427161,7.48227182554057,7.38137279385176,-0.215266463019411,1.41468842083014,3025.58710096244,50.1371579945714,454.010032341711,7.097070624432,1.0000354,0.803205105160471,75,
4339,44.5596298466179,29.3414558058687,18.0932402105324,442.170357050117,7.8786297745349,57.8206706826865,90.4352536396128,60.8377767636054,46.3569374638965,7.43878639363126,7.36427699683944,-0.280507350324994,1.29422456997366,3018.77471140112,49.6200695027209,432.088160963132,7.06351682565061,1.00003260203116,0.53429765373428,75,
4340,44.8897559248576,30.0686020337169,19.1138361141781,601.544908077289,9.00684931298183,47.2209830645043,84.7116202295253,66.0569739869653,49.3972033677948,7.4423460492857,7.33642086902335,-0.528052088680393,1.10374677357588,3192.23984091789,48.3255536583888,449.523135768893,7.03715214402902,0.993461753252815,0.439400204042964,75,
4341,43.8470013966462,29.7171605247266,19.2733650976556,657.606402105892,9.70621992190183,47.1218903138335,84.4097188397976,70.0340093128334,52.6853872422275,7.4329397385462,7.30755612492682,-0.77099848973399,0.845770848753928,3226.56993093843,46.0714724545574,447.880993570229,7.0236770622604,0.993461753252815,0.436000884645649,75,
4342,42.4493247380902,28.9543988488986,18.9798884090613,781.658646852776,11.4619752910879,47.9865131468562,85.2205535612795,73.5188300581037,56.930261204637,7.43743508171256,7.27207881056355,-0.979257262059456,0.561893626526925,3234.92274018738,44.0012815442076,438.142844443989,7.01309885779027,0.997398280318809,0.458262679055297,75,
4343,49.4603095937051,37.1004381645892,27.9648810213296,1495.84262662946,24.1319323395761,48.3134384923047,89.1726250136906,102.298760199837,59.8570962260739,7.5769896828316,7.24704248546632,-1.26344255074507,0.270559810267125,4122.67543160609,40.3003460017753,547.45703658956,7.04604426645172,1.0000354,0.808724150273257,75,
4344,56.3522522720451,45.627224461567,37.7000299929527,2021.26353198773,34.1220387807049,47.122214273086,91.7309319186513,136.450780019891,53.5604327296432,7.72457269283673,7.29026980128572,-1.5977847707575,-0.150724394560236,4771.65758824076,34.969808069585,576.72131952653,7.17641604310518,1.0000354,0.944667470763244,75,
4345,37.0417552992394,25.2690235770814,16.5674392607038,511.284294007786,9.75557132160445,77.1567621673923,96.0962725997579,75.3035226691193,51.9832044410494,7.44470632054248,7.29691664448675,-1.29944849160509,-0.162129316679622,2890.59576395534,38.3859301862477,383.26853624994,7.22126877205602,1.0000354,0.660508320700706,75,
4345.25114379543,36.358252973235,24.6329538991028,15.9664284964834,636.747660839654,10.6839082721985,72.8043631009613,95.0341287189369,NaN,55.5611496670329,7.42331507340871,7.26633481543127,-1.30225005309503,-0.169193655395681,2852.17089620513,38.2312722564965,373.950395286422,7.1924817348819,1.0000354,0.577089404394254,75,
