4320,122.79300021678,101.986724587598,86.6081730355944,514.070748861078,11.7080617655263,91.0558767360188,97.7459510311691,74.5913879080196,42.7786658519479,7.45264982697264,7.38201999489336,2.85347253503313,6.93854393560085,5060.31855515072,67.8405201601922,757.502448231518,7.07654402701123,1.0000354,1,0,
4321,123.929195182044,103.303509857274,88.0584380954874,507.020489026612,11.7045953732095,92.0361596195195,97.8837110224911,75.1786117303505,42.783473373377,7.45149916922584,7.38171284524064,2.66686967104005,6.93367749849021,5055.88877174583,67.2516910777792,766.213755163158,7.07682626998759,1.0000354,1,150,
4322,123.69362831834,103.324210757914,88.2685543002086,504.604795350823,11.752001255852,91.1831410983502,97.8122773847814,75.3350405028045,42.8559002826279,7.45113049574903,7.380729547847,2.30071933974208,6.82565924690239,5003.46030713084,66.4161096049929,763.718513849415,7.0773819027522,1.0000354,1,150,
4323,122.515631118233,102.676437162503,88.0126851082671,509.780600691872,11.8858415609584,88.2704293282919,97.4955117522158,75.8598361807066,42.904063564149,7.4519253931041,7.37999965063323,1.86287965643897,6.58956513548973,4907.16595382178,64.687273277685,763.180774831752,7.07773297870161,1.0000354,1,150,
4324,121.749076235219,102.467149738039,88.2152910227309,518.844697241562,12.0527230874014,84.8866170680158,97.0959408437238,76.7552939152575,42.8855694484275,7.45426068786478,7.37994962667302,1.39961005904604,6.23927879732703,4825.62515505188,62.870258309214,769.051009084423,7.07938373889087,1.0000354,1,150,
4325,120.414142320027,101.830000730107,88.0938960766889,540.107477998543,12.3514214343334,79.9538359756407,96.4240703547431,77.9618519631941,42.8200994497151,7.45868176373056,7.38037920648523,0.935114871340924,5.79310382305466,4724.1042667357,60.5950749985513,775.561219297535,7.08278374846563,1.0000354,1,150,
4326,118.896939489929,100.941422535,87.6699534813571,543.448366521832,12.4594926603185,77.9858305807184,96.1789125716321,79.3384566589839,42.6503214381973,7.46343519347125,7.38187281061825,0.473693257568299,5.32852045357057,4644.90122574694,58.5453942684046,767.561398285894,7.08806404383668,1.0000354,1,150,
4327,116.961278850949,100.023281180412,87.5038915978408,552.38081603272,12.6331039449154,75.4421974424733,95.8062666343713,80.8740371021194,42.4103089735676,7.46727162758256,7.38409326544555,0.0418050327110668,4.84171143464616,4466.48637426881,55.2276915350348,770.893609833346,7.09319503961386,1.0000354,1,150,
4328,112.740638657533,96.7325448494999,84.9004755131276,583.512490162885,13.0682845312451,69.7057788422725,94.7814740358793,82.8248011632757,42.3122685866249,7.47709200241818,7.38486956389672,-0.441587745174959,4.15464628920645,4323.09564714905,52.1956658685695,767.00812651454,7.10051944788127,1.0000354,1,150,
4329,101.955853561436,86.9373021112597,75.8366336480857,625.136396686746,13.6430819466951,62.4197942913949,93.0754420267162,86.1582053584912,42.1848207076311,7.48827837336242,7.38595576376052,-0.887421487984224,3.16395922316574,4219.09702287335,48.9691841342136,758.478184292822,7.11054624930869,1.0000354,1,150,
4330,72.1983928108493,57.5292190409515,46.6867862545053,683.962583189086,14.4296123168846,56.3860805260243,91.3421057858862,77.2843422702208,42.8703435665595,7.50396236920911,7.37875022657157,-1.16861355020772,1.79154408012199,3696.51089135144,47.8300103587189,680.820455645228,7.1194455454296,1.0000354,0.997429181684059,150,
4331,43.9016322068481,31.495657640912,22.3260242660896,637.041062799573,11.5078587842883,50.9250641644663,89.2304039838623,70.0265189772573,42.7892522191299,7.5135269988012,7.3793852176269,-1.38126071134693,0.280809144607847,2832.61953716862,40.4506689542655,472.161990627277,7.11188439241492,1.0000354,0.682146037495698,150,
4332,41.8272534760931,30.2014598258672,21.6084819104828,629.389296649866,10.4686732382176,47.8667557497913,87.0776980247592,73.7139821570433,45.0363053762454,7.48999395747685,7.35673054868612,-1.48049753991464,-0.0431387434766779,2794.26316101864,37.9068268902584,450.791272903632,7.09486731301504,1.0000354,0.545206195394577,150,
4333,41.264400629074,30.0549910396174,21.769775256106,638.191365761708,10.6958587344754,50.2983391869581,87.5700176438976,77.8183153256398,50.582338453275,7.44845545595382,7.30473635198326,-1.45187619276141,-0.215612178999157,2844.19510598669,36.5491734700863,443.090933865483,7.0682223745905,1.0000354,0.547375531510339,150,
4334,61.3179822795403,51.3499898459557,43.9823432646106,1649.99941478142,29.2548973765444,53.9306985357925,93.0404822656912,132.940341741033,57.2664531647219,7.63201721307875,7.24685996722845,-1.64075043958208,-0.254345295898112,4320.75172705739,32.501433879824,557.279347115103,7.09122245466618,1.0000354,0.9517547779843,150,
4335,46.5520352377402,34.6867214341583,25.9167068836847,912.231365748533,17.875328809607,81.1842769777524,97.2355932115985,83.2544348981113,61.2902955059982,7.49146616161716,7.21036776900709,-1.24053753242014,0.0617429048298885,3220.93104654249,38.6878014424618,431.645121902781,7.14999565918054,1.0000354,0.966447514464948,150,
4336,44.7198837410052,32.970112081677,24.2854982465214,1478.22020441065,26.8558344516101,57.9727587121737,94.0785551158916,83.9410833694685,78.968318172848,7.60836683620528,7.09126208709663,-1.28860674730406,-0.0181339838967798,3215.87247500039,38.3110670712415,407.800592502309,7.14068862050329,1.0000354,0.947758724184898,150,
4337,45.159536895441,33.5296782154575,24.9336957128611,1577.1600533847,28.9111085387707,54.5250854972273,93.511446841731,86.1431055442695,80.3092328206665,7.63186047023962,7.0713718995838,-1.30897642657058,-0.0525489522994884,3266.55356083254,37.920081243807,406.037498321696,7.16524622890096,1.0000354,0.950050750855007,150,
4338,48.1690088438481,36.8746751105373,28.5266893076554,122.892503643794,34.0287787707373,67.7697817009479,93.8907052618345,88.3041450717588,82.3490134959864,7.38612084450178,7.04372248607855,-1.35496035812626,-0.0932530047057916,3251.8951054669,36.8260754104386,406.496234829635,7.16863618992308,1.0000354,0.964136809982652,150,
4339,0.107765444116654,0.107765444116654,0.107765444116654,0,0,2.05270598531755,2.8297032503522,0,5.1010149031693,8.24809682263634,8.23813619360449,0.000436434645754602,-0.0892192653089565,0,0,1.74027969247371,7.03721242618131,2.98623544529024E-05,0,150,
4340,3.74310699249677E-12,3.74310699249677E-12,3.74310699249677E-12,0,0,2.13817885577483,81.8655076738387,0,0.0296709648845779,10.4820928304022,10.4734803169533,2.35489448486913,-0.0902900683714631,0,0,0,7.03747089732061,0,0,150,
4341,1.59281148616884E-13,1.59281148616884E-13,1.59281148616884E-13,0,0,0.0136786619083525,0.402186057472243,0,0.000199680177781814,12.6542062152321,12.6456015483792,0.00267095474160151,-0.0906839948036917,0,0,2.60026639092773E-12,7.03704670820591,0,0,150,
4342,1.59281148616884E-13,1.59281148616884E-13,1.59281148616884E-13,0,0,0.0159444928918359,36.3540763186023,0,1.34531438280708E-06,14.82575339978,14.8171487857333,-3.07769936513935E-06,-0.0908289122394566,0,0,2.61441776269454E-12,7.03623229119998,0,0,150,
4343,1.59281148616884E-13,1.59281148616884E-13,1.59281148616884E-13,0,0,0.0027661514719075,50.28381474998,0,9.0617254634908E-09,16.9975067412861,16.9889021275952,-1.39584515723712E-06,-0.0908822243847345,0,0,2.62834788712009E-12,7.03521921961353,0,0,150,
4344,1.59281148616884E-13,1.59281148616884E-13,1.59281148616884E-13,0,0,0.000725653364404191,82.2693889475561,0,6.10197659960269E-11,19.1695150571003,19.1609104434117,0.588037444193137,-0.090901836826947,0,0,0,7.03412237665741,0,0,150,
4345,1.59281148616884E-13,1.59281148616884E-13,1.59281148616884E-13,0,0,0.000102929362370121,83.8079689812083,0,4.10915219397639E-13,21.3414792695537,21.3328746558652,0.611592162174255,-0.0909090518412286,0,0,0,7.03305054409664,0,0,150,
4346,1.59281148616884E-13,1.59281148616884E-13,1.59281148616884E-13,0,0,1.40487753673511E-05,84.0884255906526,0,2.76752167872372E-15,23.5133292506936,23.5047246370051,0.512809733054038,-0.0909117060966502,0,0,0,7.03203075358645,0,0,150,
4347,1.59281148616884E-13,1.59281148616884E-13,1.59281148616884E-13,0,0,7.60197357396763E-07,39.1247308891172,0,1.86388378879821E-17,25.6852012420684,25.6765966283799,0.000206956723632246,-0.0909126825426516,0,0,2.68300500577016E-12,7.03102964431298,0,0,150,
4348,1.59281148616884E-13,1.59281148616884E-13,1.59281148616884E-13,0,0,1.5564049467565E-07,62.5214485370873,0,1.2553384040694E-19,27.857044864221,27.8484402505325,-1.04463855343795E-08,-0.0909130417570609,0,0,2.69608312550065E-12,7.03006438009814,0,0,150,
4349,1.59281148616884E-13,1.59281148616884E-13,1.59281148616884E-13,0,0,3.57614045092927E-08,84.9482442701999,0,8.4570703976881E-22,30.0286541937507,30.0200495800622,0.237114211154605,-0.0909131739046574,0,0,0,7.02917233304555,0,0,150,
4350,1.59281148616884E-13,1.59281148616884E-13,1.59281148616884E-13,0,0,4.86495667654715E-09,85.1174299782856,0,5.69792667007505E-24,32.2001879641779,32.1915833504894,0.215325915216972,-0.090913222519041,0,0,0,7.0283300557328,0,0,150,
4351,1.59281148616884E-13,1.59281148616884E-13,1.59281148616884E-13,0,0,9.02780752650842E-11,5.598743607012,0,3.83992061358826E-26,34.3715047762034,34.3629001625148,-1.31343380616045E-10,-0.0909132404032733,0,0,2.73375935564378E-12,7.02756592753113,0,0,150,
4352,1.59281148616884E-13,1.59281148616884E-13,1.59281148616884E-13,0,0,2.36172088098677E-11,21.292427294424,0,2.58706839991611E-28,36.5430610359919,36.5344564223033,0.0304774423812524,-0.0909132469825149,0,0,2.74581645196738E-12,7.02676646812513,0,0,150,
4353,1.59281148616884E-13,1.59281148616884E-13,1.59281148616884E-13,0,0,7.23949702241799E-12,63.9753671927991,0,1.74357281291918E-30,38.7143242718119,38.7057196581234,4.16007266945684E-06,-0.0909132494028824,0,0,2.75764598607922E-12,7.02605511407942,0,0,150,
4354,1.59281148616884E-13,1.59281148616884E-13,1.59281148616884E-13,0,0,3.59302599045746E-13,15.0374471967049,0,1.17517863002682E-32,40.8855242685175,40.876919654829,0.0154678090264775,-0.0909132502932861,0,0,2.76923961033697E-12,7.0253714259289,0,0,150,
4355,1.59281148616884E-13,1.59281148616884E-13,1.59281148616884E-13,0,0,9.65870967680402E-14,46.2231307299016,0,7.91859096145318E-35,43.0569638100773,43.0483591963887,8.97218923645582E-06,-0.0909132506208472,0,0,2.78063216645382E-12,7.02466246422593,0,0,150,
4356,1.59281148616884E-13,1.59281148616884E-13,1.59281148616884E-13,0,0,1.78429120276306E-14,63.7917876395841,0,5.33547490793138E-37,45.2284410566674,45.2198364429789,3.23296944770846E-13,-0.0909132507413499,0,0,2.79181715560351E-12,7.02396421033889,0,0,150,
4357,1.59281148616884E-13,1.59281148616884E-13,1.59281148616884E-13,0,0,1.03882227014182E-15,20.2360195805515,0,3.59492252460854E-39,47.3999357403976,47.3913311267091,-5.47117906535277E-13,-0.0909132507856807,0,0,2.80280008530518E-12,7.02328015427562,0,0,150,
4358,1.59281148616884E-13,1.59281148616884E-13,1.59281148616884E-13,0,0,2.22213264666224E-16,42.149952358497,0,2.42238501427285E-41,49.5713560590417,49.5627514453532,4.98102359358654E-08,-0.090913250801989,0,0,2.81358210781962E-12,7.02262837337533,0,0,150,
4359,1.59281148616884E-13,1.59281148616884E-13,1.59281148616884E-13,0,0,8.05613431208057E-17,87.5636544049206,0,1.63241568935803E-43,51.7427084713906,51.7341038577021,0.130990524088069,-0.0909132508079886,0,0,0,7.02200327924559,0,0,150,
4360,1.59281148616884E-13,1.59281148616884E-13,1.59281148616884E-13,0,0,4.42488304514246E-18,46.9939268991515,0,1.10011586954804E-45,53.9140207230777,53.9054161093891,0.000186118598833218,-0.0909132508101957,0,0,2.83456740248885E-12,7.02140193159014,0,0,150,
