4320,113.516514785642,91.3084504697438,74.8937942362541,497.74512522987,11.5122915590956,91.9835783694796,97.8608181122006,71.7855438714807,43.255179540079,7.45513982188112,7.39005017414797,3.3877589964541,7.06783097071022,5198.07478364701,72.4111639100101,754.025144514018,7.09802110672125,1.0000354,1,0,
4321,112.481045197293,90.2101011865508,73.7489686568717,495.808014972466,11.5298033871854,91.7110659488918,97.8420698153258,70.9803778498984,43.3080789355217,7.45466369345932,7.38938673677535,3.32141806398449,7.04918217875952,5154.32447412719,72.6161881672002,751.409703618372,7.09753868279688,1.0000354,1,75,
4322,112.444622860468,90.0841413181373,73.556828873806,500.450944234806,11.6275561808201,89.5060532485359,97.5964338689668,71.103494397014,43.2897026338478,7.45496507466827,7.38944353828042,3.17776681922191,6.98782737701686,5184.02298544836,72.9081324259931,755.413603006821,7.09740245757306,1.0000354,1,75,
4323,111.532548196937,89.4301585726944,73.0936097199935,498.807078561691,11.6438772152512,89.1819044809267,97.5723608987996,71.3021311387641,43.2806715443629,7.45515615608054,7.38941067461097,2.97410725953672,6.87893507876795,5138.50238884905,72.0666031545227,750.663919054169,7.0980849217632,1.0000354,1,75,
4324,110.943381091324,89.0035361686642,72.7871290519153,505.017732775318,11.7554220397384,87.0854527302,97.3276537935191,71.5926452682644,43.2526883623875,7.45644603953829,7.38957119549837,2.7436758788918,6.71543299148355,5121.49537241699,71.5366131985523,756.196881143423,7.09878039891292,1.0000354,1,75,
4325,110.118577816552,88.4024197383761,72.351346376246,508.365249573583,11.8289427583872,85.7249574114847,97.1674373783192,71.9416995152863,43.1581663448662,7.45751290559047,7.39040309330995,2.49762253859999,6.51544515975997,5093.99493982758,70.8072644120008,759.706971016181,7.10005571970783,1.0000354,1,75,
4326,108.967418827482,87.5708153961125,71.755934599013,514.258464893092,11.9286976187357,83.9040137683772,96.9416120379097,72.3448119867303,43.0768479598967,7.45960953572639,7.3911055590133,2.25282407343885,6.279328876286,5047.15975542458,69.7653310143421,759.291396311449,7.10181386136612,1.0000354,1,75,
4327,107.747032888942,86.667128261956,71.0863291898358,515.894687091778,11.9773536578238,82.792679241843,96.8113315468359,72.8836931218858,42.955982791783,7.46181015413215,7.39220975690992,2.00647589102566,6.02338441955473,5009.49369340836,68.7327093185416,754.43520789185,7.10425548465095,1.0000354,1,75,
4328,106.67304373316,85.9591283875692,70.6488431321325,520.02848463402,12.0511774892288,81.4228578260253,96.6320020020865,73.5438467699076,42.8063521492106,7.46334238097284,7.39360926852247,1.75659443207641,5.75248768532753,4967.10523217961,67.5393720934929,753.396623544247,7.10633070982528,1.0000354,1,75,
4329,105.50129579311,85.1996390745742,70.1940667173955,522.915958327343,12.1119853389882,80.2278524284092,96.4793125318215,74.3291672120188,42.671231428114,7.46560031786554,7.39486601174456,1.50961165790215,5.4674504693997,4920.23185798119,66.1951699787859,753.565913614085,7.10850001968752,1.0000354,1,75,
4330,103.548514924281,83.6212847246219,68.8924624031344,521.689938360321,12.1287824684584,79.558639326955,96.4150673726097,75.107847089118,42.546415453493,7.46866488726589,7.39602042021511,1.2247635997231,5.11098439492247,4880.08147667542,64.9743224683972,740.737082432207,7.11144311151732,1.0000354,1,75,
4331,100.72944508391,81.532588267103,67.3436071416371,531.412121797063,12.2654011925991,77.2459025994428,96.0777774689959,75.8037224756399,42.350056873732,7.47268426761834,7.3979085522549,0.922967310248225,4.63403786699303,4744.77344360405,62.5928818354378,737.48436711763,7.11471018393681,1.0000354,1,75,
4332,97.0000651658217,78.48599021862,64.801673953297,527.122475338025,12.249746516571,76.8778318631357,96.0680469447551,76.4064420140381,42.1484270440949,7.47640719827837,7.399857343653,0.664296736836376,4.1471434456516,4612.39843094101,60.3666171249484,736.512214337751,7.11819454848864,1.0000354,1,75,
4333,94.4691920459159,76.5676039867429,63.3359954212671,523.446994143132,12.2409590173493,76.6739615877693,96.0760026292325,78.0022080339832,41.9830158608839,7.47884034998548,7.40143872946716,0.501017348608636,3.78577469253996,4552.95415675936,58.3695548051124,725.553476756589,7.12026743410925,1.0000354,1,75,
4334,89.4560959945044,72.195641785587,59.4379147616047,528.586501062792,12.3292499083649,75.6400564796056,95.9197904596051,78.8289239254167,42.0094135010185,7.47958685270171,7.40104100399289,0.270595396744728,3.35004990270317,4436.41985048932,56.2790867814814,715.720275905356,7.12185202713616,1.0000354,1,75,
4335,83.6081141954758,66.7043671076369,54.2102931731472,541.002064618253,12.4989613530034,73.7207095072344,95.5987691372697,80.1507670076769,42.1707463723054,7.48146765496794,7.39925798343503,0.0917882556752376,2.91686192999483,4417.59085902578,55.116014780029,693.567233314504,7.12239519836029,1.0000354,1,75,
4336,77.1560660507908,60.7303219877403,48.5895546367898,559.439702163584,12.7284479831473,70.9396696540301,95.0894281809535,81.4503508964726,42.4293051958744,7.48509731120982,7.39649579310487,-0.0955314931182176,2.48375959058202,4362.27291773403,53.5574478160161,676.281394215139,7.12328162959811,1.0000354,0.998861673501222,75,
4337,67.7846357748779,51.8784018787387,40.1216203033314,565.785051429353,12.7403578236712,69.4327834976116,94.7890868002188,81.0163332801593,42.8161995360519,7.48610976439638,7.392460901321,-0.25809987147178,1.9352691867679,4201.7941258184,51.863543506571,641.067725635362,7.12257410487732,1.0000354,0.987645805301255,75,
4338,45.7577238013403,29.9609087921114,18.2850020461596,443.370484386509,9.11588208312277,68.1833603924168,94.3033022906663,58.7027592481301,43.9496878572057,7.46866364478771,7.38103721964218,-0.089657351315592,1.3961929784941,3023.58978335632,51.5067745040048,437.623464913485,7.10494923244462,1.0000354,0.692084534919855,75,
4339,44.7613488176525,29.2925842327458,17.8591495395538,456.778436180907,7.57480256591151,55.0069985162813,88.9484300358733,61.4068712560229,46.1120116354676,7.4283114685197,7.36011101085924,-0.241564244624167,1.24478421886225,3097.18695922014,50.4371399465554,433.735587278183,7.06764695371407,0.9953572566992,0.477813884463618,75,
4340,45.1258428342093,31.126633603039,20.7793919973914,579.438466734248,8.51522235747459,47.3207762550401,84.5444994590512,64.8762271424217,49.2391957738642,7.4333794347839,7.33137050938702,-0.612527150761073,0.801984968649328,2961.31026389815,45.6455375772273,468.441142213606,7.04499047832324,0.996690885594534,0.409235143463322,75,
4340.96096975324,41.2073851280411,28.0723264589358,18.363804833945,601.035537396979,8.71494946866363,49.1116825142516,85.3850458150366,NaN,52.5131826591878,7.41821633118379,7.30260591719289,-0.823042056546922,0.412788814573059,3063.56263553793,42.8279057880478,417.750141651926,7.02686447876581,0.982495466561558,0.396932423444868,75,
