4320,115.725875591072,93.0895780584282,76.3584016212567,488.34462827033,11.4330864631828,89.9874429599143,97.6661205160788,72.2095361741158,44.3916895051704,7.46272318766758,7.40169487444623,3.6363142334654,7.60721133479201,5329.60190744457,73.8074524477421,791.910051470145,7.08946054095969,1.0000354,1,0,
4321,115.506823524521,92.7504015926763,75.9304375560955,488.741943931184,11.4809923316517,89.4742725805268,97.6149117678587,71.9392850821332,44.4160251419178,7.46172655528754,7.40130882582148,3.55336817408526,7.58833576098511,5337.83219516615,74.1991276264692,796.985698766591,7.08890185870216,1.0000354,1,75,
4322,114.575920215607,92.0236219381012,75.3545319069014,486.367038600285,11.4902381404322,89.369587629006,97.6177730904538,71.9533284181031,44.4311684505515,7.46172556367086,7.40101904538479,3.36064067256548,7.51125873971044,5290.98483715934,73.5335661807711,792.582570847664,7.08940694599798,1.0000354,1,75,
4323,114.410965615773,91.8617224787581,75.1948905948777,495.847931796391,11.6499310291358,86.9514153182832,97.3300827049253,72.136682364867,44.3979673555828,7.46207955025054,7.40120670481343,3.15921142203468,7.39031233608323,5303.74891507792,73.5236046516748,795.066463046207,7.0894126302365,1.0000354,1,75,
4324,113.404705429859,91.2073336602111,74.8005806130803,489.762974365043,11.6096516232816,87.178465764356,97.384953434235,72.3762969916843,44.3685429819953,7.46358469894857,7.40136166565054,2.93438451282312,7.234788370931,5238.32858473056,72.376300010657,787.578888257195,7.09068181377375,1.0000354,1,75,
4325,112.062872406457,90.1813925138996,74.0081247672267,496.589812846556,11.7313674064679,85.2632356038684,97.1579322144281,72.7046138976568,44.3166762945936,7.46537647995854,7.40173956315651,2.64793642322467,6.9653268072661,5187.20587544996,71.3463093656171,784.837110025922,7.09178947541946,1.0000354,1,75,
4326,110.137496073529,88.6938233826389,72.8441522632854,505.892461481709,11.8775289095378,82.8964899011406,96.8587282113134,73.0970804559748,44.1712267936063,7.46817421255764,7.40303792848623,2.32183952975295,6.55305086118138,5110.86044772606,69.9188040869053,784.886937273996,7.09417707058419,1.0000354,1,75,
4327,107.631179406973,86.6091925222041,71.0712022160709,504.365811633275,11.8932797356578,81.9783442704163,96.7708633574664,73.7218594214305,43.9746225430244,7.47227232855985,7.40484476268509,2.01980840565901,6.05682836494845,5053.18109888876,68.5438639034087,775.489163075053,7.0975037140519,1.0000354,1,75,
4328,105.234256550945,84.9980014417557,70.0407694045288,493.941500246032,11.8029831659036,82.8205458748497,96.9173976298026,74.4217471834679,43.7581739606535,7.47281960626917,7.40685434091959,1.74003590621059,5.54324245137307,4910.48997866555,65.9819228183395,764.913312241651,7.09980822375089,1.0000354,1,75,
4329,102.797818849631,83.1621879287202,68.6488955089165,483.973010462847,11.7131369274766,83.9510786404992,97.0919963589721,75.2920347956714,43.7254673557974,7.47244755978263,7.40704282377662,1.48219807971788,5.09910110598246,4820.46258460306,64.0235397766165,759.499018335329,7.09979920081335,1.0000354,1,75,
4330,100.763343940975,81.6605069865361,67.5410188028203,475.004261824593,11.631991066369,85.2809832245743,97.278195143563,76.2681480795894,43.7833171764664,7.47104022624485,7.40632917341749,1.24004721969079,4.7040340050091,4750.46247385313,62.2863225798508,751.841859868139,7.09856370907726,1.0000354,1,75,
4331,99.8132838122027,81.2889211945461,67.5970009988868,479.893203272143,11.7301317164901,84.1419344299493,97.1514066199713,77.5715829257479,43.8457855336493,7.47244538144238,7.4055685315716,1.01571605310268,4.40203737832684,4685.33608955609,60.4001608944983,751.423864803587,7.09849914922497,1.0000354,1,75,
4332,102.006111675771,83.9769672936469,70.6510779677291,491.230579631882,11.9031334246538,82.1852201617663,96.9026430676545,80.7561363401608,43.7507924179027,7.4736487000377,7.40637131992408,0.842254949657817,4.23838643316818,4747.28681345649,58.7854623636275,776.162276265863,7.09958676064055,1.0000354,1,75,
4333,106.248100493205,89.21138858061,76.6190362973874,477.846139484707,11.7684300203353,84.4790501452167,97.2331703046659,83.4522790099344,43.9814128460618,7.47337145649653,7.40395934721492,0.608756437257291,4.15767382669179,4635.73714548091,55.5495571897929,779.20432913089,7.10347735431705,1.0000354,1,75,
4334,108.406696515215,91.8696961514456,79.6466958825724,491.283193901292,11.9582518906867,82.7497997571844,97.0037082155861,85.623516385829,44.16366781392,7.472305312497,7.40204569029147,0.497674374757932,4.11793703844313,4616.83780060865,53.9202078527664,794.662887622947,7.10391514363815,1.0000354,1,75,
4335,109.103770374092,92.7673529806175,80.6926096897884,497.799029394923,12.052255790427,82.3732783931734,96.9499389123399,85.3614244167216,44.816913646515,7.47051990191788,7.39556327611852,0.300355148992366,4.05732697846769,4546.87794466343,53.2661910896221,793.35588120484,7.10403630316582,1.0000354,1,75,
4336,105.914484687562,89.4792092449304,77.3313969612464,532.531656640224,12.4622846237552,77.6160371195124,96.2166916743731,85.2894760671718,45.4325219880494,7.47014119829767,7.3895411655604,0.130844740335504,3.93616824399265,4570.53727495285,53.5885256388867,787.534304320465,7.10242863593192,1.0000354,1,75,
4337,102.111655190659,85.715049070565,73.5958184600609,591.998990673208,13.1648969042128,69.2913706245665,94.6476619834399,86.6595121638113,45.8821069867787,7.47829203145397,7.38517667701032,-0.0476524465889576,3.68440037052485,4633.0290761143,53.4624412304162,786.333083432665,7.10485879220831,1.0000354,1,75,
4338,98.1844433964117,82.296215334982,70.5527424200122,636.795344479452,13.7103940738203,62.8576215093364,93.0465250470722,89.5207883964324,46.1199051479913,7.48609784997585,7.38285466953478,-0.253515793462495,3.27830644069099,4637.60958665643,51.804834047253,793.661065797273,7.11195740439607,1.0000354,1,75,
4339,97.3519900744963,82.150129177241,70.9139711227479,651.252703282646,13.900812705472,60.7788902064247,92.4369465755974,93.136216629568,46.2911350366683,7.48841440751944,7.3811790773012,-0.397231790926047,3.02290051792312,4616.47159863995,49.5668791980364,803.411896984814,7.11778499830428,1.0000354,1,75,
4340,97.2693263929286,82.5565435047074,71.6818778916744,683.270122776183,14.303040087867,58.0910045501407,91.5111763706298,96.4037821643308,46.7761432092165,7.48919612476576,7.37659557117842,-0.573253089578558,2.77242001191405,4624.70165034466,47.9722013651015,815.743349847678,7.1204384177231,1.0000354,1,75,
4341,93.6422282168078,80.0373984079886,69.9816546362527,743.416236045801,15.0577626371027,55.487084851763,90.7019757472316,99.2056177132885,47.5893472845152,7.50019667067663,7.36906182550946,-0.821602894005468,2.29081462391094,4400.72469752774,44.3596320346108,800.587355542157,7.12601147948138,1.0000354,1,75,
4342,82.360541971965,69.0439305994718,59.2012178458898,781.967856675027,15.5607871181889,54.0282880830714,90.348486416023,90.8719293946351,48.3305674892566,7.51247408187324,7.36224989940774,-0.920979507477536,1.7674291141965,3945.64761986168,43.4198728490366,765.23726959115,7.13499204134679,1.0000354,0.999698742605078,75,
4343,62.1785187266031,48.7424730361889,38.8114827432742,754.230958309467,15.1127689890616,54.2460185642373,90.7172902189743,73.1870925646212,50.0296619417164,7.52420147897554,7.34659459940653,-0.976401914766613,1.17642270207389,3206.27514519045,43.8092979627445,653.126928304399,7.14238942420069,1.0000354,0.982614388383412,75,
4344,59.3736642512053,46.7294410754887,37.3837109021329,967.999463411533,17.6012048042193,51.7287385796328,90.1861665265249,80.272896642197,51.571385568901,7.55005509436264,7.33151699498962,-1.11081130040266,0.721559488309246,3309.45064862698,41.2274975372859,642.183807848758,7.14694889991071,1.0000354,0.936168044113547,75,
4345,81.8353355455577,71.3204496655296,63.5485774933349,1606.16625692334,27.6569684673954,59.6281859003883,94.9105976024161,123.723231967622,53.093408591936,7.67787244123,7.31459976757556,-1.40786542250857,0.626627280678549,4241.80443300658,34.2846235549089,639.646014383254,7.206710317717,1.0000354,0.995006062850443,75,
4346,101.205871112447,91.3410910938043,84.0497319495902,1809.73037332703,31.2791114536535,87.3685895889016,98.783100921772,144.728034056786,50.0981044442946,7.74038016808185,7.33301962330492,-1.43147883050005,1.06145480932425,4655.1629704103,32.1649015738291,636.281340834246,7.28865824426481,1.0000354,1,75,
4347,59.2084045195625,46.4978657010081,37.1031196177288,825.050495935359,16.1844894838203,74.3828220816288,95.8898608601774,74.6376214655806,58.8644196840169,7.47807253883066,7.25548274348358,-1.00351074109199,0.762924589107709,3093.26105694112,41.4437249767879,533.814290609588,7.20286701398705,1.0000354,0.981097555720059,75,
4347.16244354358,58.0479270951559,45.5886482405449,36.3796160436586,921.235983623112,17.4642481590753,70.4824399661104,95.3199625701501,NaN,61.9057369332146,7.4963452958079,7.23228614516248,-1.01800047706989,0.695622712664586,3030.20200666185,40.6244718363822,527.541097334592,7.19012077937702,1.0000354,0.979775652438486,75,
