4320,114.579495979447,92.4000531645508,76.0065519535405,499.215141678988,11.5425690018035,91.1884425231915,97.7752242122918,72.3728865759666,43.4816882222781,7.45609119426642,7.3914579779096,3.39139078593329,7.16193304602553,5233.85092036461,72.3178412245706,763.746334971184,7.09083160232768,1.0000354,1,0,
4321,113.656949635478,91.5205064204931,75.1587875224609,494.351516736155,11.5229060623405,91.9496147970986,97.8750731621445,72.1067033524051,43.5110230532828,7.45549017169586,7.39103526832883,3.33800309924439,7.16158062540752,5204.49150321271,72.1776376015547,761.992674639753,7.09064801329869,1.0000354,1,75,
4322,113.987062337592,91.7451478563371,75.3054719354095,497.752718359427,11.6052699921986,90.0863333549404,97.6712022762341,72.1698524845058,43.4957259803745,7.45540802584731,7.39106375330416,3.18806922261134,7.11136551046101,5233.86848812206,72.5215350723589,769.078572724521,7.09057954981639,1.0000354,1,75,
4323,113.203724616059,91.1949381624621,74.9275742619771,497.736320624566,11.6420081626218,89.2394731546672,97.5865662713407,72.3049516743315,43.4950556594768,7.45609848744679,7.39095069350281,2.98674345035484,7.01043910902307,5188.70474385854,71.7614025555118,764.836174462054,7.09137191547785,1.0000354,1,75,
4324,112.752371935999,90.81967387638,74.6085492236183,504.084003606064,11.7554448918029,87.2787995552724,97.3548823555198,72.5991683372672,43.4237897722238,7.45642266893224,7.39154612167537,2.76195812210564,6.86239064962346,5191.80685151293,71.5133102819281,762.803633216488,7.09186567785208,1.0000354,1,75,
4325,112.04471932766,90.5224504487609,74.6146864947918,505.58510218486,11.8071761881447,86.1455822815593,97.2323933812737,73.0439001066236,43.3881528544541,7.45839338724578,7.39178877848006,2.5252177039804,6.67527153158591,5125.86103846287,70.175073222823,768.650220088589,7.09323863451673,1.0000354,1,75,
4326,110.100606098907,89.0356128136082,73.4658351679526,514.231597952816,11.9390388801114,83.7896083095994,96.9370063816287,73.3587188868709,43.3286264444119,7.46098520869903,7.3922726035519,2.16806827571367,6.29186251026033,5038.57682833111,68.6840897003842,758.922530370952,7.09532586445931,1.0000354,1,75,
4327,107.40242221668,87.0325629092143,71.9765799428264,519.490498714416,12.0263184760162,81.8172107161273,96.6895823894296,74.0973539027675,43.1456724074099,7.4649497240683,7.393996773608,1.85463734605799,5.7841777369461,4921.36470447639,66.4175499564307,752.259815578319,7.09831741335633,1.0000354,1,75,
4328,104.593066963591,84.9379568314115,70.4102667337132,502.172531328686,11.8643906667993,83.7846549681162,97.0069072743098,75.0776737802432,42.9876323763501,7.46622799907257,7.3954746466199,1.57308293578713,5.27254493663708,4811.50688101803,64.08705329765,746.862427482666,7.1006654703684,1.0000354,1,75,
4329,103.493573090966,84.4243316570888,70.3296749450923,497.53876130182,11.8413667209705,84.2198445890697,97.0842926261998,76.6688558664523,42.9313647391013,7.46621502978681,7.39592532315008,1.32220858167638,4.89180969896175,4767.02271494585,62.1767817071565,741.062254984195,7.10148796499627,1.0000354,1,75,
4330,106.832197200656,88.514031340784,74.9745174443571,496.606735297984,11.8614158318419,84.1116211603012,97.0899119942147,79.1165680302981,42.8788216521933,7.46692919464793,7.39633907158084,1.09443337812566,4.68677674794511,4725.46171110619,59.7278399297674,765.045969490619,7.1034898636032,1.0000354,1,75,
4331,109.165479031547,91.5634494834098,78.5532537304387,490.122828911764,11.8129708659133,85.3111529063829,97.2579445650036,80.4876097297154,42.9534126732265,7.46555983219752,7.39546998519327,0.879381493949378,4.53906979922555,4619.4109298061,57.3928204020283,770.336327258843,7.10443693114757,1.0000354,1,75,
4332,111.566566413306,94.3539764683076,81.631627378526,484.258250353832,11.7693781253215,86.4684006641927,97.4155529318754,81.0345250581364,43.1219683927106,7.46467384665785,7.39365850438649,0.695371017107614,4.46830696644779,4547.90239481151,56.123021533707,774.472708433031,7.10501360861119,1.0000354,1,75,
4333,112.698613446235,95.9317660523691,83.5388788482073,485.531199174225,11.8136047664853,86.1290964012845,97.3858781652236,80.8064679876132,43.3051173504709,7.46478649817228,7.39171050791568,0.522909650040494,4.4082385627606,4417.66070974526,54.6696424155359,780.207030425993,7.10559781679197,1.0000354,1,75,
4334,112.632410545293,96.1210169048379,83.9169433445012,490.439436912546,11.9003468505342,84.9044547953596,97.2468509035153,80.3726182679735,43.4733702672086,7.46591705189272,7.38992202897974,0.374987779753336,4.33748235406749,4326.99775075315,53.8367150902853,781.424202279778,7.10674216374437,1.0000354,1,75,
4335,109.710999754516,93.3232980249661,81.2106489205161,508.061447116236,12.1228521198484,81.8311243959096,96.8350755018178,80.1342972562713,43.7634184094208,7.46643777100426,7.3869342298341,0.180291647414156,4.21165116316009,4281.84858047698,53.4334077552778,770.718073953091,7.10719790564826,1.0000354,1,75,
4336,103.94005756142,87.5678142361188,75.466590908722,572.344476493336,12.8718724117005,71.8145792925821,95.1709523497755,81.1163408260236,43.9178027341012,7.47682362849497,7.38531093943345,-0.0559349295178806,3.82035293860737,4330.23397890581,53.383004396034,770.678669912561,7.11027823543784,1.0000354,1,75,
4337,98.3964907031973,82.7591342494515,71.2010881749437,607.226131638937,13.2997328678328,66.2380826826967,93.9933064152355,84.3677589515545,43.7313968702041,7.48671648926579,7.38707278615796,-0.24410460061421,3.27896875658358,4301.6460320241,50.9868471733875,761.891861618408,7.11988547778688,1.0000354,1,75,
4338,97.3209435890221,82.1192823265283,70.8832718281633,623.817726348093,13.5176481101878,63.7792650371595,93.382497773647,88.705995443028,43.7339714311704,7.49009330962844,7.38697291474028,-0.387105248008901,3.00378841159169,4396.82161931136,49.5662282729835,766.576889400994,7.12607465200732,1.0000354,1,75,
4339,96.5021452816556,81.8929316043962,71.0948171472914,633.410171237004,13.6515438054113,62.8320501118062,93.1164720142928,92.6554400075299,44.049190909616,7.4897701591315,7.38378942078939,-0.559810272596357,2.76982871905289,4413.59608491933,47.634505697244,769.914859369973,7.12922161792347,1.0000354,1,75,
4340,92.4271524895658,78.7996081057548,68.7270753003292,668.619467487986,14.0900369686463,58.724142802069,91.8276200363268,96.0397639071483,44.6458892049496,7.49323220886485,7.37789152226501,-0.820860606295473,2.24437361835018,4267.40155013854,44.4336947169538,772.568993283566,7.13155934930757,1.0000354,1,75,
4341,79.8125694402466,66.3865232787039,56.4629239419115,697.630628116871,14.4545555255175,56.908485393177,91.3311811325709,89.0311064918103,45.5342843980461,7.50218784524863,7.3692902760746,-0.930197200356885,1.68390827290949,3897.4874788239,43.7766937017953,727.276534764241,7.13473429882276,1.0000354,0.998983509760141,75,
4342,58.239971464078,44.555981651927,34.4417283125111,767.476464900975,15.0099357248399,53.0741864532329,90.2665585756882,72.1663203899282,46.1218138391953,7.52756709598665,7.36362909418844,-0.929269528693921,1.0649676787113,3219.89808638094,44.6177395353293,630.890778929559,7.1408048608396,1.0000354,0.954856129737897,75,
4343,56.3256203855324,43.5142117638576,34.0449097391414,743.07985454117,14.4193579440645,52.9537018399138,90.3843332816639,74.5742239950995,46.9181438328977,7.53347213378472,7.35538203663291,-1.05553456602561,0.755113072707265,3115.16064692925,41.7726190102087,623.382764548555,7.15287679073449,1.0000354,0.911996497391531,75,
4344,56.6634349446408,44.2549416951794,35.0834466847079,834.526069609761,15.6985924483043,53.1223445261253,90.1996339400969,78.8002955885564,50.4453297738687,7.51874710679441,7.32176257696739,-1.18565619348653,0.566126310895631,3188.17180740826,40.4588813226641,620.364023457061,7.14714821002528,1.0000354,0.920589376832408,75,
4345,74.8258993220011,64.376517165672,56.6530607892549,1464.39872237377,25.3025065087315,56.7496540801536,93.6459821395051,114.980650102003,53.8013943877251,7.6366661744296,7.28958194772107,-1.45806451482157,0.412909471485905,3917.5107246696,34.0710434424771,617.034000925692,7.18216111006559,1.0000354,0.988955980733151,75,
4346,94.6505638664505,84.9853512665513,77.8414984753214,1788.39855163799,30.8505321758904,82.4805658604549,98.4048322036179,144.023112363977,50.8998777484312,7.72519256870905,7.30707006505546,-1.51908868989651,0.690942195408945,4538.77260560612,31.5141960974685,600.515642724667,7.25785289849135,1.0000354,1,75,
4347,63.9676511716017,51.0335930952438,41.4736371257619,616.752924812721,13.6321199086617,99.8825571726793,98.829035665391,76.19422018621,51.9881141642422,7.45382836380452,7.28991973067773,-0.905787466512,0.938416471267817,3213.30283346594,42.1725273336086,515.696199732991,7.25537813286392,1.0000354,0.994033867147361,75,
4348,59.1900046661707,46.6843844396121,37.4410999243297,1212.27027251709,21.6381056553206,61.0376385963206,93.6747142227806,75.8398440537441,67.5286877090612,7.54414037107434,7.16785423672719,-1.06029819359132,0.69452610078393,3092.41298933613,40.7755715734949,511.195852223902,7.1831179805748,1.0000354,0.984533599232519,75,
4349,57.2526876459579,45.0337787061406,36.0024112288843,1382.40897201997,24.9532349073465,57.6987100615058,93.6444506470261,76.0724807148251,74.0564988312843,7.60582236983009,7.11721862252344,-1.09457702731828,0.552306999898045,3030.78290360593,39.8407265692769,473.426682282445,7.19039652422582,1.0000354,0.988892261699055,75,
4350,59.1731235226405,47.0934413956949,38.1649806931699,0,18.9315711756465,68.8984737098656,87.5818309238937,76.5265244627522,88.8341382189795,7.06655882659003,7.02515896224059,-1.11150278748497,0.560864348300225,3014.13234610069,39.3867664481191,540.153199658162,7.06783412771071,1.0000354,1,75,
4350.23797137133,5.57035369320172,5.57035369320172,5.57035369320172,0,7.82305323747408,42.1530869799775,91.9361760223475,0,13.9483273683256,7.84257436707459,7.82812654586151,3.44739563210385,0.567418129245659,0,0,3.77042034685936,7.04754997246218,0.0142240041840729,0.372670850364876,75,
