4320,127.878788525467,107.289646371114,92.0715847787666,524.14427195731,11.8288175073993,93.2004228678703,97.9676878124623,76.7321353048354,41.4451798090088,7.44450521318931,7.3709920465212,2.97133846701947,7.59227565476252,5151.2230780113,67.1325391577717,750.115833960012,7.10103870132344,1.0000354,1,0,
4321,129.919914138168,109.814380593969,94.9537688439089,519.740880722057,11.8567363824189,93.2107290403269,97.9942396916461,77.2919465609195,41.5605039871654,7.44406321424131,7.36955463301796,2.73751138622742,7.59182638267758,5066.9272542875,65.5556947358531,758.987860908229,7.10159427264215,1.0000354,1,150,
4322,129.598072845214,109.699020931024,94.9910260379279,524.869813913351,11.9845512948432,89.4980775276225,97.5836248518984,77.5610070140119,41.5725905395991,7.44290520781667,7.36920507260224,2.3172311304568,7.37415129927483,5032.34776572234,64.8824449225267,763.732683783372,7.10161479875479,1.0000354,1,150,
4323,126.918402945911,107.440037517309,93.0429848092122,525.774027380932,12.0604616049326,87.5654949164976,97.3745639351456,77.1619817788299,41.658889772811,7.44374425959273,7.36808791365765,1.94732811165803,7.07538271414801,4900.61634533545,63.5107631032875,758.201083571198,7.10275478677806,1.0000354,1,150,
4324,124.716489476781,105.621901046947,91.5085095988084,533.051469957044,12.2052910904073,84.2919954355204,96.9843736732318,78.12311894186,41.621082817296,7.44728381973057,7.36826925872144,1.50118643126533,6.66980238203874,4863.90066826303,62.2594276078863,756.456527692242,7.10365864365901,1.0000354,1,150,
4325,122.968621602029,104.573577116773,90.9772398885405,542.199075127968,12.3736337424458,81.4175212254406,96.6103869559392,79.2528451842024,41.5237599826492,7.44979593095447,7.36907721765521,1.09397048675872,6.25735984723514,4753.46747356099,59.9785088158388,754.705332470428,7.10646254746648,1.0000354,1,150,
4326,121.761897138334,103.754603972895,90.4448655462656,542.852489074812,12.4512434551921,80.0726673814086,96.4568799650324,80.5141760028099,41.4399168949591,7.4522244176498,7.36975028543517,0.709983341795033,5.87195898211687,4727.32661862702,58.7142147298637,755.050364348532,7.1091226444504,1.0000354,1,150,
4327,119.738770890642,102.736462103592,90.1695382175119,559.889790024265,12.7153854360043,76.3688489749013,95.9006784956034,82.2505346067469,41.3170335562366,7.45641442512921,7.37083886778895,0.215199154671651,5.33681163962887,4559.75439361046,55.4373830566742,759.943296884611,7.11286032046444,1.0000354,1,150,
4328,115.958526653883,100.056890885508,88.3035079262749,595.843946099494,13.2075459530337,70.0445755437094,94.7534752737303,84.5365823240719,41.2013624070719,7.46550628039917,7.37185765641125,-0.325596751421328,4.60199749797431,4383.09929530166,51.8485509444775,757.886639012288,7.11914544065581,1.0000354,1,150,
4329,111.10080843706,95.980028514059,84.8037998753191,616.145438619539,13.5318500457286,65.4917767071849,93.8179610376589,87.7573504821738,40.9566818400831,7.47592532831853,7.37424836854589,-0.726781802282883,3.91105762389479,4326.65749338151,49.3025082185041,761.637270121956,7.12878968192365,1.0000354,1,150,
4330,94.566042087264,80.3159342668822,69.7832458779044,669.233995776434,14.2630151070429,57.9415466433263,91.6787795209394,89.3134236846471,41.1498513815035,7.48745271131733,7.37201966600641,-1.16626981980605,2.68010250604683,4149.82430256851,46.4636124265143,744.377228652749,7.13893682078083,1.0000354,1,150,
4331,46.3765742070024,33.2179577251926,23.4920238038549,709.337885884032,13.7024932894486,52.264821498173,90.0433589811018,69.811561608966,41.3535001145183,7.51866475071525,7.3697084946739,-1.31895239432423,0.61140653455037,2995.24535798022,42.9047179141677,493.61220137794,7.14154700446172,1.0000354,0.849424639122845,150,
4332,42.0968632905053,30.2736243048638,21.5347085328679,610.855200085397,10.38862194339,49.2252161277548,87.8922896898349,73.324625693207,42.2145070518885,7.48801638746085,7.36056235837139,-1.45308938330537,0.0677722348405898,2826.70927908442,38.5506131447773,448.443164873617,7.12785176565952,1.0000354,0.567366894834251,150,
4333,40.8127729651982,29.5720837838042,21.2637483019043,575.374766667638,9.56157299060744,49.9123215819855,87.3611462651362,77.1687744080727,46.0652802954937,7.44674604168445,7.32183906652268,-1.44651499033393,-0.160228641846262,2828.32533496601,36.6511630728988,433.01107388894,7.10108067995181,1.0000354,0.506885979080581,150,
4334,43.1576296728641,32.0923075836979,23.9135912569229,845.951202512397,14.1359541737049,51.8272593869721,88.7095933572815,86.507763881788,53.5974207747048,7.45307013011508,7.25365867369843,-1.42017271325691,-0.206436752753614,3121.14516162073,36.0793646901536,464.748981309122,7.07398450725602,1.0000354,0.617826359844342,150,
4335,66.3220477459956,56.7013404818876,49.5903829388512,1795.87649023577,32.6243388001371,59.1871263704129,94.9989383244239,149.016481178928,58.6633138840722,7.66235370616184,7.20900565938846,-1.68969491394958,-0.216142888976268,4674.51035195472,31.3690829025946,520.638746132374,7.13193792034189,1.0000354,0.992830552789634,150,
4336,46.0717106037446,34.030868674022,25.1311159433575,1213.74348289689,22.5460846966042,69.9133180173813,95.8883360922719,84.7373338261898,66.7352749679817,7.53212026838243,7.14505948553542,-1.19438783258795,0.135524338197293,3326.7983087869,39.2601248891157,415.05115302522,7.16013723297291,1.0000354,0.959474144919862,150,
4337,44.4047390254845,32.5283098601221,23.7500796074629,1693.76576263046,30.9228385812731,54.0963244815364,93.5993654126157,85.8671992447396,82.3316823450793,7.64611956198155,7.04348808871978,-1.23854136981312,0.0644700842037316,3325.1251987523,38.7240439655542,391.895716671264,7.17453378185326,1.0000354,0.950288106786488,150,
4338,46.2185883942045,34.6061089180493,26.0229719139345,1000.85009821403,33.379216733613,55.0815705097166,93.0986201736088,88.8244283845454,84.7514596668776,7.58449935563673,7.01669180281686,-1.33189735674339,-0.0137659696020047,3363.19619090201,37.8634149644263,391.148717847587,7.20024594824439,1.0000354,0.953210179265889,150,
4339,47.1469758976225,35.8474014621036,27.4955420967202,0,18.0226744745614,50.1396177408419,69.5569334627345,90.5578688793548,105.871513756565,6.93201302211346,6.90157506461337,-1.36279019260136,-0.0747202978747694,3336.43833652679,36.8431631377251,515.55027403096,7.05468847792197,1.0000354,0.961298805646409,150,
4340,93.950769644042,86.0178894533355,80.1544562689002,0,0,17.6755650559001,10.2929257096297,202,146.634442954055,6.72017630098393,6.73463335199898,-1.79741458065858,0.691388704492396,5224.88921495134,25.8657881928284,1303.19136797119,6.75316618819592,0.438778117344908,0.0699064883730663,150,
4341,3.7659833111833,3.7659833111833,3.7659833111833,0,0,5.03186118521737,5.12972147879292,0,19.3484066143733,7.63868979390612,7.5923716208346,2.38445757726437,4.5316347279238,0,0,4.26800856410921,6.6820295737452,0.000822016900292124,0,150,
4342,8.49685287296767E-10,8.49685287296767E-10,8.49685287296767E-10,0,0,0.328353922855903,2.15171398296266,0,0.0814053828200355,9.99812208793932,9.96860979024311,-0.00210433946896638,4.50045870092319,0,0,1.39121674014503E-08,6.68319748358013,0,0,150,
4343,3.18562297233768E-13,3.18562297233768E-13,3.18562297233768E-13,0,0,0.049712442431714,2.77409931849186,0,0.000546850164525565,12.1710513268934,12.141610947406,-0.00104946488044888,4.46529348143198,0,0,5.25122155139927E-12,6.68173178231648,0,0,150,
4344,1.59281148616884E-13,1.59281148616884E-13,1.59281148616884E-13,0,0,0.00848480636875355,4.64394195537116,0,3.68213767790801E-06,14.3431077106432,14.3136678143074,0.00472626641885077,4.44929387915854,0,0,0,6.68003388151998,0,0,150,
4345,1.59281148616884E-13,1.59281148616884E-13,1.59281148616884E-13,0,0,0.00121551180589552,5.26805778289859,0,2.47866694410773E-08,16.5153989444191,16.4859590513366,0.627500402568029,4.44121484046222,0,0,0,6.67822066162851,0,0,150,
4346,1.59281148616884E-13,1.59281148616884E-13,1.59281148616884E-13,0,0,0.000140872180388253,3.75008147430066,0,1.66962749061508E-10,18.6871237110156,18.657683817955,-8.92184905452176E-05,4.43794121215515,0,0,2.67768468735144E-12,6.67662280606702,0,0,150,
4347,1.59281148616884E-13,1.59281148616884E-13,1.59281148616884E-13,0,0,2.23625622224566E-05,5.33491508809913,0,1.12401977930278E-12,20.8593425681086,20.8299026750482,0.506160313870137,4.43673691160284,0,0,0,6.67488148083572,0,0,150,
4348,1.59281148616884E-13,1.59281148616884E-13,1.59281148616884E-13,0,0,3.02457864323506E-06,5.33502513382889,0,7.57085290539739E-15,23.0311284490177,23.0016885559572,0.425782304861643,4.43629387418863,0,0,0,6.67332757755329,0,0,150,
4349,1.59281148616884E-13,1.59281148616884E-13,1.59281148616884E-13,0,0,1.16454719838E-07,0.312666688068387,0,5.09676775480288E-17,25.2033559673601,25.1739160742996,0.200280091515506,4.43613088983228,0,0,2.72626957869435E-12,6.67166618912284,0,0,150,
4350,1.59281148616884E-13,1.59281148616884E-13,1.59281148616884E-13,0,0,2.27088228094201E-08,0.722881489736088,0,3.4322109839139E-19,27.3753252931002,27.3458854000398,0.000645591902904918,4.43607093123834,0,0,2.74168812083058E-12,6.67012592986702,0,0,150,
4351,1.59281148616884E-13,1.59281148616884E-13,1.59281148616884E-13,0,0,4.99091169182236E-09,2.17697548455705,0,2.31164147217647E-21,29.5471598825311,29.5177199894706,1.63233919092676E-06,4.43604887370431,0,0,2.75673973677474E-12,6.66866454057347,0,0,150,
4352,1.59281148616884E-13,1.59281148616884E-13,1.59281148616884E-13,0,0,9.79466491110215E-10,4.97829480301682,0,1.55752978746334E-23,31.7186557053551,31.6892158122947,-2.39511003030657E-07,4.43604075919102,0,0,2.77143878690666E-12,6.66734671788422,0,0,150,
4353,1.59281148616884E-13,1.59281148616884E-13,1.59281148616884E-13,0,0,1.3785437924379E-10,5.42696711909302,0,1.04983565275068E-25,33.8898133832287,33.8603734901683,0.189252878606268,4.4360377740284,0,0,0,6.6661671117816,0,0,150,
4354,1.59281148616884E-13,1.59281148616884E-13,1.59281148616884E-13,0,0,8.92325661027491E-12,1.04250750322674,0,7.07527588583052E-28,36.0610968501705,36.03165695711,-1.14305951370852E-08,4.43603667584845,0,0,2.79984498199543E-12,6.66499183574773,0,0,150,
4355,1.59281148616884E-13,1.59281148616884E-13,1.59281148616884E-13,0,0,2.0762311836209E-12,3.5411250565541,0,4.76664171403332E-30,38.2326861799448,38.2032462868843,1.80060860444087E-06,4.43603627185062,0,0,2.8135614292065E-12,6.66374350367957,0,0,150,
4356,1.59281148616884E-13,1.59281148616884E-13,1.59281148616884E-13,0,0,3.37806302404761E-13,5.31553348664294,0,3.21297026119905E-32,40.4038253774445,40.3743854843841,0.0141059003758026,4.43603612322812,0,0,0,6.66266866190575,0,0,150,
4357,1.59281148616884E-13,1.59281148616884E-13,1.59281148616884E-13,0,0,4.66903381776259E-14,5.56918508191953,0,2.16621787485089E-34,42.5747621093138,42.5453222162534,0.241321302569777,4.43603606855296,0,0,0,6.66167882935122,0,0,150,
4358,1.59281148616884E-13,1.59281148616884E-13,1.59281148616884E-13,0,0,6.20154192121429E-15,5.35807831619866,0,1.45942937420844E-36,44.7463278036335,44.716887910573,0.0128566495845899,4.4360360484391,0,0,0,6.6605337044719,0,0,150,
4359,1.59281148616884E-13,1.59281148616884E-13,1.59281148616884E-13,0,0,8.46341695540733E-16,5.46360869409851,0,9.83750278357819E-39,46.9174518240698,46.8880119310093,0.051468721913527,4.43603604103962,0,0,0,6.65954455287424,0,0,150,
4360,1.59281148616884E-13,1.59281148616884E-13,1.59281148616884E-13,0,0,2.00773607056443E-17,0.10528501814707,0,6.63363446362863E-41,49.0882460776116,49.0588061845512,0.000114046400400358,4.4360360383175,0,0,2.87787882582952E-12,6.65867900153454,0,0,150,
