4320,113.798133118011,91.8032089469351,75.5460910813571,502.094760748537,11.5691699542839,91.3707396909168,97.7881813139628,72.0549189575981,43.2282428900727,7.45441117166808,7.38829356815823,3.29363053780837,6.9632665258738,5167.5052295818,71.7162034783871,749.821932941738,7.09070467637502,1.0000354,1,0,
4321,113.66536778689,91.5451288297043,75.1953869917847,499.090597701575,11.5732927220034,91.2540499567778,97.7893145707393,71.6868392910106,43.23980887727,7.45431312258182,7.38805271335279,3.21861531307146,6.94398894533728,5170.39911333705,72.1248023273557,753.012865381373,7.09068692023733,1.0000354,1,75,
4322,113.246355227464,91.1979728445557,74.9013423876237,498.298649885962,11.6023376614381,90.8231120031348,97.7507748034818,71.8659616040747,43.2390743626336,7.45384332963838,7.3879399414775,3.1095446164803,6.90715565176995,5166.48050481768,71.8905082392267,753.701288932335,7.09090121299825,1.0000354,1,75,
4323,112.798499990942,90.8852311550653,74.6884672328953,494.983988992472,11.5972875418312,91.0376290161443,97.7891501003859,72.0315582311141,43.2440773780331,7.45378485700708,7.38777366220291,2.94012830690616,6.84210427137714,5146.65193628611,71.4499597492118,754.065376939233,7.09114422840057,1.0000354,1,75,
4324,112.673413894575,90.7430985732902,74.5337350749496,500.174275046062,11.6973962696886,89.1082201387482,97.5699761649576,72.2272456707319,43.2130400423076,7.45347126850528,7.38797281529242,2.73738471788259,6.73625593227371,5164.64828916859,71.5055411736602,755.695124370621,7.09135601138797,1.0000354,1,75,
4325,111.83632585111,90.2450842726708,74.2863404973028,503.833711054756,11.7756686946119,87.4802853078676,97.3877257158027,72.4559368603529,43.2312827205421,7.45505554712969,7.38767998175094,2.51512965003904,6.58913856393078,5100.89536158942,70.3999642074959,751.536796222787,7.09217976519125,1.0000354,1,75,
4326,110.525824587267,89.0660322745215,73.2044466520572,511.579625142744,11.8987146522474,85.2437106048521,97.1145014759102,72.6820740174877,43.1995736065171,7.45684241431621,7.3878906785885,2.22156584225387,6.34911994632952,5085.66381366072,69.9713633988633,750.177814840372,7.09318781285763,1.0000354,1,75,
4327,107.932763984878,86.9608214742152,71.4598204880734,520.861163027653,12.0304881007636,82.4584936169605,96.7568213254562,72.9763206473024,43.0585059913004,7.4609760291659,7.38920335533346,1.87242339353098,5.93212212347606,4990.1711764975,68.3806902325921,742.871943637387,7.09601637087639,1.0000354,1,75,
4328,105.734943026785,85.3087439724515,70.211118584466,528.089203369858,12.1379026646436,80.193206080637,96.453659779785,73.6409538662781,42.8243159094204,7.46523414679294,7.39146292386637,1.58527961415499,5.51736118577092,4904.57959282114,66.6012501919405,740.064138051194,7.09968030230763,1.0000354,1,75,
4329,102.652846251684,83.0418419909746,68.5467518852329,524.421303907085,12.1291436658476,79.6693439517641,96.4185954287656,74.3480482380411,42.5940556367573,7.46895784183359,7.39369388345205,1.28604167377618,5.02456527722162,4754.05528443195,63.9432425880345,731.544440860106,7.10354153052002,1.0000354,1,75,
4330,99.6944298475196,80.6457365798107,66.5662676428084,519.873248120873,12.1108287450594,79.539054382264,96.4331333758787,75.1852895736479,42.3798677919414,7.47087880364104,7.39577059591995,1.01957537944842,4.5087534376471,4669.74200317942,62.1097827734661,723.760674417378,7.1059303478465,1.0000354,1,75,
4331,97.0192930345472,78.6880265422521,65.1388295696861,506.646166451143,11.9979594801589,81.0089024038121,96.6848313159948,76.159073721738,42.2608690779085,7.47093992389776,7.39687743289344,0.80361291648306,4.10149321474211,4552.07014926624,59.7705555860372,715.871825543137,7.10705859013862,1.0000354,1,75,
4332,96.2137941901387,78.3387468816306,65.1267553927334,505.49892025855,12.0155796034049,80.7820501032558,96.6745321155066,77.9737631012735,42.2281420251668,7.47169450160309,7.39709926406544,0.616116264882344,3.84937132828413,4544.5461270129,58.2830165720022,714.963115610852,7.10729308528635,1.0000354,1,75,
4333,94.7898389274478,77.5269040078006,64.7673434150179,507.76967394132,12.0705194261333,80.0861328094383,96.5916277520186,79.5160739663358,42.2512400406909,7.47246617343544,7.39674739137516,0.388251216010708,3.5748435872441,4475.73519741754,56.287175336554,718.409529096577,7.10776423842786,1.0000354,1,75,
4334,91.4723281242868,74.6300007483068,62.1813239921476,518.515905852813,12.2196811739137,77.8784514838884,96.2828260473275,80.8169646244122,42.2842282014497,7.4760065066306,7.39629552268658,0.172839685403479,3.22399945991447,4438.12429891867,54.9157509137389,707.631156272586,7.1099806572081,1.0000354,1,75,
4335,87.8219568044974,71.5200789315497,59.4708648515449,526.392324676593,12.3373039032501,76.3560779137516,96.060546717792,82.6678131671237,42.31403862644,7.47823249534513,7.39588227798642,-0.0240151079811302,2.86225315685666,4394.0895782578,53.1535722297937,696.037192844471,7.11216764633871,1.0000354,1,75,
4336,83.0179474174921,67.3985800112024,55.8538301891621,542.72379599709,12.5496146083998,74.0275152850072,95.6687397771985,84.6676616352425,42.5305045127431,7.48000134094366,7.39356891506596,-0.223112956817916,2.46303868333587,4311.97096607206,50.9281924502474,695.09201447519,7.11343871152666,1.0000354,1,75,
4337,77.5845328813391,62.4698247138599,51.2980838944187,561.488021148018,12.7880715293152,71.521082352753,95.2109057232699,86.7367075349495,42.9205643740811,7.48255563101015,7.38951938577726,-0.410904446946816,2.03533553242725,4274.62007107659,49.2827107756446,673.246887800742,7.11421461029071,1.0000354,0.999738425961108,75,
4338,60.3060719395656,45.4134475006585,34.405855524075,521.576822530362,12.2787655827319,75.4894060869247,96.0097354773559,73.4282273953184,43.5710538429146,7.48372522552962,7.38291888569297,-0.485071946648267,1.44190424203885,3565.57112069103,48.5585890763089,591.697404775236,7.11334670913656,1.0000354,0.989946918964784,75,
4339,46.8454922455121,31.8010263614654,20.6812037515178,489.446448094886,9.76687451198013,63.9890219612407,93.1855670232617,59.7804743477828,44.781032174839,7.4683521220209,7.3709652436141,-0.318585104715595,1.18300860414217,2932.45227154734,49.0536802114904,466.541399349531,7.09276005885742,1.0000354,0.715885833921869,75,
4340,45.1266250610646,30.5018702317163,19.6922688361111,555.692035277571,9.54388653504355,53.2772669834008,88.7402935974904,61.2868098105273,47.2529435797845,7.4539741192673,7.34744070318821,-0.501342493871953,1.0233512756229,2922.47248772193,47.685178862417,452.463708712973,7.06794486339491,1.0000354,0.582428490991924,75,
4341,43.8820911902897,29.7852134668843,19.3657821061065,623.736077382031,9.82224456026206,49.7894332338156,86.5585888467238,64.3251421276673,50.6107861606374,7.44329917637503,7.31685650964002,-0.711675928870301,0.810614252220596,2956.64041344169,45.9639934813295,446.544202818898,7.04890812232141,1.0000354,0.504690692691109,75,
4342,43.1194370879065,29.5103536301364,19.451465857002,739.904657404768,11.2838108604794,49.3036575062724,86.2017707551747,68.9351018004948,55.2231839033591,7.43927645561867,7.27716311445165,-0.910210266929931,0.603366269374002,3058.89183598278,44.3735013960742,446.778858016538,7.0349478780649,1.0000354,0.499665733616861,75,
4343,49.8438118813376,37.3453830586615,28.1074139288575,1403.85451669966,22.5891289494817,47.1124449242835,88.2594545975998,92.6609585046243,58.9181422800648,7.56432486812648,7.24565543885414,-1.24197023955363,0.312750605293483,3776.13081792873,40.7521234279082,551.349568722142,7.05766789098352,1.0000354,0.780306288265075,75,
4344,57.1697656682644,46.7484491952274,39.0457370195044,2032.53992151334,34.4901725300138,46.1698070591115,91.3817210202486,132.030050886139,54.9499927116122,7.72564570087444,7.2704330037403,-1.63552105244654,-0.236157918449261,4486.31947701642,33.9795330449837,573.079336330592,7.18109978394969,1.0000354,0.949630154135436,75,
4345,38.3092208574579,26.533332946699,17.8294157952684,638.668352602326,12.1715862773635,83.5501402918068,97.1073563184834,73.1182575294774,54.2986254544041,7.44502643499882,7.26868914606855,-1.22250712252704,-0.128455194527605,2807.46478918489,38.3962211907616,398.409267690873,7.21347176140275,1.0000354,0.766352708143297,75,
4346,36.5456095928757,24.6849004005276,15.9182892583573,1238.75864552294,19.6720233126446,60.7376576696597,93.4634851773597,71.5109532712168,76.3739965352124,7.53302511815555,7.11230615238922,-1.24264939573646,-0.111918635228263,2765.52791697855,38.6727877404996,372.346847384163,7.14650607430672,1.0000354,0.684580098766768,75,
4347,36.1992185989441,24.3731936095333,15.63221861736,0,21.3802466859885,76.9139858733373,93.0110146586118,70.5095715882558,82.5596643392993,7.18085128272252,7.06782175403785,-1.23305581128693,-0.135649975901297,2718.82772536009,38.55969713214,368.482086265278,7.10345298833226,1.0000354,0.699763529955669,75,
4348,44.8840461302913,33.3477513136859,24.820924710108,0,8.90938811412262,37.7677499442584,49.9094882454669,105.050309298393,118.037653214247,6.92452526832577,6.89906627826981,-1.36521599880586,-0.136505919257556,3951.46830967597,37.6150088092736,501.575749720135,6.91375175168499,0.847293860161171,0.340412961170871,75,
4348.65132677954,73.5734623746234,65.4893819632192,59.5141920939204,0,0,21.1889107575115,16.7050428524209,190.788594277235,134.130620079687,6.82481203854865,6.8305455971175,-2.01936610946689,-0.481820256259433,5028.95621709175,26.3587885646046,1022.77412045154,6.75793350112595,0.533360517008678,0.0674502058866749,75,
